variables="x","y","mut"
zone, t="CFL3D"
 7.500000000E-01 5.000000075E-02 0.000000000E+00
 7.500000000E-01 5.000049621E-02 7.827052784E-09
 7.500000000E-01 5.000099167E-02 6.745339931E-08
 7.500000000E-01 5.000148714E-02 2.895190221E-07
 7.500000000E-01 5.000198260E-02 8.590969856E-07
 7.500000000E-01 5.000247806E-02 2.037378636E-06
 7.500000000E-01 5.000297725E-02 4.163779522E-06
 7.500000000E-01 5.000347644E-02 7.658667528E-06
 7.500000000E-01 5.000397563E-02 1.302673627E-05
 7.500000000E-01 5.000447854E-02 2.086102904E-05
 7.500000000E-01 5.000498146E-02 3.184766319E-05
 7.500000000E-01 5.000548810E-02 4.677125253E-05
 7.500000000E-01 5.000599846E-02 6.652110460E-05
 7.500000000E-01 5.000650883E-02 9.209816199E-05
 7.500000000E-01 5.000702292E-02 1.246228348E-04
 7.500000000E-01 5.000753701E-02 1.653436484E-04
 7.500000000E-01 5.000805855E-02 2.156468690E-04
 7.500000000E-01 5.000858009E-02 2.770670690E-04
 7.500000000E-01 5.000910535E-02 3.512988333E-04
 7.500000000E-01 5.000963807E-02 4.402095219E-04
 7.500000000E-01 5.001017079E-02 5.458531086E-04
 7.500000000E-01 5.001070723E-02 6.704856642E-04
 7.500000000E-01 5.001125112E-02 8.165818290E-04
 7.500000000E-01 5.001179874E-02 9.868529160E-04
 7.500000000E-01 5.001235008E-02 1.184266410E-03
 7.500000000E-01 5.001290515E-02 1.412067795E-03
 7.500000000E-01 5.001346767E-02 1.673803083E-03
 7.500000000E-01 5.001403391E-02 1.973344246E-03
 7.500000000E-01 5.001460761E-02 2.314915648E-03
 7.500000000E-01 5.001518503E-02 2.703124890E-03
 7.500000000E-01 5.001576990E-02 3.142992035E-03
 7.500000000E-01 5.001636222E-02 3.639986273E-03
 7.500000000E-01 5.001696199E-02 4.200060852E-03
 7.500000000E-01 5.001756549E-02 4.829693120E-03
 7.500000000E-01 5.001818016E-02 5.535928067E-03
 7.500000000E-01 5.001879856E-02 6.326422561E-03
 7.500000000E-01 5.001942441E-02 7.209496573E-03
 7.500000000E-01 5.002006143E-02 8.194183931E-03
 7.500000000E-01 5.002070591E-02 9.290290065E-03
 7.500000000E-01 5.002135783E-02 1.050845347E-02
 7.500000000E-01 5.002201721E-02 1.186020952E-02
 7.500000000E-01 5.002268776E-02 1.335805841E-02
 7.500000000E-01 5.002336577E-02 1.501554251E-02
 7.500000000E-01 5.002405494E-02 1.684732363E-02
 7.500000000E-01 5.002475157E-02 1.886926405E-02
 7.500000000E-01 5.002545938E-02 2.109852247E-02
 7.500000000E-01 5.002617836E-02 2.355364151E-02
 7.500000000E-01 5.002690852E-02 2.625465021E-02
 7.500000000E-01 5.002764612E-02 2.922317199E-02
 7.500000000E-01 5.002839863E-02 3.248253465E-02
 7.500000000E-01 5.002916232E-02 3.605788574E-02
 7.500000000E-01 5.002993718E-02 3.997631744E-02
 7.500000000E-01 5.003072321E-02 4.426699877E-02
 7.500000000E-01 5.003152043E-02 4.896129668E-02
 7.500000000E-01 5.003233254E-02 5.409293622E-02
 7.500000000E-01 5.003315955E-02 5.969812348E-02
 7.500000000E-01 5.003399774E-02 6.581571698E-02
 7.500000000E-01 5.003485084E-02 7.248734683E-02
 7.500000000E-01 5.003571883E-02 7.975762337E-02
 7.500000000E-01 5.003659800E-02 8.767423034E-02
 7.500000000E-01 5.003749579E-02 9.628814459E-02
 7.500000000E-01 5.003840849E-02 1.056537554E-01
 7.500000000E-01 5.003933236E-02 1.158290356E-01
 7.500000000E-01 5.004027858E-02 1.268756986E-01
 7.500000000E-01 5.004123598E-02 1.388593614E-01
 7.500000000E-01 5.004221201E-02 1.518496424E-01
 7.500000000E-01 5.004320666E-02 1.659203321E-01
 7.500000000E-01 5.004421622E-02 1.811495274E-01
 7.500000000E-01 5.004524812E-02 1.976196766E-01
 7.500000000E-01 5.004629493E-02 2.154177129E-01
 7.500000000E-01 5.004736036E-02 2.346351147E-01
 7.500000000E-01 5.004844442E-02 2.553679049E-01
 7.500000000E-01 5.004955083E-02 2.777167559E-01
 7.500000000E-01 5.005067587E-02 3.017868400E-01
 7.500000000E-01 5.005182326E-02 3.276877999E-01
 7.500000000E-01 5.005298927E-02 3.555337489E-01
 7.500000000E-01 5.005417764E-02 3.854430020E-01
 7.500000000E-01 5.005538836E-02 4.175379574E-01
 7.500000000E-01 5.005662143E-02 4.519447386E-01
 7.500000000E-01 5.005787686E-02 4.887931049E-01
 7.500000000E-01 5.005915835E-02 5.282158256E-01
 7.500000000E-01 5.006046221E-02 5.703485012E-01
 7.500000000E-01 5.006178841E-02 6.153289676E-01
 7.500000000E-01 5.006314442E-02 6.632967591E-01
 7.500000000E-01 5.006452277E-02 7.143926024E-01
 7.500000000E-01 5.006592721E-02 7.687576413E-01
 7.500000000E-01 5.006736144E-02 8.265329599E-01
 7.500000000E-01 5.006882176E-02 8.878585696E-01
 7.500000000E-01 5.007030815E-02 9.528727531E-01
 7.500000000E-01 5.007182434E-02 1.021711230E+00
 7.500000000E-01 5.007337034E-02 1.094506502E+00
 7.500000000E-01 5.007494614E-02 1.171386480E+00
 7.500000000E-01 5.007655174E-02 1.252474070E+00
 7.500000000E-01 5.007818714E-02 1.337886214E+00
 7.500000000E-01 5.007985607E-02 1.427732825E+00
 7.500000000E-01 5.008155853E-02 1.522116184E+00
 7.500000000E-01 5.008329079E-02 1.621129870E+00
 7.500000000E-01 5.008506030E-02 1.724858403E+00
 7.500000000E-01 5.008686334E-02 1.833376050E+00
 7.500000000E-01 5.008869991E-02 1.946746707E+00
 7.500000000E-01 5.009057745E-02 2.065023184E+00
 7.500000000E-01 5.009248853E-02 2.188246727E+00
 7.500000000E-01 5.009443685E-02 2.316446304E+00
 7.500000000E-01 5.009642243E-02 2.449639320E+00
 7.500000000E-01 5.009844899E-02 2.587831259E+00
 7.500000000E-01 5.010051653E-02 2.731014490E+00
 7.500000000E-01 5.010262504E-02 2.879170179E+00
 7.500000000E-01 5.010477081E-02 3.032267332E+00
 7.500000000E-01 5.010696501E-02 3.190264225E+00
 7.500000000E-01 5.010920018E-02 3.353107452E+00
 7.500000000E-01 5.011148006E-02 3.520733833E+00
 7.500000000E-01 5.011380464E-02 3.693070412E+00
 7.500000000E-01 5.011617392E-02 3.870035887E+00
 7.500000000E-01 5.011859536E-02 4.051540375E+00
 7.500000000E-01 5.012106150E-02 4.237486839E+00
 7.500000000E-01 5.012357607E-02 4.427772999E+00
 7.500000000E-01 5.012614280E-02 4.622291088E+00
 7.500000000E-01 5.012876168E-02 4.820929050E+00
 7.500000000E-01 5.013142899E-02 5.023571491E+00
 7.500000000E-01 5.013415590E-02 5.230101109E+00
 7.500000000E-01 5.013693124E-02 5.440399647E+00
 7.500000000E-01 5.013976619E-02 5.654348373E+00
 7.500000000E-01 5.014265701E-02 5.871828556E+00
 7.500000000E-01 5.014560372E-02 6.092724800E+00
 7.500000000E-01 5.014861375E-02 6.316921234E+00
 7.500000000E-01 5.015167966E-02 6.544306755E+00
 7.500000000E-01 5.015481263E-02 6.774773598E+00
 7.500000000E-01 5.015800521E-02 7.008217812E+00
 7.500000000E-01 5.016126111E-02 7.244539261E+00
 7.500000000E-01 5.016458407E-02 7.483644009E+00
 7.500000000E-01 5.016797408E-02 7.725442410E+00
 7.500000000E-01 5.017143115E-02 7.969850540E+00
 7.500000000E-01 5.017495900E-02 8.216790199E+00
 7.500000000E-01 5.017855763E-02 8.466190338E+00
 7.500000000E-01 5.018223077E-02 8.717982292E+00
 7.500000000E-01 5.018597469E-02 8.972106934E+00
 7.500000000E-01 5.018979684E-02 9.228508949E+00
 7.500000000E-01 5.019369721E-02 9.487138748E+00
 7.500000000E-01 5.019767210E-02 9.747953415E+00
 7.500000000E-01 5.020173267E-02 1.001091385E+01
 7.500000000E-01 5.020587146E-02 1.027598763E+01
 7.500000000E-01 5.021009594E-02 1.054314423E+01
 7.500000000E-01 5.021440238E-02 1.081236267E+01
 7.500000000E-01 5.021880195E-02 1.108362198E+01
 7.500000000E-01 5.022328719E-02 1.135690784E+01
 7.500000000E-01 5.022786185E-02 1.163220692E+01
 7.500000000E-01 5.023252964E-02 1.190951347E+01
 7.500000000E-01 5.023729429E-02 1.218882084E+01
 7.500000000E-01 5.024215579E-02 1.247012806E+01
 7.500000000E-01 5.024711415E-02 1.275343609E+01
 7.500000000E-01 5.025217310E-02 1.303874683E+01
 7.500000000E-01 5.025733262E-02 1.332606602E+01
 7.500000000E-01 5.026260018E-02 1.361539936E+01
 7.500000000E-01 5.026797205E-02 1.390675640E+01
 7.500000000E-01 5.027345568E-02 1.420014572E+01
 7.500000000E-01 5.027904734E-02 1.449557781E+01
 7.500000000E-01 5.028475448E-02 1.479306316E+01
 7.500000000E-01 5.029057711E-02 1.509261417E+01
 7.500000000E-01 5.029651895E-02 1.539424324E+01
 7.500000000E-01 5.030258000E-02 1.569796085E+01
 7.500000000E-01 5.030876398E-02 1.600378036E+01
 7.500000000E-01 5.031507462E-02 1.631171227E+01
 7.500000000E-01 5.032151192E-02 1.662176895E+01
 7.500000000E-01 5.032807961E-02 1.693395996E+01
 7.500000000E-01 5.033478141E-02 1.724829674E+01
 7.500000000E-01 5.034162104E-02 1.756478882E+01
 7.500000000E-01 5.034859851E-02 1.788344193E+01
 7.500000000E-01 5.035571754E-02 1.820426559E+01
 7.500000000E-01 5.036298186E-02 1.852726364E+01
 7.500000000E-01 5.037039518E-02 1.885244370E+01
 7.500000000E-01 5.037795752E-02 1.917980766E+01
 7.500000000E-01 5.038567260E-02 1.950935555E+01
 7.500000000E-01 5.039354786E-02 1.984109116E+01
 7.500000000E-01 5.040157959E-02 2.017501259E+01
 7.500000000E-01 5.040977523E-02 2.051111412E+01
 7.500000000E-01 5.041813850E-02 2.084939575E+01
 7.500000000E-01 5.042667314E-02 2.118984795E+01
 7.500000000E-01 5.043537915E-02 2.153246498E+01
 7.500000000E-01 5.044426396E-02 2.187723541E+01
 7.500000000E-01 5.045332760E-02 2.222414970E+01
 7.500000000E-01 5.046257749E-02 2.257319069E+01
 7.500000000E-01 5.047201365E-02 2.292434692E+01
 7.500000000E-01 5.048164353E-02 2.327760124E+01
 7.500000000E-01 5.049146712E-02 2.363293076E+01
 7.500000000E-01 5.050149187E-02 2.399031830E+01
 7.500000000E-01 5.051172152E-02 2.434973717E+01
 7.500000000E-01 5.052215979E-02 2.471116638E+01
 7.500000000E-01 5.053281039E-02 2.507457542E+01
 7.500000000E-01 5.054367334E-02 2.543993759E+01
 7.500000000E-01 5.055476353E-02 2.580722237E+01
 7.500000000E-01 5.056607723E-02 2.617639542E+01
 7.500000000E-01 5.057761818E-02 2.654742432E+01
 7.500000000E-01 5.058939755E-02 2.692026901E+01
 7.500000000E-01 5.060141534E-02 2.729489517E+01
 7.500000000E-01 5.061367899E-02 2.767126083E+01
 7.500000000E-01 5.062619224E-02 2.804932404E+01
 7.500000000E-01 5.063895881E-02 2.842904282E+01
 7.500000000E-01 5.065198615E-02 2.881036949E+01
 7.500000000E-01 5.066527799E-02 2.919325829E+01
 7.500000000E-01 5.067883804E-02 2.957765961E+01
 7.500000000E-01 5.069267750E-02 2.996352386E+01
 7.500000000E-01 5.070680007E-02 3.035080147E+01
 7.500000000E-01 5.072120577E-02 3.073943710E+01
 7.500000000E-01 5.073590949E-02 3.112937546E+01
 7.500000000E-01 5.075091124E-02 3.152056503E+01
 7.500000000E-01 5.076621473E-02 3.191294479E+01
 7.500000000E-01 5.078183487E-02 3.230646133E+01
 7.500000000E-01 5.079777166E-02 3.270104980E+01
 7.500000000E-01 5.081402883E-02 3.309665680E+01
 7.500000000E-01 5.083062127E-02 3.349322128E+01
 7.500000000E-01 5.084755272E-02 3.389067841E+01
 7.500000000E-01 5.086482689E-02 3.428896713E+01
 7.500000000E-01 5.088245124E-02 3.468803024E+01
 7.500000000E-01 5.090043694E-02 3.508780289E+01
 7.500000000E-01 5.091878772E-02 3.548822403E+01
 7.500000000E-01 5.093751475E-02 3.588923264E+01
 7.500000000E-01 5.095662177E-02 3.629076004E+01
 7.500000000E-01 5.097611621E-02 3.669275665E+01
 7.500000000E-01 5.099600926E-02 3.709515381E+01
 7.500000000E-01 5.101630464E-02 3.749789429E+01
 7.500000000E-01 5.103701726E-02 3.790091705E+01
 7.500000000E-01 5.105815083E-02 3.830416870E+01
 7.500000000E-01 5.107971281E-02 3.870759201E+01
 7.500000000E-01 5.110171810E-02 3.911112976E+01
 7.500000000E-01 5.112416670E-02 3.951473236E+01
 7.500000000E-01 5.114707351E-02 3.991834641E+01
 7.500000000E-01 5.117044970E-02 4.032192993E+01
 7.500000000E-01 5.119429901E-02 4.072542953E+01
 7.500000000E-01 5.121863633E-02 4.112880707E+01
 7.500000000E-01 5.124346912E-02 4.153202057E+01
 7.500000000E-01 5.126880854E-02 4.193503189E+01
 7.500000000E-01 5.129466206E-02 4.233781052E+01
 7.500000000E-01 5.132104084E-02 4.274032593E+01
 7.500000000E-01 5.134795979E-02 4.314255142E+01
 7.500000000E-01 5.137542635E-02 4.354446411E+01
 7.500000000E-01 5.140345171E-02 4.394605255E+01
 7.500000000E-01 5.143205076E-02 4.434729385E+01
 7.500000000E-01 5.146122724E-02 4.474818802E+01
 7.500000000E-01 5.149100348E-02 4.514872360E+01
 7.500000000E-01 5.152138323E-02 4.554890823E+01
 7.500000000E-01 5.155238137E-02 4.594874573E+01
 7.500000000E-01 5.158401281E-02 4.634824371E+01
 7.500000000E-01 5.161628872E-02 4.674742508E+01
 7.500000000E-01 5.164922029E-02 4.714630127E+01
 7.500000000E-01 5.168282241E-02 4.754490662E+01
 7.500000000E-01 5.171710998E-02 4.794327164E+01
 7.500000000E-01 5.175209790E-02 4.834142685E+01
 7.500000000E-01 5.178779736E-02 4.873941803E+01
 7.500000000E-01 5.182422325E-02 4.913728333E+01
 7.500000000E-01 5.186139047E-02 4.953507996E+01
 7.500000000E-01 5.189931393E-02 4.993285370E+01
 7.500000000E-01 5.193801224E-02 5.033066177E+01
 7.500000000E-01 5.197750032E-02 5.072856522E+01
 7.500000000E-01 5.201778933E-02 5.112661743E+01
 7.500000000E-01 5.205890164E-02 5.152489090E+01
 7.500000000E-01 5.210085213E-02 5.192343521E+01
 7.500000000E-01 5.214365572E-02 5.232232285E+01
 7.500000000E-01 5.218733102E-02 5.272160339E+01
 7.500000000E-01 5.223189294E-02 5.312134552E+01
 7.500000000E-01 5.227736756E-02 5.352159500E+01
 7.500000000E-01 5.232376605E-02 5.392240143E+01
 7.500000000E-01 5.237111077E-02 5.432381058E+01
 7.500000000E-01 5.241942033E-02 5.472585297E+01
 7.500000000E-01 5.246871337E-02 5.512855911E+01
 7.500000000E-01 5.251901224E-02 5.553193665E+01
 7.500000000E-01 5.257033557E-02 5.593598938E+01
 7.500000000E-01 5.262270197E-02 5.634069824E+01
 7.500000000E-01 5.267613754E-02 5.674603271E+01
 7.500000000E-01 5.273066089E-02 5.715194321E+01
 7.500000000E-01 5.278629437E-02 5.755835724E+01
 7.500000000E-01 5.284306034E-02 5.796517563E+01
 7.500000000E-01 5.290098488E-02 5.837227249E+01
 7.500000000E-01 5.296008661E-02 5.877950287E+01
 7.500000000E-01 5.302039534E-02 5.918668365E+01
 7.500000000E-01 5.308193341E-02 5.959359360E+01
 7.500000000E-01 5.314472318E-02 5.999998856E+01
 7.500000000E-01 5.320879072E-02 6.040557098E+01
 7.500000000E-01 5.327416584E-02 6.081000900E+01
 7.500000000E-01 5.334087461E-02 6.121293259E+01
 7.500000000E-01 5.340893939E-02 6.161391830E+01
 7.500000000E-01 5.347838998E-02 6.201248932E+01
 7.500000000E-01 5.354925618E-02 6.240812302E+01
 7.500000000E-01 5.362156779E-02 6.280023575E+01
 7.500000000E-01 5.369535089E-02 6.318819427E+01
 7.500000000E-01 5.377063900E-02 6.357128525E+01
 7.500000000E-01 5.384745821E-02 6.394874573E+01
 7.500000000E-01 5.392584577E-02 6.431973267E+01
 7.500000000E-01 5.400582775E-02 6.468332672E+01
 7.500000000E-01 5.408744141E-02 6.503852844E+01
 7.500000000E-01 5.417071283E-02 6.538424683E+01
 7.500000000E-01 5.425568670E-02 6.571929932E+01
 7.500000000E-01 5.434238911E-02 6.604240417E+01
 7.500000000E-01 5.443085730E-02 6.635214996E+01
 7.500000000E-01 5.452112854E-02 6.664701843E+01
 7.500000000E-01 5.461324006E-02 6.692533112E+01
 7.500000000E-01 5.470722541E-02 6.718527222E+01
 7.500000000E-01 5.480312556E-02 6.742485809E+01
 7.500000000E-01 5.490098149E-02 6.764189911E+01
 7.500000000E-01 5.500083044E-02 6.783400726E+01
 7.500000000E-01 5.510271341E-02 6.799857330E+01
 7.500000000E-01 5.520667136E-02 6.813271332E+01
 7.500000000E-01 5.531274900E-02 6.823329926E+01
 7.500000000E-01 5.542098731E-02 6.829689026E+01
 7.500000000E-01 5.553143099E-02 6.831974792E+01
 7.500000000E-01 5.564412102E-02 6.829783630E+01
 7.500000000E-01 5.575910956E-02 6.822680664E+01
 7.500000000E-01 5.587644130E-02 6.810200500E+01
 7.500000000E-01 5.599616468E-02 6.791854095E+01
 7.500000000E-01 5.611832440E-02 6.767126465E+01
 7.500000000E-01 5.624297261E-02 6.735485840E+01
 7.500000000E-01 5.637016147E-02 6.696387482E+01
 7.500000000E-01 5.649994314E-02 6.649278259E+01
 7.500000000E-01 5.663236603E-02 6.593605042E+01
 7.500000000E-01 5.676748976E-02 6.528817749E+01
 7.500000000E-01 5.690536276E-02 6.454373169E+01
 7.500000000E-01 5.704604834E-02 6.369740677E+01
 7.500000000E-01 5.718959868E-02 6.274404907E+01
 7.500000000E-01 5.733607337E-02 6.167866898E+01
 7.500000000E-01 5.748553202E-02 6.049649048E+01
 7.500000000E-01 5.763803422E-02 5.919296265E+01
 7.500000000E-01 5.779364333E-02 5.776377869E+01
 7.500000000E-01 5.795242637E-02 5.620494080E+01
 7.500000000E-01 5.811443925E-02 5.451277924E+01
 7.500000000E-01 5.827975646E-02 5.268404007E+01
 7.500000000E-01 5.844844133E-02 5.071596527E+01
 7.500000000E-01 5.862056091E-02 4.860645294E+01
 7.500000000E-01 5.879618600E-02 4.635425949E+01
 7.500000000E-01 5.897539482E-02 4.395936584E+01
 7.500000000E-01 5.915825069E-02 4.142357635E+01
 7.500000000E-01 5.934483185E-02 3.875165939E+01
 7.500000000E-01 5.953521281E-02 3.595355988E+01
 7.500000000E-01 5.972947553E-02 3.304882812E+01
 7.500000000E-01 5.992769450E-02 3.006239510E+01
 7.500000000E-01 6.012995169E-02 2.700868988E+01
 7.500000000E-01 6.033632904E-02 2.389149094E+01
 7.500000000E-01 6.054691225E-02 2.071085167E+01
 7.500000000E-01 6.076178327E-02 1.745994568E+01
 7.500000000E-01 6.098103523E-02 1.412422943E+01
 7.500000000E-01 6.120475009E-02 1.069948483E+01
 7.500000000E-01 6.143302470E-02 7.246944904E+00
 7.500000000E-01 6.166595221E-02 4.079884052E+00
 7.500000000E-01 6.190362200E-02 1.811813354E+00
 7.500000000E-01 6.214613467E-02 7.013076544E-01
 7.500000000E-01 6.239358708E-02 3.291416466E-01
 7.500000000E-01 6.264608353E-02 2.244668454E-01
 7.500000000E-01 6.290372461E-02 1.951080561E-01
 7.500000000E-01 6.316661090E-02 1.869943291E-01
 7.500000000E-01 6.343485415E-02 1.851283461E-01
 7.500000000E-01 6.370855868E-02 1.850986034E-01
 7.500000000E-01 6.398784369E-02 1.855849028E-01
 7.500000000E-01 6.427282095E-02 1.861986071E-01
 7.500000000E-01 6.456360221E-02 1.868292391E-01
 7.500000000E-01 6.486030668E-02 1.874469221E-01
 7.500000000E-01 6.516305357E-02 1.880442202E-01
 7.500000000E-01 6.547196954E-02 1.886196882E-01
 7.500000000E-01 6.578718126E-02 1.891733557E-01
 7.500000000E-01 6.610881537E-02 1.897056848E-01
 7.500000000E-01 6.643699855E-02 1.902172714E-01
 7.500000000E-01 6.677187234E-02 1.907088161E-01
 7.500000000E-01 6.711356342E-02 1.911810935E-01
 7.500000000E-01 6.746221334E-02 1.916349977E-01
 7.500000000E-01 6.781797111E-02 1.920715123E-01
 7.500000000E-01 6.818097830E-02 1.924916953E-01
 7.500000000E-01 6.855138391E-02 1.928966492E-01
 7.500000000E-01 6.892932951E-02 1.932875216E-01
 7.500000000E-01 6.931497902E-02 1.936654299E-01
 7.500000000E-01 6.970848143E-02 1.940314472E-01
 7.500000000E-01 7.011000067E-02 1.943865865E-01
 7.500000000E-01 7.051970065E-02 1.947317123E-01
 7.500000000E-01 7.093774527E-02 1.950675845E-01
 7.500000000E-01 7.136431336E-02 1.953948289E-01
 7.500000000E-01 7.179956883E-02 1.957139224E-01
 7.500000000E-01 7.224369049E-02 1.960252225E-01
 7.500000000E-01 7.269686460E-02 1.963289827E-01
 7.500000000E-01 7.315926254E-02 1.966253966E-01
 7.500000000E-01 7.363108546E-02 1.969145685E-01
 7.500000000E-01 7.411251962E-02 1.971965730E-01
 7.500000000E-01 7.460376620E-02 1.974714845E-01
 7.500000000E-01 7.510501891E-02 1.977393329E-01
 7.500000000E-01 7.561648637E-02 1.980002075E-01
 7.500000000E-01 7.613836974E-02 1.982541978E-01
 7.500000000E-01 7.667088509E-02 1.985013932E-01
 7.500000000E-01 7.721424848E-02 1.987419426E-01
 7.500000000E-01 7.776868343E-02 1.989759505E-01
 7.500000000E-01 7.833441347E-02 1.992036104E-01
 7.500000000E-01 7.891167700E-02 1.994250864E-01
 7.500000000E-01 7.950069010E-02 1.996405274E-01
 7.500000000E-01 8.010170609E-02 1.998501122E-01
 7.500000000E-01 8.071497083E-02 2.000540197E-01
 7.500000000E-01 8.134072274E-02 2.002524287E-01
 7.500000000E-01 8.197923005E-02 2.004455030E-01
 7.500000000E-01 8.263073862E-02 2.006333917E-01
 7.500000000E-01 8.329552412E-02 2.008162588E-01
 7.500000000E-01 8.397385478E-02 2.009942681E-01
 7.500000000E-01 8.466600627E-02 2.011675388E-01
 7.500000000E-01 8.537225425E-02 2.013362348E-01
 7.500000000E-01 8.609288931E-02 2.015004903E-01
 7.500000000E-01 8.682820946E-02 2.016604543E-01
 7.500000000E-01 8.757851273E-02 2.018162757E-01
 7.500000000E-01 8.834409714E-02 2.019680887E-01
 7.500000000E-01 8.912528306E-02 2.021160126E-01
 7.500000000E-01 8.992238343E-02 2.022602260E-01
 7.500000000E-01 9.073571861E-02 2.024008334E-01
 7.500000000E-01 9.156563133E-02 2.025379986E-01
 7.500000000E-01 9.241244197E-02 2.026718557E-01
 7.500000000E-01 9.327650815E-02 2.028025389E-01
 7.500000000E-01 9.415818006E-02 2.029301822E-01
 7.500000000E-01 9.505781531E-02 2.030549198E-01
 7.500000000E-01 9.597577900E-02 2.031768709E-01
 7.500000000E-01 9.691244364E-02 2.032961696E-01
 7.500000000E-01 9.786818922E-02 2.034129202E-01
 7.500000000E-01 9.884340316E-02 2.035272419E-01
 7.500000000E-01 9.983849525E-02 2.036392242E-01
 7.500000000E-01 1.008538529E-01 2.037490010E-01
 7.500000000E-01 1.018898934E-01 2.038566470E-01
 7.500000000E-01 1.029470488E-01 2.039622664E-01
 7.500000000E-01 1.040257365E-01 2.040659338E-01
 7.500000000E-01 1.051264033E-01 2.041677237E-01
 7.500000000E-01 1.062494889E-01 2.042677402E-01
 7.500000000E-01 1.073954627E-01 2.043660432E-01
 7.500000000E-01 1.085647792E-01 2.044626921E-01
 7.500000000E-01 1.097579151E-01 2.045577615E-01
 7.500000000E-01 1.109753624E-01 2.046513259E-01
 7.500000000E-01 1.122176126E-01 2.047434300E-01
 7.500000000E-01 1.134851724E-01 2.048341334E-01
 7.500000000E-01 1.147785485E-01 2.049234957E-01
 7.500000000E-01 1.160982847E-01 2.050115466E-01
 7.500000000E-01 1.174449027E-01 2.050983459E-01
 7.500000000E-01 1.188189536E-01 2.051839381E-01
 7.500000000E-01 1.202210039E-01 2.052683681E-01
 7.500000000E-01 1.216516122E-01 2.053516805E-01
 7.500000000E-01 1.231113747E-01 2.054338902E-01
 7.500000000E-01 1.246008649E-01 2.055150568E-01
 7.500000000E-01 1.261207163E-01 2.055951804E-01
 7.500000000E-01 1.276715100E-01 2.056743354E-01
 7.500000000E-01 1.292539090E-01 2.057525069E-01
 7.500000000E-01 1.308685541E-01 2.058297545E-01
 7.500000000E-01 1.325160861E-01 2.059060931E-01
 7.500000000E-01 1.341971904E-01 2.059815377E-01
 7.500000000E-01 1.359125376E-01 2.060561329E-01
 7.500000000E-01 1.376628280E-01 2.061298639E-01
 7.500000000E-01 1.394487768E-01 2.062027752E-01
 7.500000000E-01 1.412711143E-01 2.062748820E-01
 7.500000000E-01 1.431305856E-01 2.063461989E-01
 7.500000000E-01 1.450279355E-01 2.064167261E-01
 7.500000000E-01 1.469639242E-01 2.064865083E-01
 7.500000000E-01 1.489393711E-01 2.065555304E-01
 7.500000000E-01 1.509550661E-01 2.066238075E-01
 7.500000000E-01 1.530118138E-01 2.066913545E-01
 7.500000000E-01 1.551104784E-01 2.067582011E-01
 7.500000000E-01 1.572518945E-01 2.068243176E-01
 7.500000000E-01 1.594369262E-01 2.068897486E-01
 7.500000000E-01 1.616664827E-01 2.069544643E-01
 7.500000000E-01 1.639414728E-01 2.070185095E-01
 7.500000000E-01 1.662627906E-01 2.070818543E-01
 7.500000000E-01 1.686314195E-01 2.071445286E-01
 7.500000000E-01 1.710482836E-01 2.072065175E-01
 7.500000000E-01 1.735143960E-01 2.072678506E-01
 7.500000000E-01 1.760307550E-01 2.073284984E-01
 7.500000000E-01 1.785983741E-01 2.073884904E-01
 7.500000000E-01 1.812183112E-01 2.074477971E-01
 7.500000000E-01 1.838916242E-01 2.075064629E-01
 7.500000000E-01 1.866193861E-01 2.075644433E-01
 7.500000000E-01 1.894027293E-01 2.076217681E-01
 7.500000000E-01 1.922427863E-01 2.076784372E-01
 7.500000000E-01 1.951406896E-01 2.077344358E-01
 7.500000000E-01 1.980976462E-01 2.077897787E-01
 7.500000000E-01 2.011148334E-01 2.078444362E-01
 7.500000000E-01 2.041934878E-01 2.078984529E-01
 7.500000000E-01 2.073348761E-01 2.079517841E-01
 7.500000000E-01 2.105402499E-01 2.080044597E-01
 7.500000000E-01 2.138109356E-01 2.080564648E-01
 7.500000000E-01 2.171482444E-01 2.081077993E-01
 7.500000000E-01 2.205535620E-01 2.081584632E-01
 7.500000000E-01 2.240282446E-01 2.082084417E-01
 7.500000000E-01 2.275737077E-01 2.082577646E-01
 7.500000000E-01 2.311914265E-01 2.083064020E-01
 7.500000000E-01 2.348828316E-01 2.083543688E-01
 7.500000000E-01 2.386494428E-01 2.084016502E-01
 7.500000000E-01 2.424927950E-01 2.084482610E-01
 7.500000000E-01 2.464144379E-01 2.084941864E-01
 7.500000000E-01 2.504159808E-01 2.085394412E-01
 7.500000000E-01 2.544990480E-01 2.085840106E-01
 7.500000000E-01 2.586653233E-01 2.086278945E-01
 7.500000000E-01 2.629164457E-01 2.086710930E-01
 7.500000000E-01 2.672542036E-01 2.087136209E-01
 7.500000000E-01 2.716802955E-01 2.087554485E-01
 7.500000000E-01 2.761965990E-01 2.087966204E-01
 7.500000000E-01 2.808049023E-01 2.088370919E-01
 7.500000000E-01 2.855070829E-01 2.088768780E-01
 7.500000000E-01 2.903050482E-01 2.089159936E-01
 7.500000000E-01 2.952007949E-01 2.089544386E-01
 7.500000000E-01 3.001962602E-01 2.089921981E-01
 7.500000000E-01 3.052935004E-01 2.090292871E-01
 7.500000000E-01 3.104945719E-01 2.090656906E-01
 7.500000000E-01 3.158016503E-01 2.091014385E-01
 7.500000000E-01 3.212168217E-01 2.091365010E-01
 7.500000000E-01 3.267422915E-01 2.091709077E-01
 7.500000000E-01 3.323803544E-01 2.092046589E-01
 7.500000000E-01 3.381333053E-01 2.092377394E-01
 7.500000000E-01 3.440034389E-01 2.092701644E-01
 7.500000000E-01 3.499931395E-01 2.093019336E-01
 7.500000000E-01 3.561049104E-01 2.093330622E-01
 7.500000000E-01 3.623411655E-01 2.093635350E-01
 7.500000000E-01 3.687044978E-01 2.093933821E-01
 7.500000000E-01 3.751974404E-01 2.094225883E-01
 7.500000000E-01 3.818227053E-01 2.094511688E-01
 7.500000000E-01 3.885829151E-01 2.094791234E-01
 7.500000000E-01 3.954808414E-01 2.095064670E-01
 7.500000000E-01 4.025193155E-01 2.095331848E-01
 7.500000000E-01 4.097011983E-01 2.095593065E-01
 7.500000000E-01 4.170293808E-01 2.095848322E-01
 7.500000000E-01 4.245068729E-01 2.096097618E-01
 7.500000000E-01 4.321366847E-01 2.096341103E-01
 7.500000000E-01 4.399219453E-01 2.096578926E-01
 7.500000000E-01 4.478658140E-01 2.096810788E-01
 7.500000000E-01 4.559715390E-01 2.097037286E-01
 7.500000000E-01 4.642423689E-01 2.097257972E-01
 7.500000000E-01 4.726817310E-01 2.097473294E-01
 7.500000000E-01 4.812930226E-01 2.097683251E-01
 7.500000000E-01 4.900797307E-01 2.097887993E-01
 7.500000000E-01 4.990454614E-01 2.098087370E-01
 7.500000000E-01 5.081938505E-01 2.098281533E-01
 7.500000000E-01 5.175286531E-01 2.098470628E-01
 7.500000000E-01 5.270535946E-01 2.098654807E-01
 7.500000000E-01 5.367726088E-01 2.098834068E-01
 7.500000000E-01 5.466895700E-01 2.099008560E-01
 7.500000000E-01 5.568086505E-01 2.099178284E-01
 7.500000000E-01 5.671338439E-01 2.099343240E-01
 7.500000000E-01 5.776693821E-01 2.099503875E-01
 7.500000000E-01 5.884196162E-01 2.099659890E-01
 7.500000000E-01 5.993887782E-01 2.099811584E-01
 7.500000000E-01 6.105814576E-01 2.099958956E-01
 7.500000000E-01 6.220021844E-01 2.100102156E-01
 7.500000000E-01 6.336556077E-01 2.100241184E-01
 7.500000000E-01 6.455463767E-01 2.100376189E-01
 7.500000000E-01 6.576794386E-01 2.100507319E-01
 7.500000000E-01 6.700596809E-01 2.100634575E-01
 7.500000000E-01 6.826921701E-01 2.100757957E-01
 7.500000000E-01 6.955819726E-01 2.100877762E-01
 7.500000000E-01 7.087343931E-01 2.100993991E-01
 7.500000000E-01 7.221547961E-01 2.101106644E-01
 7.500000000E-01 7.358485460E-01 2.101216018E-01
 7.500000000E-01 7.498213649E-01 2.101321965E-01
 7.500000000E-01 7.640787959E-01 2.101424634E-01
 7.500000000E-01 7.786266804E-01 2.101524174E-01
 7.500000000E-01 7.934709787E-01 2.101620734E-01
 7.500000000E-01 8.086177111E-01 2.101714164E-01
 7.500000000E-01 8.240730166E-01 2.101804614E-01
 7.500000000E-01 8.398432136E-01 2.101892382E-01
 7.500000000E-01 8.559346199E-01 2.101977170E-01
 7.500000000E-01 8.723539114E-01 2.102059424E-01
 7.500000000E-01 8.891077042E-01 2.102138996E-01
 7.500000000E-01 9.062028527E-01 2.102216035E-01
 7.500000000E-01 9.236462712E-01 2.102290541E-01
 7.500000000E-01 9.414450526E-01 2.102362663E-01
 7.500000000E-01 9.596064091E-01 2.102432400E-01
 7.500000000E-01 9.781377912E-01 2.102499902E-01
 7.500000000E-01 9.970467687E-01 2.102565169E-01
 7.500000000E-01 1.016340852E+00 2.102628350E-01
 7.500000000E-01 1.036028147E+00 2.102689296E-01
 7.500000000E-01 1.056116462E+00 2.102748305E-01
 7.500000000E-01 1.076614022E+00 2.102805376E-01
 7.500000000E-01 1.097529292E+00 2.102860510E-01
 7.500000000E-01 1.118870497E+00 2.102913707E-01
 7.500000000E-01 1.140646577E+00 2.102965266E-01
 7.500000000E-01 1.162866354E+00 2.103014886E-01
 7.500000000E-01 1.185538769E+00 2.103063017E-01
 7.500000000E-01 1.208673000E+00 2.103109360E-01
 7.500000000E-01 1.232278705E+00 2.103154212E-01
 7.500000000E-01 1.256365180E+00 2.103197575E-01
 7.500000000E-01 1.280942440E+00 2.103239298E-01
 7.500000000E-01 1.306020379E+00 2.103279680E-01
 7.500000000E-01 1.331609249E+00 2.103318721E-01
 7.500000000E-01 1.357719421E+00 2.103356421E-01
 7.500000000E-01 1.384361625E+00 2.103392780E-01
 7.500000000E-01 1.411546588E+00 2.103427798E-01
 7.500000000E-01 1.439285278E+00 2.103461772E-01
 7.500000000E-01 1.467589140E+00 2.103494406E-01
 7.500000000E-01 1.496469736E+00 2.103525996E-01
 7.500000000E-01 1.525938630E+00 2.103556544E-01
 7.500000000E-01 1.556007862E+00 2.103586048E-01
 7.500000000E-01 1.586689711E+00 2.103614360E-01
 7.500000000E-01 1.617996693E+00 2.103641927E-01
 7.500000000E-01 1.649941444E+00 2.103668302E-01
 7.500000000E-01 1.682536960E+00 2.103693932E-01
 7.500000000E-01 1.715796590E+00 2.103718519E-01
 7.500000000E-01 1.749733806E+00 2.103742361E-01
 7.500000000E-01 1.784362435E+00 2.103765309E-01
 7.500000000E-01 1.819696665E+00 2.103787512E-01
 7.500000000E-01 1.855750561E+00 2.103808969E-01
 7.500000000E-01 1.892539144E+00 2.103829533E-01
 7.500000000E-01 1.930077076E+00 2.103849500E-01
 7.500000000E-01 1.968379855E+00 2.103868723E-01
 7.500000000E-01 2.007462978E+00 2.103887200E-01
 7.500000000E-01 2.047342300E+00 2.103905082E-01
 7.500000000E-01 2.088034153E+00 2.103922218E-01
 7.500000000E-01 2.129554987E+00 2.103938907E-01
 7.500000000E-01 2.171921730E+00 2.103954852E-01
 7.500000000E-01 2.215151548E+00 2.103970200E-01
 7.500000000E-01 2.259262085E+00 2.103985101E-01
 7.500000000E-01 2.304271460E+00 2.103999257E-01
 7.500000000E-01 2.350197554E+00 2.104013115E-01
 7.500000000E-01 2.397059441E+00 2.104026228E-01
 7.500000000E-01 2.444876194E+00 2.104039043E-01
 7.500000000E-01 2.493666887E+00 2.104051262E-01
 7.500000000E-01 2.543451548E+00 2.104062885E-01
 7.500000000E-01 2.594250679E+00 2.104074210E-01
 7.500000000E-01 2.646084547E+00 2.104085088E-01
 7.500000000E-01 2.698974609E+00 2.104095519E-01
 7.500000000E-01 2.752942085E+00 2.104105502E-01
 7.500000000E-01 2.808009148E+00 2.104115039E-01
 7.500000000E-01 2.864197969E+00 2.104124278E-01
 7.500000000E-01 2.921531439E+00 2.104133070E-01
 7.500000000E-01 2.980033159E+00 2.104141414E-01
 7.500000000E-01 3.039726734E+00 2.104149461E-01
 7.500000000E-01 3.100636244E+00 2.104157209E-01
 7.500000000E-01 3.162786722E+00 2.104164660E-01
 7.500000000E-01 3.226203680E+00 2.104171664E-01
 7.500000000E-01 3.290912390E+00 2.104178369E-01
 7.500000000E-01 3.356939316E+00 2.104184628E-01
 7.500000000E-01 3.424311638E+00 2.104190737E-01
 7.500000000E-01 3.493056297E+00 2.104196399E-01
 7.500000000E-01 3.563201666E+00 2.104201913E-01
 7.500000000E-01 3.634775877E+00 2.104206979E-01
 7.500000000E-01 3.707808495E+00 2.104211897E-01
 7.500000000E-01 3.782329082E+00 2.104216367E-01
 7.500000000E-01 3.858367682E+00 2.104220688E-01
 7.500000000E-01 3.935955524E+00 2.104224563E-01
 7.500000000E-01 4.015123844E+00 2.104228288E-01
 7.500000000E-01 4.095905304E+00 2.104231715E-01
 7.500000000E-01 4.178332329E+00 2.104234695E-01
 7.500000000E-01 4.262438774E+00 2.104237676E-01
 7.500000000E-01 4.348258972E+00 2.104240209E-01
 7.500000000E-01 4.435827255E+00 2.104243040E-01
 7.500000000E-01 4.525179386E+00 2.104244977E-01
 7.500000000E-01 4.616352081E+00 2.104250640E-01
 7.500000000E-01 4.709382534E+00 2.104253769E-01
 7.500000000E-01 4.804307938E+00 2.104258388E-01
 7.500000000E-01 4.901167393E+00 2.104267329E-01
 7.500000000E-01 5.000000000E+00 2.104269266E-01
zone, t="FUN3D"
 7.500003576E-01 4.999999702E-02 0.000000000E+00
 7.500003576E-01 5.000049248E-02 3.038120866E-09
 7.500003576E-01 5.000098795E-02 4.866325298E-08
 7.500003576E-01 5.000148341E-02 2.468359810E-07
 7.500003576E-01 5.000197887E-02 7.820050882E-07
 7.500003576E-01 5.000247806E-02 1.926205641E-06
 7.500003576E-01 5.000297353E-02 3.983288934E-06
 7.500003576E-01 5.000347272E-02 7.407315934E-06
 7.500003576E-01 5.000397563E-02 1.273767157E-05
 7.500003576E-01 5.000447854E-02 2.049194336E-05
 7.500003576E-01 5.000498146E-02 3.138680768E-05
 7.500003576E-01 5.000548810E-02 4.620627806E-05
 7.500003576E-01 5.000599474E-02 6.567750097E-05
 7.500003576E-01 5.000650510E-02 9.107778169E-05
 7.500003576E-01 5.000701919E-02 1.234029914E-04
 7.500003576E-01 5.000753701E-02 1.642197312E-04
 7.500003576E-01 5.000805482E-02 2.139501012E-04
 7.500003576E-01 5.000858009E-02 2.755620517E-04
 7.500003576E-01 5.000910535E-02 3.495699202E-04
 7.500003576E-01 5.000963435E-02 4.375666904E-04
 7.500003576E-01 5.001016706E-02 5.428196746E-04
 7.500003576E-01 5.001070723E-02 6.679448998E-04
 7.500003576E-01 5.001124740E-02 8.126483881E-04
 7.500003576E-01 5.001179501E-02 9.823970031E-04
 7.500003576E-01 5.001234636E-02 1.179235871E-03
 7.500003576E-01 5.001290515E-02 1.408020733E-03
 7.500003576E-01 5.001346394E-02 1.667454722E-03
 7.500003576E-01 5.001403391E-02 1.968312543E-03
 7.500003576E-01 5.001460761E-02 2.309327014E-03
 7.500003576E-01 5.001518503E-02 2.696921350E-03
 7.500003576E-01 5.001576990E-02 3.136119107E-03
 7.500003576E-01 5.001636222E-02 3.632384818E-03
 7.500003576E-01 5.001695827E-02 4.188026767E-03
 7.500003576E-01 5.001756549E-02 4.820439499E-03
 7.500003576E-01 5.001817644E-02 5.521269515E-03
 7.500003576E-01 5.001879856E-02 6.315237377E-03
 7.500003576E-01 5.001942441E-02 7.197201718E-03
 7.500003576E-01 5.002006143E-02 8.180703036E-03
 7.500003576E-01 5.002070218E-02 9.268929251E-03
 7.500003576E-01 5.002135411E-02 1.048506144E-02
 7.500003576E-01 5.002201721E-02 1.184255164E-02
 7.500003576E-01 5.002268404E-02 1.333013643E-02
 7.500003576E-01 5.002336204E-02 1.498507615E-02
 7.500003576E-01 5.002405122E-02 1.681414619E-02
 7.500003576E-01 5.002475157E-02 1.884434186E-02
 7.500003576E-01 5.002545938E-02 2.107141912E-02
 7.500003576E-01 5.002617463E-02 2.351102978E-02
 7.500003576E-01 5.002690479E-02 2.620843612E-02
 7.500003576E-01 5.002764612E-02 2.918853611E-02
 7.500003576E-01 5.002839491E-02 3.242833912E-02
 7.500003576E-01 5.002915859E-02 3.599928692E-02
 7.500003576E-01 5.002993345E-02 3.991301358E-02
 7.500003576E-01 5.003071949E-02 4.419867694E-02
 7.500003576E-01 5.003152043E-02 4.891024157E-02
 7.500003576E-01 5.003233254E-02 5.403790623E-02
 7.500003576E-01 5.003315955E-02 5.963893607E-02
 7.500003576E-01 5.003399774E-02 6.575206667E-02
 7.500003576E-01 5.003485084E-02 7.241899520E-02
 7.500003576E-01 5.003571510E-02 7.965216041E-02
 7.500003576E-01 5.003659800E-02 8.759567887E-02
 7.500003576E-01 5.003749207E-02 9.616731107E-02
 7.500003576E-01 5.003840476E-02 1.055246145E-01
 7.500003576E-01 5.003933236E-02 1.157331541E-01
 7.500003576E-01 5.004027486E-02 1.267288029E-01
 7.500003576E-01 5.004123598E-02 1.387507021E-01
 7.500003576E-01 5.004221201E-02 1.517341286E-01
 7.500003576E-01 5.004320294E-02 1.657436788E-01
 7.500003576E-01 5.004421622E-02 1.810196787E-01
 7.500003576E-01 5.004524440E-02 1.974213570E-01
 7.500003576E-01 5.004629120E-02 2.152079195E-01
 7.500003576E-01 5.004735664E-02 2.344136536E-01
 7.500003576E-01 5.004844442E-02 2.552074492E-01
 7.500003576E-01 5.004955083E-02 2.775484622E-01
 7.500003576E-01 5.005067587E-02 3.016105592E-01
 7.500003576E-01 5.005181953E-02 3.274176419E-01
 7.500003576E-01 5.005298927E-02 3.553420305E-01
 7.500003576E-01 5.005417764E-02 3.852437735E-01
 7.500003576E-01 5.005538836E-02 4.173315465E-01
 7.500003576E-01 5.005662143E-02 4.517315328E-01
 7.500003576E-01 5.005787686E-02 4.885734618E-01
 7.500003576E-01 5.005915463E-02 5.278734565E-01
 7.500003576E-01 5.006045848E-02 5.699953437E-01
 7.500003576E-01 5.006178841E-02 6.150944233E-01
 7.500003576E-01 5.006314069E-02 6.629247665E-01
 7.500003576E-01 5.006451905E-02 7.140123844E-01
 7.500003576E-01 5.006592721E-02 7.685173154E-01
 7.500003576E-01 5.006735772E-02 8.261405826E-01
 7.500003576E-01 5.006881803E-02 8.874622583E-01
 7.500003576E-01 5.007030442E-02 9.524741769E-01
 7.500003576E-01 5.007182062E-02 1.021312475E+00
 7.500003576E-01 5.007336661E-02 1.094109654E+00
 7.500003576E-01 5.007494241E-02 1.170993924E+00
 7.500003576E-01 5.007654801E-02 1.252088189E+00
 7.500003576E-01 5.007818714E-02 1.337707043E+00
 7.500003576E-01 5.007985607E-02 1.427572012E+00
 7.500003576E-01 5.008155480E-02 1.521767735E+00
 7.500003576E-01 5.008329079E-02 1.621015072E+00
 7.500003576E-01 5.008506030E-02 1.724771500E+00
 7.500003576E-01 5.008686334E-02 1.833320498E+00
 7.500003576E-01 5.008869991E-02 1.946725488E+00
 7.500003576E-01 5.009057373E-02 2.064803123E+00
 7.500003576E-01 5.009248480E-02 2.188063145E+00
 7.500003576E-01 5.009443313E-02 2.316303492E+00
 7.500003576E-01 5.009642243E-02 2.449792862E+00
 7.500003576E-01 5.009844899E-02 2.588037252E+00
 7.500003576E-01 5.010051280E-02 2.731017113E+00
 7.500003576E-01 5.010262132E-02 2.879229069E+00
 7.500003576E-01 5.010477081E-02 3.032653332E+00
 7.500003576E-01 5.010696128E-02 3.190447330E+00
 7.500003576E-01 5.010919645E-02 3.353358269E+00
 7.500003576E-01 5.011147633E-02 3.521055937E+00
 7.500003576E-01 5.011380091E-02 3.693467140E+00
 7.500003576E-01 5.011617392E-02 3.870789289E+00
 7.500003576E-01 5.011859164E-02 4.052096367E+00
 7.500003576E-01 5.012105778E-02 4.238127232E+00
 7.500003576E-01 5.012357607E-02 4.428782940E+00
 7.500003576E-01 5.012614280E-02 4.623391151E+00
 7.500003576E-01 5.012875795E-02 4.821839333E+00
 7.500003576E-01 5.013142899E-02 5.024858952E+00
 7.500003576E-01 5.013415217E-02 5.231203556E+00
 7.500003576E-01 5.013693124E-02 5.441882610E+00
 7.500003576E-01 5.013976246E-02 5.655650616E+00
 7.500003576E-01 5.014265329E-02 5.873234272E+00
 7.500003576E-01 5.014560372E-02 6.094513893E+00
 7.500003576E-01 5.014861003E-02 6.318538666E+00
 7.500003576E-01 5.015167966E-02 6.546307564E+00
 7.500003576E-01 5.015480891E-02 6.776608467E+00
 7.500003576E-01 5.015800148E-02 7.010163307E+00
 7.500003576E-01 5.016126111E-02 7.246867180E+00
 7.500003576E-01 5.016458407E-02 7.486083031E+00
 7.500003576E-01 5.016797408E-02 7.727993965E+00
 7.500003576E-01 5.017143115E-02 7.972516537E+00
 7.500003576E-01 5.017495900E-02 8.219572067E+00
 7.500003576E-01 5.017855763E-02 8.469088554E+00
 7.500003576E-01 5.018222705E-02 8.720745087E+00
 7.500003576E-01 5.018597469E-02 8.975244522E+00
 7.500003576E-01 5.018979684E-02 9.231767654E+00
 7.500003576E-01 5.019369349E-02 9.490275383E+00
 7.500003576E-01 5.019767210E-02 9.751461029E+00
 7.500003576E-01 5.020172894E-02 1.001430893E+01
 7.500003576E-01 5.020587146E-02 1.027975082E+01
 7.500003576E-01 5.021009222E-02 1.054680538E+01
 7.500003576E-01 5.021440238E-02 1.081639290E+01
 7.500003576E-01 5.021879822E-02 1.108755970E+01
 7.500003576E-01 5.022328347E-02 1.136098766E+01
 7.500003576E-01 5.022786185E-02 1.163665485E+01
 7.500003576E-01 5.023252964E-02 1.191410637E+01
 7.500003576E-01 5.023729056E-02 1.219334507E+01
 7.500003576E-01 5.024215207E-02 1.247480583E+01
 7.500003576E-01 5.024711043E-02 1.275827026E+01
 7.500003576E-01 5.025216937E-02 1.304374218E+01
 7.500003576E-01 5.025733262E-02 1.333143234E+01
 7.500003576E-01 5.026259646E-02 1.362072754E+01
 7.500003576E-01 5.026797205E-02 1.391245842E+01
 7.500003576E-01 5.027345195E-02 1.420582104E+01
 7.500003576E-01 5.027904734E-02 1.450162888E+01
 7.500003576E-01 5.028475076E-02 1.479910469E+01
 7.500003576E-01 5.029057339E-02 1.509884357E+01
 7.500003576E-01 5.029651523E-02 1.540066528E+01
 7.500003576E-01 5.030257627E-02 1.570458031E+01
 7.500003576E-01 5.030876026E-02 1.601060295E+01
 7.500003576E-01 5.031507090E-02 1.631874275E+01
 7.500003576E-01 5.032150820E-02 1.662900925E+01
 7.500003576E-01 5.032807961E-02 1.694159317E+01
 7.500003576E-01 5.033478141E-02 1.725615120E+01
 7.500003576E-01 5.034162104E-02 1.757286644E+01
 7.500003576E-01 5.034859851E-02 1.789175034E+01
 7.500003576E-01 5.035571754E-02 1.821280861E+01
 7.500003576E-01 5.036298186E-02 1.853604698E+01
 7.500003576E-01 5.037039146E-02 1.886130905E+01
 7.500003576E-01 5.037795380E-02 1.918892670E+01
 7.500003576E-01 5.038567260E-02 1.951889229E+01
 7.500003576E-01 5.039354414E-02 1.985073280E+01
 7.500003576E-01 5.040157586E-02 2.018492317E+01
 7.500003576E-01 5.040977523E-02 2.052145195E+01
 7.500003576E-01 5.041813850E-02 2.086001205E+01
 7.500003576E-01 5.042666942E-02 2.120059967E+01
 7.500003576E-01 5.043537542E-02 2.154350853E+01
 7.500003576E-01 5.044426024E-02 2.188857460E+01
 7.500003576E-01 5.045332760E-02 2.223593140E+01
 7.500003576E-01 5.046257377E-02 2.258513832E+01
 7.500003576E-01 5.047201365E-02 2.293674660E+01
 7.500003576E-01 5.048163980E-02 2.329018021E+01
 7.500003576E-01 5.049146712E-02 2.364596939E+01
 7.500003576E-01 5.050149187E-02 2.400368118E+01
 7.500003576E-01 5.051172152E-02 2.436343384E+01
 7.500003576E-01 5.052215606E-02 2.472507095E+01
 7.500003576E-01 5.053280666E-02 2.508882523E+01
 7.500003576E-01 5.054367334E-02 2.545466232E+01
 7.500003576E-01 5.055475980E-02 2.582217598E+01
 7.500003576E-01 5.056607351E-02 2.619170761E+01
 7.500003576E-01 5.057761818E-02 2.656321907E+01
 7.500003576E-01 5.058939382E-02 2.693631363E+01
 7.500003576E-01 5.060141534E-02 2.731142998E+01
 7.500003576E-01 5.061367527E-02 2.768805885E+01
 7.500003576E-01 5.062618852E-02 2.806650352E+01
 7.500003576E-01 5.063895509E-02 2.844660759E+01
 7.500003576E-01 5.065198243E-02 2.882832527E+01
 7.500003576E-01 5.066527426E-02 2.921160889E+01
 7.500003576E-01 5.067883804E-02 2.959651184E+01
 7.500003576E-01 5.069267750E-02 2.998277855E+01
 7.500003576E-01 5.070679635E-02 3.037035561E+01
 7.500003576E-01 5.072120577E-02 3.075950050E+01
 7.500003576E-01 5.073590577E-02 3.114975166E+01
 7.500003576E-01 5.075090751E-02 3.154135513E+01
 7.500003576E-01 5.076621473E-02 3.193424797E+01
 7.500003576E-01 5.078183115E-02 3.232809067E+01
 7.500003576E-01 5.079776794E-02 3.272310257E+01
 7.500003576E-01 5.081402883E-02 3.311922455E+01
 7.500003576E-01 5.083062127E-02 3.351621246E+01
 7.500003576E-01 5.084754899E-02 3.391400909E+01
 7.500003576E-01 5.086482316E-02 3.431272888E+01
 7.500003576E-01 5.088245124E-02 3.471230316E+01
 7.500003576E-01 5.090043694E-02 3.511250687E+01
 7.500003576E-01 5.091878772E-02 3.551335907E+01
 7.500003576E-01 5.093751103E-02 3.591471863E+01
 7.500003576E-01 5.095661804E-02 3.631668091E+01
 7.500003576E-01 5.097611248E-02 3.671910477E+01
 7.500003576E-01 5.099600554E-02 3.712193298E+01
 7.500003576E-01 5.101630464E-02 3.752518082E+01
 7.500003576E-01 5.103701726E-02 3.792863083E+01
 7.500003576E-01 5.105814710E-02 3.833224487E+01
 7.500003576E-01 5.107971281E-02 3.873616409E+01
 7.500003576E-01 5.110171437E-02 3.914005661E+01
 7.500003576E-01 5.112416670E-02 3.954415131E+01
 7.500003576E-01 5.114707351E-02 3.994818497E+01
 7.500003576E-01 5.117044970E-02 4.035218811E+01
 7.500003576E-01 5.119429901E-02 4.075610352E+01
 7.500003576E-01 5.121863633E-02 4.115989304E+01
 7.500003576E-01 5.124346912E-02 4.156351089E+01
 7.500003576E-01 5.126880482E-02 4.196687317E+01
 7.500003576E-01 5.129465833E-02 4.237005234E+01
 7.500003576E-01 5.132104084E-02 4.277302551E+01
 7.500003576E-01 5.134795979E-02 4.317564011E+01
 7.500003576E-01 5.137542635E-02 4.357794571E+01
 7.500003576E-01 5.140345171E-02 4.397991562E+01
 7.500003576E-01 5.143204704E-02 4.438148499E+01
 7.500003576E-01 5.146122724E-02 4.478280258E+01
 7.500003576E-01 5.149099976E-02 4.518366241E+01
 7.500003576E-01 5.152137950E-02 4.558420944E+01
 7.500003576E-01 5.155238137E-02 4.598445511E+01
 7.500003576E-01 5.158400908E-02 4.638426208E+01
 7.500003576E-01 5.161628500E-02 4.678379059E+01
 7.500003576E-01 5.164921656E-02 4.718301392E+01
 7.500003576E-01 5.168282241E-02 4.758200073E+01
 7.500003576E-01 5.171710998E-02 4.798069382E+01
 7.500003576E-01 5.175209418E-02 4.837913895E+01
 7.500003576E-01 5.178779364E-02 4.877745056E+01
 7.500003576E-01 5.182421952E-02 4.917563629E+01
 7.500003576E-01 5.186138675E-02 4.957374191E+01
 7.500003576E-01 5.189931393E-02 4.997186279E+01
 7.500003576E-01 5.193801224E-02 5.036997604E+01
 7.500003576E-01 5.197749659E-02 5.076814270E+01
 7.500003576E-01 5.201778933E-02 5.116652679E+01
 7.500003576E-01 5.205890164E-02 5.156509018E+01
 7.500003576E-01 5.210084841E-02 5.196388626E+01
 7.500003576E-01 5.214365199E-02 5.236305618E+01
 7.500003576E-01 5.218732730E-02 5.276262283E+01
 7.500003576E-01 5.223189294E-02 5.316267395E+01
 7.500003576E-01 5.227736756E-02 5.356320190E+01
 7.500003576E-01 5.232376605E-02 5.396428299E+01
 7.500003576E-01 5.237111077E-02 5.436596680E+01
 7.500003576E-01 5.241942033E-02 5.476827621E+01
 7.500003576E-01 5.246871337E-02 5.517125320E+01
 7.500003576E-01 5.251900852E-02 5.557486725E+01
 7.500003576E-01 5.257033184E-02 5.597918701E+01
 7.500003576E-01 5.262269825E-02 5.638415909E+01
 7.500003576E-01 5.267613381E-02 5.678976059E+01
 7.500003576E-01 5.273065716E-02 5.719593048E+01
 7.500003576E-01 5.278629065E-02 5.760260010E+01
 7.500003576E-01 5.284306034E-02 5.800970078E+01
 7.500003576E-01 5.290098116E-02 5.841703033E+01
 7.500003576E-01 5.296008661E-02 5.882453537E+01
 7.500003576E-01 5.302039534E-02 5.923196411E+01
 7.500003576E-01 5.308192968E-02 5.963908768E+01
 7.500003576E-01 5.314471945E-02 6.004571915E+01
 7.500003576E-01 5.320879072E-02 6.045155334E+01
 7.500003576E-01 5.327416584E-02 6.085621643E+01
 7.500003576E-01 5.334087089E-02 6.125933075E+01
 7.500003576E-01 5.340893567E-02 6.166051865E+01
 7.500003576E-01 5.347838998E-02 6.205930328E+01
 7.500003576E-01 5.354925618E-02 6.245511246E+01
 7.500003576E-01 5.362156779E-02 6.284738922E+01
 7.500003576E-01 5.369535089E-02 6.323549652E+01
 7.500003576E-01 5.377063528E-02 6.361870193E+01
 7.500003576E-01 5.384745821E-02 6.399628830E+01
 7.500003576E-01 5.392584205E-02 6.436734772E+01
 7.500003576E-01 5.400582775E-02 6.473102570E+01
 7.500003576E-01 5.408743769E-02 6.508625793E+01
 7.500003576E-01 5.417071283E-02 6.543200684E+01
 7.500003576E-01 5.425568298E-02 6.576702881E+01
 7.500003576E-01 5.434238538E-02 6.609008026E+01
 7.500003576E-01 5.443085730E-02 6.639975739E+01
 7.500003576E-01 5.452112481E-02 6.669448853E+01
 7.500003576E-01 5.461323634E-02 6.697263336E+01
 7.500003576E-01 5.470722169E-02 6.723236847E+01
 7.500003576E-01 5.480312556E-02 6.747170258E+01
 7.500003576E-01 5.490098149E-02 6.768842316E+01
 7.500003576E-01 5.500083044E-02 6.788015747E+01
 7.500003576E-01 5.510271341E-02 6.804428101E+01
 7.500003576E-01 5.520667136E-02 6.817790222E+01
 7.500003576E-01 5.531274900E-02 6.827788544E+01
 7.500003576E-01 5.542098358E-02 6.834078979E+01
 7.500003576E-01 5.553142726E-02 6.836288452E+01
 7.500003576E-01 5.564412102E-02 6.834011078E+01
 7.500003576E-01 5.575910956E-02 6.826811218E+01
 7.500003576E-01 5.587644130E-02 6.814226532E+01
 7.500003576E-01 5.599616095E-02 6.795765686E+01
 7.500003576E-01 5.611832440E-02 6.770914459E+01
 7.500003576E-01 5.624297261E-02 6.739145660E+01
 7.500003576E-01 5.637016147E-02 6.699913788E+01
 7.500003576E-01 5.649994314E-02 6.652668762E+01
 7.500003576E-01 5.663236603E-02 6.596862030E+01
 7.500003576E-01 5.676748604E-02 6.531946564E+01
 7.500003576E-01 5.690536276E-02 6.457378387E+01
 7.500003576E-01 5.704604462E-02 6.372637177E+01
 7.500003576E-01 5.718959495E-02 6.277205658E+01
 7.500003576E-01 5.733606964E-02 6.170590973E+01
 7.500003576E-01 5.748552829E-02 6.052317429E+01
 7.500003576E-01 5.763803050E-02 5.921932983E+01
 7.500003576E-01 5.779364333E-02 5.779005814E+01
 7.500003576E-01 5.795242265E-02 5.623147964E+01
 7.500003576E-01 5.811443925E-02 5.453978729E+01
 7.500003576E-01 5.827975273E-02 5.271186447E+01
 7.500003576E-01 5.844843760E-02 5.074482727E+01
 7.500003576E-01 5.862055719E-02 4.863656235E+01
 7.500003576E-01 5.879618600E-02 4.638570786E+01
 7.500003576E-01 5.897539109E-02 4.399229050E+01
 7.500003576E-01 5.915824696E-02 4.145783234E+01
 7.500003576E-01 5.934482813E-02 3.878697205E+01
 7.500003576E-01 5.953521281E-02 3.598928452E+01
 7.500003576E-01 5.972947180E-02 3.308382797E+01
 7.500003576E-01 5.992769077E-02 3.010518646E+01
 7.500003576E-01 6.012994796E-02 2.706107140E+01
 7.500003576E-01 6.033632532E-02 2.395612335E+01
 7.500003576E-01 6.054690853E-02 2.079110718E+01
 7.500003576E-01 6.076178327E-02 1.755993843E+01
 7.500003576E-01 6.098103151E-02 1.424742222E+01
 7.500003576E-01 6.120475009E-02 1.083390141E+01
 7.500003576E-01 6.143302470E-02 7.376969814E+00
 7.500003576E-01 6.166594848E-02 4.105378628E+00
 7.500003576E-01 6.190361828E-02 1.732597947E+00
 7.500003576E-01 6.214613095E-02 6.547381878E-01
 7.500003576E-01 6.239358708E-02 3.211961687E-01
 7.500003576E-01 6.264608353E-02 2.277860641E-01
 7.500003576E-01 6.290371716E-02 2.009753436E-01
 7.500003576E-01 6.316660345E-02 1.933418363E-01
 7.500003576E-01 6.343485415E-02 1.914329380E-01
 7.500003576E-01 6.370855868E-02 1.912202090E-01
 7.500003576E-01 6.398784369E-02 1.914903969E-01
 7.500003576E-01 6.427282095E-02 1.918862015E-01
 7.500003576E-01 6.456359476E-02 1.923062652E-01
 7.500003576E-01 6.486029923E-02 1.927233338E-01
 7.500003576E-01 6.516305357E-02 1.931306571E-01
 7.500003576E-01 6.547196954E-02 1.935268044E-01
 7.500003576E-01 6.578718126E-02 1.939117163E-01
 7.500003576E-01 6.610880792E-02 1.942856312E-01
 7.500003576E-01 6.643699855E-02 1.946488768E-01
 7.500003576E-01 6.677186489E-02 1.950017363E-01
 7.500003576E-01 6.711356342E-02 1.953445077E-01
 7.500003576E-01 6.746221334E-02 1.956774741E-01
 7.500003576E-01 6.781797111E-02 1.960008740E-01
 7.500003576E-01 6.818097830E-02 1.963150203E-01
 7.500003576E-01 6.855137646E-02 1.966201365E-01
 7.500003576E-01 6.892932951E-02 1.969165504E-01
 7.500003576E-01 6.931497157E-02 1.972044557E-01
 7.500003576E-01 6.970847398E-02 1.974841505E-01
 7.500003576E-01 7.011000067E-02 1.977559030E-01
 7.500003576E-01 7.051970065E-02 1.980199218E-01
 7.500003576E-01 7.093774527E-02 1.982765049E-01
 7.500003576E-01 7.136431336E-02 1.985258907E-01
 7.500003576E-01 7.179956883E-02 1.987683177E-01
 7.500003576E-01 7.224369049E-02 1.990040690E-01
 7.500003576E-01 7.269685715E-02 1.992333531E-01
 7.500003576E-01 7.315926254E-02 1.994564235E-01
 7.500003576E-01 7.363108546E-02 1.996735185E-01
 7.500003576E-01 7.411251962E-02 1.998848617E-01
 7.500003576E-01 7.460376620E-02 2.000906765E-01
 7.500003576E-01 7.510501891E-02 2.002911568E-01
 7.500003576E-01 7.561647892E-02 2.004865110E-01
 7.500003576E-01 7.613836974E-02 2.006769329E-01
 7.500003576E-01 7.667088509E-02 2.008626014E-01
 7.500003576E-01 7.721424848E-02 2.010436952E-01
 7.500003576E-01 7.776868343E-02 2.012203634E-01
 7.500003576E-01 7.833441347E-02 2.013927847E-01
 7.500003576E-01 7.891166955E-02 2.015610784E-01
 7.500003576E-01 7.950069010E-02 2.017253935E-01
 7.500003576E-01 8.010170609E-02 2.018858492E-01
 7.500003576E-01 8.071497083E-02 2.020425797E-01
 7.500003576E-01 8.134072274E-02 2.021957040E-01
 7.500003576E-01 8.197923005E-02 2.023453116E-01
 7.500003576E-01 8.263073862E-02 2.024915367E-01
 7.500003576E-01 8.329552412E-02 2.026344538E-01
 7.500003576E-01 8.397385478E-02 2.027741671E-01
 7.500003576E-01 8.466600627E-02 2.029107660E-01
 7.500003576E-01 8.537225425E-02 2.030443549E-01
 7.500003576E-01 8.609288931E-02 2.031750232E-01
 7.500003576E-01 8.682820946E-02 2.033028454E-01
 7.500003576E-01 8.757851273E-02 2.034279108E-01
 7.500003576E-01 8.834409714E-02 2.035502940E-01
 7.500003576E-01 8.912528306E-02 2.036700994E-01
 7.500003576E-01 8.992238343E-02 2.037873864E-01
 7.500003576E-01 9.073571861E-02 2.039022446E-01
 7.500003576E-01 9.156562388E-02 2.040147483E-01
 7.500003576E-01 9.241244197E-02 2.041249722E-01
 7.500003576E-01 9.327650815E-02 2.042330056E-01
 7.500003576E-01 9.415818006E-02 2.043389082E-01
 7.500003576E-01 9.505781531E-02 2.044427544E-01
 7.500003576E-01 9.597577900E-02 2.045446336E-01
 7.500003576E-01 9.691244364E-02 2.046445906E-01
 7.500003576E-01 9.786818922E-02 2.047426999E-01
 7.500003576E-01 9.884340316E-02 2.048390508E-01
 7.500003576E-01 9.983848780E-02 2.049336880E-01
 7.500003576E-01 1.008538455E-01 2.050266862E-01
 7.500003576E-01 1.018898934E-01 2.051181048E-01
 7.500003576E-01 1.029470414E-01 2.052080035E-01
 7.500003576E-01 1.040257365E-01 2.052964419E-01
 7.500003576E-01 1.051263958E-01 2.053834945E-01
 7.500003576E-01 1.062494889E-01 2.054692060E-01
 7.500003576E-01 1.073954552E-01 2.055536509E-01
 7.500003576E-01 1.085647717E-01 2.056368440E-01
 7.500003576E-01 1.097579151E-01 2.057188749E-01
 7.500003576E-01 1.109753624E-01 2.057997733E-01
 7.500003576E-01 1.122176126E-01 2.058795840E-01
 7.500003576E-01 1.134851649E-01 2.059583664E-01
 7.500003576E-01 1.147785485E-01 2.060361654E-01
 7.500003576E-01 1.160982847E-01 2.061130106E-01
 7.500003576E-01 1.174449027E-01 2.061889470E-01
 7.500003576E-01 1.188189536E-01 2.062640041E-01
 7.500003576E-01 1.202210039E-01 2.063382119E-01
 7.500003576E-01 1.216516122E-01 2.064116299E-01
 7.500003576E-01 1.231113672E-01 2.064842582E-01
 7.500003576E-01 1.246008649E-01 2.065561414E-01
 7.500003576E-01 1.261207014E-01 2.066272944E-01
 7.500003576E-01 1.276715100E-01 2.066977471E-01
 7.500003576E-01 1.292539090E-01 2.067675143E-01
 7.500003576E-01 1.308685541E-01 2.068366110E-01
 7.500003576E-01 1.325160861E-01 2.069050819E-01
 7.500003576E-01 1.341971904E-01 2.069728971E-01
 7.500003576E-01 1.359125376E-01 2.070401162E-01
 7.500003576E-01 1.376628280E-01 2.071067244E-01
 7.500003576E-01 1.394487768E-01 2.071727365E-01
 7.500003576E-01 1.412711143E-01 2.072381675E-01
 7.500003576E-01 1.431305856E-01 2.073030025E-01
 7.500003576E-01 1.450279206E-01 2.073672861E-01
 7.500003576E-01 1.469639242E-01 2.074309886E-01
 7.500003576E-01 1.489393711E-01 2.074941397E-01
 7.500003576E-01 1.509550661E-01 2.075567096E-01
 7.500003576E-01 1.530118138E-01 2.076187432E-01
 7.500003576E-01 1.551104784E-01 2.076801956E-01
 7.500003576E-01 1.572518945E-01 2.077410966E-01
 7.500003576E-01 1.594369262E-01 2.078014314E-01
 7.500003576E-01 1.616664827E-01 2.078612149E-01
 7.500003576E-01 1.639414579E-01 2.079204172E-01
 7.500003576E-01 1.662627906E-01 2.079790682E-01
 7.500003576E-01 1.686314046E-01 2.080371380E-01
 7.500003576E-01 1.710482836E-01 2.080946267E-01
 7.500003576E-01 1.735143960E-01 2.081515342E-01
 7.500003576E-01 1.760307550E-01 2.082078755E-01
 7.500003576E-01 1.785983741E-01 2.082636058E-01
 7.500003576E-01 1.812183112E-01 2.083187550E-01
 7.500003576E-01 1.838916242E-01 2.083733082E-01
 7.500003576E-01 1.866193861E-01 2.084272355E-01
 7.500003576E-01 1.894027293E-01 2.084805667E-01
 7.500003576E-01 1.922427863E-01 2.085332870E-01
 7.500003576E-01 1.951406896E-01 2.085853815E-01
 7.500003576E-01 1.980976462E-01 2.086368352E-01
 7.500003576E-01 2.011148334E-01 2.086876780E-01
 7.500003576E-01 2.041934878E-01 2.087378651E-01
 7.500003576E-01 2.073348612E-01 2.087874115E-01
 7.500003576E-01 2.105402499E-01 2.088363022E-01
 7.500003576E-01 2.138109356E-01 2.088845521E-01
 7.500003576E-01 2.171482444E-01 2.089321315E-01
 7.500003576E-01 2.205535620E-01 2.089790553E-01
 7.500003576E-01 2.240282446E-01 2.090253085E-01
 7.500003576E-01 2.275737077E-01 2.090708762E-01
 7.500003576E-01 2.311914116E-01 2.091157883E-01
 7.500003576E-01 2.348828316E-01 2.091600150E-01
 7.500003576E-01 2.386494428E-01 2.092035562E-01
 7.500003576E-01 2.424927950E-01 2.092464119E-01
 7.500003576E-01 2.464144379E-01 2.092885971E-01
 7.500003576E-01 2.504159808E-01 2.093300968E-01
 7.500003576E-01 2.544990480E-01 2.093709111E-01
 7.500003576E-01 2.586653233E-01 2.094110548E-01
 7.500003576E-01 2.629164457E-01 2.094505131E-01
 7.500003576E-01 2.672542036E-01 2.094893008E-01
 7.500003576E-01 2.716802955E-01 2.095274180E-01
 7.500003576E-01 2.761965990E-01 2.095648944E-01
 7.500003576E-01 2.808049023E-01 2.096017152E-01
 7.500003576E-01 2.855070829E-01 2.096379250E-01
 7.500003576E-01 2.903050482E-01 2.096735388E-01
 7.500003576E-01 2.952007949E-01 2.097085863E-01
 7.500003576E-01 3.001962602E-01 2.097431123E-01
 7.500003576E-01 3.052935004E-01 2.097771615E-01
 7.500003576E-01 3.104945719E-01 2.098107785E-01
 7.500003576E-01 3.158016205E-01 2.098439932E-01
 7.500003576E-01 3.212167919E-01 2.098768055E-01
 7.500003576E-01 3.267422915E-01 2.099092156E-01
 7.500003576E-01 3.323803544E-01 2.099411637E-01
 7.500003576E-01 3.381333053E-01 2.099725902E-01
 7.500003576E-01 3.440034389E-01 2.100034207E-01
 7.500003576E-01 3.499931395E-01 2.100336254E-01
 7.500003576E-01 3.561049104E-01 2.100631297E-01
 7.500003576E-01 3.623411655E-01 2.100919187E-01
 7.500003576E-01 3.687044978E-01 2.101198733E-01
 7.500003576E-01 3.751974404E-01 2.101469934E-01
 7.500003576E-01 3.818227053E-01 2.101732641E-01
 7.500003576E-01 3.885829151E-01 2.101987302E-01
 7.500003576E-01 3.954808414E-01 2.102234662E-01
 7.500003576E-01 4.025193155E-01 2.102475017E-01
 7.500003576E-01 4.097011983E-01 2.102708966E-01
 7.500003576E-01 4.170293808E-01 2.102936804E-01
 7.500003576E-01 4.245068729E-01 2.103158981E-01
 7.500003576E-01 4.321366847E-01 2.103375643E-01
 7.500003576E-01 4.399219453E-01 2.103587091E-01
 7.500003576E-01 4.478658140E-01 2.103793323E-01
 7.500003576E-01 4.559715092E-01 2.103994638E-01
 7.500003576E-01 4.642423689E-01 2.104191184E-01
 7.500003576E-01 4.726817310E-01 2.104383111E-01
 7.500003576E-01 4.812929928E-01 2.104570419E-01
 7.500003576E-01 4.900797307E-01 2.104753256E-01
 7.500003576E-01 4.990454614E-01 2.104931772E-01
 7.500003576E-01 5.081938505E-01 2.105105966E-01
 7.500003576E-01 5.175286531E-01 2.105275989E-01
 7.500003576E-01 5.270535946E-01 2.105441839E-01
 7.500003576E-01 5.367726088E-01 2.105603814E-01
 7.500003576E-01 5.466895700E-01 2.105761617E-01
 7.500003576E-01 5.568086505E-01 2.105915695E-01
 7.500003576E-01 5.671338439E-01 2.106065899E-01
 7.500003576E-01 5.776693821E-01 2.106212527E-01
 7.500003576E-01 5.884196162E-01 2.106355280E-01
 7.500003576E-01 5.993887782E-01 2.106494606E-01
 7.500003576E-01 6.105814576E-01 2.106630206E-01
 7.500003576E-01 6.220021844E-01 2.106762528E-01
 7.500003576E-01 6.336556077E-01 2.106891423E-01
 7.500003576E-01 6.455463767E-01 2.107016891E-01
 7.500003576E-01 6.576794386E-01 2.107139081E-01
 7.500003576E-01 6.700596809E-01 2.107258141E-01
 7.500003576E-01 6.826921701E-01 2.107374072E-01
 7.500003576E-01 6.955819726E-01 2.107487023E-01
 7.500003576E-01 7.087343931E-01 2.107596844E-01
 7.500003576E-01 7.221547961E-01 2.107703984E-01
 7.500003576E-01 7.358485460E-01 2.107808292E-01
 7.500003576E-01 7.498213649E-01 2.107909769E-01
 7.500003576E-01 7.640787959E-01 2.108008713E-01
 7.500003576E-01 7.786266804E-01 2.108104974E-01
 7.500003576E-01 7.934709787E-01 2.108198851E-01
 7.500003576E-01 8.086177111E-01 2.108290195E-01
 7.500003576E-01 8.240730166E-01 2.108379304E-01
 7.500003576E-01 8.398432136E-01 2.108466029E-01
 7.500003576E-01 8.559346199E-01 2.108550519E-01
 7.500003576E-01 8.723539114E-01 2.108632922E-01
 7.500003576E-01 8.891077042E-01 2.108713239E-01
 7.500003576E-01 9.062028527E-01 2.108791471E-01
 7.500003576E-01 9.236462712E-01 2.108867764E-01
 7.500003576E-01 9.414450526E-01 2.108942121E-01
 7.500003576E-01 9.596064091E-01 2.109014541E-01
 7.500003576E-01 9.781377912E-01 2.109085172E-01
 7.500003576E-01 9.970467687E-01 2.109153867E-01
 7.500003576E-01 1.016340852E+00 2.109220922E-01
 7.500003576E-01 1.036028147E+00 2.109286040E-01
 7.500003576E-01 1.056116462E+00 2.109349668E-01
 7.500003576E-01 1.076614022E+00 2.109411508E-01
 7.500003576E-01 1.097529292E+00 2.109471709E-01
 7.500003576E-01 1.118870497E+00 2.109530121E-01
 7.500003576E-01 1.140646577E+00 2.109587044E-01
 7.500003576E-01 1.162866354E+00 2.109642178E-01
 7.500003576E-01 1.185538769E+00 2.109695673E-01
 7.500003576E-01 1.208673000E+00 2.109747529E-01
 7.500003576E-01 1.232278705E+00 2.109797895E-01
 7.500003576E-01 1.256365180E+00 2.109846473E-01
 7.500003576E-01 1.280942440E+00 2.109893411E-01
 7.500003576E-01 1.306020379E+00 2.109938860E-01
 7.500003576E-01 1.331609249E+00 2.109982520E-01
 7.500003576E-01 1.357719421E+00 2.110024691E-01
 7.500003576E-01 1.384361625E+00 2.110065073E-01
 7.500003576E-01 1.411546588E+00 2.110103816E-01
 7.500003576E-01 1.439285278E+00 2.110141069E-01
 7.500003576E-01 1.467589140E+00 2.110176384E-01
 7.500003576E-01 1.496469736E+00 2.110210210E-01
 7.500003576E-01 1.525938630E+00 2.110242248E-01
 7.500003576E-01 1.556007862E+00 2.110272646E-01
 7.500003576E-01 1.586689711E+00 2.110301405E-01
 7.500003576E-01 1.617996693E+00 2.110328376E-01
 7.500003576E-01 1.649941444E+00 2.110353708E-01
 7.500003576E-01 1.682536960E+00 2.110377401E-01
 7.500003576E-01 1.715796590E+00 2.110399306E-01
 7.500003576E-01 1.749733806E+00 2.110419720E-01
 7.500003576E-01 1.784362435E+00 2.110438198E-01
 7.500003576E-01 1.819696665E+00 2.110455185E-01
 7.500003576E-01 1.855750561E+00 2.110470384E-01
 7.500003576E-01 1.892539144E+00 2.110484093E-01
 7.500003576E-01 1.930077076E+00 2.110496163E-01
 7.500003576E-01 1.968379855E+00 2.110506594E-01
 7.500003576E-01 2.007462978E+00 2.110515684E-01
 7.500003576E-01 2.047342300E+00 2.110523134E-01
 7.500003576E-01 2.088034153E+00 2.110529095E-01
 7.500003576E-01 2.129554987E+00 2.110533565E-01
 7.500003576E-01 2.171921730E+00 2.110536844E-01
 7.500003576E-01 2.215151548E+00 2.110538632E-01
 7.500003576E-01 2.259262085E+00 2.110539228E-01
 7.500003576E-01 2.304271460E+00 2.110538632E-01
 7.500003576E-01 2.350197554E+00 2.110536993E-01
 7.500003576E-01 2.397059441E+00 2.110534310E-01
 7.500003576E-01 2.444876194E+00 2.110530734E-01
 7.500003576E-01 2.493666887E+00 2.110526115E-01
 7.500003576E-01 2.543451548E+00 2.110520899E-01
 7.500003576E-01 2.594250679E+00 2.110514790E-01
 7.500003576E-01 2.646084547E+00 2.110508233E-01
 7.500003576E-01 2.698974609E+00 2.110501230E-01
 7.500003576E-01 2.752942085E+00 2.110493779E-01
 7.500003576E-01 2.808009148E+00 2.110486031E-01
 7.500003576E-01 2.864197969E+00 2.110478282E-01
 7.500003576E-01 2.921531439E+00 2.110470235E-01
 7.500003576E-01 2.980033159E+00 2.110462338E-01
 7.500003576E-01 3.039726734E+00 2.110454589E-01
 7.500003576E-01 3.100636244E+00 2.110446990E-01
 7.500003576E-01 3.162786722E+00 2.110439688E-01
 7.500003576E-01 3.226203680E+00 2.110432535E-01
 7.500003576E-01 3.290912390E+00 2.110425830E-01
 7.500003576E-01 3.356939316E+00 2.110419273E-01
 7.500003576E-01 3.424311638E+00 2.110413015E-01
 7.500003576E-01 3.493056297E+00 2.110406607E-01
 7.500003576E-01 3.563201666E+00 2.110399902E-01
 7.500003576E-01 3.634775877E+00 2.110392749E-01
 7.500003576E-01 3.707808495E+00 2.110384256E-01
 7.500003576E-01 3.782329082E+00 2.110373676E-01
 7.500003576E-01 3.858367682E+00 2.110359669E-01
 7.500003576E-01 3.935955524E+00 2.110340297E-01
 7.500003576E-01 4.015123844E+00 2.110312879E-01
 7.500003576E-01 4.095905304E+00 2.110273242E-01
 7.500003576E-01 4.178332329E+00 2.110214829E-01
 7.500003576E-01 4.262438774E+00 2.110128999E-01
 7.500003576E-01 4.348258972E+00 2.109995335E-01
 7.500003576E-01 4.435827255E+00 2.109775245E-01
 7.500003576E-01 4.525179386E+00 2.109410912E-01
 7.500003576E-01 4.616352081E+00 2.108791769E-01
 7.500003576E-01 4.709382534E+00 2.107758224E-01
 7.500003576E-01 4.804307938E+00 2.106585056E-01
 7.500003576E-01 4.901167393E+00 2.105789632E-01
 7.500003576E-01 5.000000000E+00 2.106307894E-01
