VARIABLES = "x","u","y-y0"
ZONE T="x=0.75"
 7.500000000E-01 0.000000000E+00 7.450580708E-10
 7.500000000E-01 4.308372736E-03 4.962086564E-07
 7.500000000E-01 8.618523367E-03 9.916723229E-07
 7.500000000E-01 1.293220557E-02 1.487135933E-06
 7.500000000E-01 1.725117490E-02 1.982599542E-06
 7.500000000E-01 2.157718688E-02 2.478063152E-06
 7.500000000E-01 2.591199614E-02 2.977252052E-06
 7.500000000E-01 3.025736474E-02 3.476440952E-06
 7.500000000E-01 3.461505100E-02 3.975629625E-06
 7.500000000E-01 3.898682073E-02 4.478543815E-06
 7.500000000E-01 4.337444156E-02 4.981458005E-06
 7.500000000E-01 4.777967930E-02 5.488097486E-06
 7.500000000E-01 5.220430717E-02 5.998462257E-06
 7.500000000E-01 5.665010586E-02 6.508827028E-06
 7.500000000E-01 6.111885607E-02 7.022917089E-06
 7.500000000E-01 6.561233103E-02 7.537007150E-06
 7.500000000E-01 7.013233006E-02 8.058547792E-06
 7.500000000E-01 7.468063384E-02 8.580088434E-06
 7.500000000E-01 7.925903797E-02 9.105354366E-06
 7.500000000E-01 8.386933804E-02 9.638070878E-06
 7.500000000E-01 8.851334453E-02 1.017078739E-05
 7.500000000E-01 9.319283068E-02 1.070722919E-05
 7.500000000E-01 9.790962934E-02 1.125112158E-05
 7.500000000E-01 1.026655063E-01 1.179873925E-05
 7.500000000E-01 1.074622944E-01 1.235008222E-05
 7.500000000E-01 1.123017818E-01 1.290515047E-05
 7.500000000E-01 1.171857491E-01 1.346766931E-05
 7.500000000E-01 1.221159995E-01 1.403391343E-05
 7.500000000E-01 1.270943284E-01 1.460760814E-05
 7.500000000E-01 1.321224719E-01 1.518502813E-05
 7.500000000E-01 1.372022182E-01 1.576989962E-05
 7.500000000E-01 1.423353106E-01 1.636222078E-05
 7.500000000E-01 1.475234628E-01 1.696199251E-05
 7.500000000E-01 1.527684033E-01 1.756548954E-05
 7.500000000E-01 1.580718011E-01 1.818016244E-05
 7.500000000E-01 1.634353101E-01 1.879856063E-05
 7.500000000E-01 1.688605696E-01 1.942440940E-05
 7.500000000E-01 1.743491143E-01 2.006143404E-05
 7.500000000E-01 1.799024791E-01 2.070590926E-05
 7.500000000E-01 1.855221689E-01 2.135783507E-05
 7.500000000E-01 1.912095845E-01 2.201721145E-05
 7.500000000E-01 1.969660670E-01 2.268776370E-05
 7.500000000E-01 2.027929127E-01 2.336576654E-05
 7.500000000E-01 2.086912543E-01 2.405494524E-05
 7.500000000E-01 2.146622092E-01 2.475157453E-05
 7.500000000E-01 2.207067609E-01 2.545937969E-05
 7.500000000E-01 2.268257439E-01 2.617836071E-05
 7.500000000E-01 2.330198884E-01 2.690851761E-05
 7.500000000E-01 2.392897606E-01 2.764612509E-05
 7.500000000E-01 2.456357926E-01 2.839863373E-05
 7.500000000E-01 2.520582080E-01 2.916231824E-05
 7.500000000E-01 2.585570514E-01 2.993717862E-05
 7.500000000E-01 2.651321590E-01 3.072321488E-05
 7.500000000E-01 2.717831135E-01 3.152042700E-05
 7.500000000E-01 2.785092890E-01 3.233254029E-05
 7.500000000E-01 2.853097916E-01 3.315955473E-05
 7.500000000E-01 2.921834290E-01 3.399774505E-05
 7.500000000E-01 2.991287708E-01 3.485083653E-05
 7.500000000E-01 3.061439395E-01 3.571882917E-05
 7.500000000E-01 3.132268488E-01 3.659799768E-05
 7.500000000E-01 3.203749955E-01 3.749579264E-05
 7.500000000E-01 3.275856078E-01 3.840848876E-05
 7.500000000E-01 3.348554075E-01 3.933236076E-05
 7.500000000E-01 3.421808779E-01 4.027858449E-05
 7.500000000E-01 3.495579660E-01 4.123598410E-05
 7.500000000E-01 3.569822907E-01 4.221201016E-05
 7.500000000E-01 3.644492030E-01 4.320666267E-05
 7.500000000E-01 3.719534874E-01 4.421621634E-05
 7.500000000E-01 3.794896305E-01 4.524812175E-05
 7.500000000E-01 3.870517612E-01 4.629492832E-05
 7.500000000E-01 3.946336508E-01 4.736036135E-05
 7.500000000E-01 4.022288620E-01 4.844442083E-05
 7.500000000E-01 4.098305404E-01 4.955083205E-05
 7.500000000E-01 4.174316525E-01 5.067586972E-05
 7.500000000E-01 4.250250161E-01 5.182325913E-05
 7.500000000E-01 4.326031804E-01 5.298927499E-05
 7.500000000E-01 4.401587248E-01 5.417764260E-05
 7.500000000E-01 4.476841688E-01 5.538836194E-05
 7.500000000E-01 4.551720023E-01 5.662143303E-05
 7.500000000E-01 4.626147747E-01 5.787685586E-05
 7.500000000E-01 4.700053334E-01 5.915835573E-05
 7.500000000E-01 4.773365259E-01 6.046220733E-05
 7.500000000E-01 4.846016467E-01 6.178840704E-05
 7.500000000E-01 4.917941093E-01 6.314441271E-05
 7.500000000E-01 4.989078641E-01 6.452277012E-05
 7.500000000E-01 5.059372187E-01 6.592720456E-05
 7.500000000E-01 5.128768682E-01 6.736144132E-05
 7.500000000E-01 5.197221041E-01 6.882175512E-05
 7.500000000E-01 5.264686346E-01 7.030814595E-05
 7.500000000E-01 5.331127048E-01 7.182433910E-05
 7.500000000E-01 5.396512151E-01 7.337033458E-05
 7.500000000E-01 5.460814834E-01 7.494613237E-05
 7.500000000E-01 5.524014235E-01 7.655173249E-05
 7.500000000E-01 5.586094260E-01 7.818713493E-05
 7.500000000E-01 5.647044182E-01 7.985606499E-05
 7.500000000E-01 5.706858635E-01 8.155852265E-05
 7.500000000E-01 5.765537024E-01 8.329078264E-05
 7.500000000E-01 5.823081732E-01 8.506029553E-05
 7.500000000E-01 5.879501700E-01 8.686333604E-05
 7.500000000E-01 5.934807062E-01 8.869990415E-05
 7.500000000E-01 5.989013314E-01 9.057745046E-05
 7.500000000E-01 6.042137742E-01 9.248852439E-05
 7.500000000E-01 6.094200015E-01 9.443685121E-05
 7.500000000E-01 6.145223975E-01 9.642243094E-05
 7.500000000E-01 6.195234656E-01 9.844898887E-05
 7.500000000E-01 6.244257092E-01 1.005165250E-04
 7.500000000E-01 6.292321682E-01 1.026250393E-04
 7.500000000E-01 6.339454651E-01 1.047708065E-04
 7.500000000E-01 6.385688186E-01 1.069650025E-04
 7.500000000E-01 6.431052089E-01 1.092001767E-04
 7.500000000E-01 6.475576758E-01 1.114800543E-04
 7.500000000E-01 6.519293785E-01 1.138046355E-04
 7.500000000E-01 6.562234759E-01 1.161739201E-04
 7.500000000E-01 6.604430676E-01 1.185953588E-04
 7.500000000E-01 6.645912528E-01 1.210615010E-04
 7.500000000E-01 6.686710119E-01 1.235760719E-04
 7.500000000E-01 6.726853251E-01 1.261427969E-04
 7.500000000E-01 6.766372323E-01 1.287616760E-04
 7.500000000E-01 6.805295944E-01 1.314289839E-04
 7.500000000E-01 6.843651533E-01 1.341558964E-04
 7.500000000E-01 6.881466508E-01 1.369312376E-04
 7.500000000E-01 6.918767691E-01 1.397661836E-04
 7.500000000E-01 6.955581307E-01 1.426570088E-04
 7.500000000E-01 6.991931200E-01 1.456037135E-04
 7.500000000E-01 7.027842999E-01 1.486137480E-04
 7.500000000E-01 7.063338757E-01 1.516796619E-04
 7.500000000E-01 7.098440528E-01 1.548126311E-04
 7.500000000E-01 7.133171558E-01 1.580052049E-04
 7.500000000E-01 7.167551517E-01 1.612611086E-04
 7.500000000E-01 7.201600671E-01 1.645840675E-04
 7.500000000E-01 7.235337496E-01 1.679740817E-04
 7.500000000E-01 7.268781066E-01 1.714311511E-04
 7.500000000E-01 7.301948071E-01 1.749590010E-04
 7.500000000E-01 7.334857583E-01 1.785576314E-04
 7.500000000E-01 7.367523313E-01 1.822307677E-04
 7.500000000E-01 7.399961352E-01 1.859746844E-04
 7.500000000E-01 7.432187796E-01 1.897968323E-04
 7.500000000E-01 7.464215159E-01 1.936972112E-04
 7.500000000E-01 7.496058345E-01 1.976720960E-04
 7.500000000E-01 7.527728677E-01 2.017326624E-04
 7.500000000E-01 7.559240460E-01 2.058714599E-04
 7.500000000E-01 7.590603828E-01 2.100959391E-04
 7.500000000E-01 7.621830106E-01 2.144023747E-04
 7.500000000E-01 7.652931213E-01 2.188019425E-04
 7.500000000E-01 7.683916688E-01 2.232871921E-04
 7.500000000E-01 7.714795470E-01 2.278618485E-04
 7.500000000E-01 7.745579481E-01 2.325296373E-04
 7.500000000E-01 7.776274681E-01 2.372942836E-04
 7.500000000E-01 7.806891203E-01 2.421557874E-04
 7.500000000E-01 7.837436795E-01 2.471141634E-04
 7.500000000E-01 7.867919207E-01 2.521731076E-04
 7.500000000E-01 7.898346186E-01 2.573326346E-04
 7.500000000E-01 7.928724289E-01 2.626001951E-04
 7.500000000E-01 7.959060073E-01 2.679720637E-04
 7.500000000E-01 7.989360690E-01 2.734556911E-04
 7.500000000E-01 8.019632101E-01 2.790473518E-04
 7.500000000E-01 8.049879670E-01 2.847544965E-04
 7.500000000E-01 8.080108762E-01 2.905771253E-04
 7.500000000E-01 8.110325933E-01 2.965189633E-04
 7.500000000E-01 8.140534759E-01 3.025800106E-04
 7.500000000E-01 8.170741200E-01 3.087639925E-04
 7.500000000E-01 8.200949430E-01 3.150746343E-04
 7.500000000E-01 8.231164217E-01 3.215119359E-04
 7.500000000E-01 8.261389136E-01 3.280796227E-04
 7.500000000E-01 8.291627169E-01 3.347814200E-04
 7.500000000E-01 8.321885467E-01 3.416210529E-04
 7.500000000E-01 8.352163434E-01 3.485985217E-04
 7.500000000E-01 8.382467031E-01 3.557175514E-04
 7.500000000E-01 8.412800431E-01 3.629818675E-04
 7.500000000E-01 8.443164229E-01 3.703951952E-04
 7.500000000E-01 8.473562002E-01 3.779575345E-04
 7.500000000E-01 8.503997922E-01 3.856726107E-04
 7.500000000E-01 8.534473181E-01 3.935478744E-04
 7.500000000E-01 8.564990759E-01 4.015796003E-04
 7.500000000E-01 8.595553041E-01 4.097752389E-04
 7.500000000E-01 8.626161814E-01 4.181385157E-04
 7.500000000E-01 8.656819463E-01 4.266731557E-04
 7.500000000E-01 8.687528372E-01 4.353791592E-04
 7.500000000E-01 8.718289733E-01 4.442639765E-04
 7.500000000E-01 8.749105930E-01 4.533276078E-04
 7.500000000E-01 8.779977560E-01 4.625775036E-04
 7.500000000E-01 8.810906410E-01 4.720136640E-04
 7.500000000E-01 8.841893673E-01 4.816435394E-04
 7.500000000E-01 8.872941732E-01 4.914671299E-04
 7.500000000E-01 8.904049397E-01 5.014918861E-04
 7.500000000E-01 8.935219646E-01 5.117215333E-04
 7.500000000E-01 8.966452479E-01 5.221597967E-04
 7.500000000E-01 8.997747898E-01 5.328104016E-04
 7.500000000E-01 9.029108286E-01 5.436733481E-04
 7.500000000E-01 9.060532451E-01 5.547635374E-04
 7.500000000E-01 9.092021585E-01 5.660772440E-04
 7.500000000E-01 9.123575687E-01 5.776181933E-04
 7.500000000E-01 9.155194759E-01 5.893975613E-04
 7.500000000E-01 9.186879396E-01 6.014153478E-04
 7.500000000E-01 9.218627810E-01 6.136790034E-04
 7.500000000E-01 9.250442386E-01 6.261922535E-04
 7.500000000E-01 9.282320142E-01 6.389588234E-04
 7.500000000E-01 9.314262867E-01 6.519861636E-04
 7.500000000E-01 9.346268177E-01 6.652779994E-04
 7.500000000E-01 9.378336072E-01 6.788380560E-04
 7.500000000E-01 9.410465360E-01 6.926775095E-04
 7.500000000E-01 9.442654252E-01 7.068000850E-04
 7.500000000E-01 9.474903345E-01 7.212057826E-04
 7.500000000E-01 9.507211447E-01 7.359095034E-04
 7.500000000E-01 9.539574981E-01 7.509112475E-04
 7.500000000E-01 9.571993947E-01 7.662147400E-04
 7.500000000E-01 9.604465961E-01 7.818348822E-04
 7.500000000E-01 9.636989832E-01 7.977716741E-04
 7.500000000E-01 9.669563174E-01 8.140288410E-04
 7.500000000E-01 9.702183008E-01 8.306212840E-04
 7.500000000E-01 9.734848738E-01 8.475527284E-04
 7.500000000E-01 9.767556190E-01 8.648268995E-04
 7.500000000E-01 9.800303578E-01 8.824512479E-04
 7.500000000E-01 9.833087325E-01 9.004369495E-04
 7.500000000E-01 9.865906239E-01 9.187877295E-04
 7.500000000E-01 9.898754954E-01 9.375147638E-04
 7.500000000E-01 9.931631684E-01 9.566217777E-04
 7.500000000E-01 9.964532852E-01 9.761162219E-04
 7.500000000E-01 9.997454882E-01 9.960092138E-04
 7.500000000E-01 1.003039241E+00 1.016304595E-03
 7.500000000E-01 1.006334305E+00 1.037017209E-03
 7.500000000E-01 1.009630203E+00 1.058150781E-03
 7.500000000E-01 1.012926579E+00 1.079712762E-03
 7.500000000E-01 1.016222835E+00 1.101718051E-03
 7.500000000E-01 1.019518733E+00 1.124166651E-03
 7.500000000E-01 1.022813559E+00 1.147073461E-03
 7.500000000E-01 1.026106834E+00 1.170449657E-03
 7.500000000E-01 1.029398203E+00 1.194298966E-03
 7.500000000E-01 1.032686949E+00 1.218636287E-03
 7.500000000E-01 1.035972476E+00 1.243469073E-03
 7.500000000E-01 1.039254546E+00 1.268808497E-03
 7.500000000E-01 1.042532206E+00 1.294662012E-03
 7.500000000E-01 1.045805097E+00 1.321040792E-03
 7.500000000E-01 1.049072385E+00 1.347959740E-03
 7.500000000E-01 1.052333474E+00 1.375426305E-03
 7.500000000E-01 1.055587888E+00 1.403451664E-03
 7.500000000E-01 1.058834910E+00 1.432050718E-03
 7.500000000E-01 1.062073708E+00 1.461227192E-03
 7.500000000E-01 1.065303683E+00 1.491003437E-03
 7.500000000E-01 1.068524122E+00 1.521383179E-03
 7.500000000E-01 1.071734428E+00 1.552381320E-03
 7.500000000E-01 1.074933648E+00 1.584012760E-03
 7.500000000E-01 1.078121185E+00 1.616288675E-03
 7.500000000E-01 1.081296325E+00 1.649220241E-03
 7.500000000E-01 1.084458351E+00 1.682822360E-03
 7.500000000E-01 1.087606311E+00 1.717109932E-03
 7.500000000E-01 1.090739608E+00 1.752097858E-03
 7.500000000E-01 1.093857527E+00 1.787797315E-03
 7.500000000E-01 1.096959233E+00 1.824223204E-03
 7.500000000E-01 1.100044012E+00 1.861390425E-03
 7.500000000E-01 1.103111029E+00 1.899313880E-03
 7.500000000E-01 1.106159687E+00 1.938012196E-03
 7.500000000E-01 1.109189034E+00 1.977500273E-03
 7.500000000E-01 1.112198591E+00 2.017789287E-03
 7.500000000E-01 1.115187526E+00 2.058901591E-03
 7.500000000E-01 1.118155241E+00 2.100852085E-03
 7.500000000E-01 1.121100903E+00 2.143655671E-03
 7.500000000E-01 1.124023795E+00 2.187330974E-03
 7.500000000E-01 1.126923561E+00 2.231892897E-03
 7.500000000E-01 1.129799485E+00 2.277367515E-03
 7.500000000E-01 1.132650733E+00 2.323766006E-03
 7.500000000E-01 1.135477066E+00 2.371110721E-03
 7.500000000E-01 1.138277769E+00 2.419420285E-03
 7.500000000E-01 1.141052365E+00 2.468713326E-03
 7.500000000E-01 1.143800378E+00 2.519012196E-03
 7.500000000E-01 1.146521568E+00 2.570335520E-03
 7.500000000E-01 1.149215221E+00 2.622701926E-03
 7.500000000E-01 1.151881337E+00 2.676137490E-03
 7.500000000E-01 1.154519200E+00 2.730660839E-03
 7.500000000E-01 1.157128930E+00 2.786294324E-03
 7.500000000E-01 1.159710288E+00 2.843060298E-03
 7.500000000E-01 1.162262917E+00 2.900984837E-03
 7.500000000E-01 1.164786816E+00 2.960086567E-03
 7.500000000E-01 1.167281747E+00 3.020395292E-03
 7.500000000E-01 1.169747710E+00 3.081933362E-03
 7.500000000E-01 1.172184944E+00 3.144723130E-03
 7.500000000E-01 1.174593329E+00 3.208790673E-03
 7.500000000E-01 1.176973224E+00 3.274165792E-03
 7.500000000E-01 1.179324389E+00 3.340874566E-03
 7.500000000E-01 1.181647301E+00 3.408939345E-03
 7.500000000E-01 1.183942199E+00 3.478389932E-03
 7.500000000E-01 1.186209202E+00 3.549256129E-03
 7.500000000E-01 1.188449025E+00 3.621567739E-03
 7.500000000E-01 1.190661430E+00 3.695350839E-03
 7.500000000E-01 1.192847252E+00 3.770638956E-03
 7.500000000E-01 1.195006967E+00 3.847458167E-03
 7.500000000E-01 1.197140694E+00 3.925845958E-03
 7.500000000E-01 1.199249268E+00 4.005827941E-03
 7.500000000E-01 1.201332927E+00 4.087441601E-03
 7.500000000E-01 1.203392148E+00 4.170713015E-03
 7.500000000E-01 1.205427766E+00 4.255686887E-03
 7.500000000E-01 1.207440019E+00 4.342389293E-03
 7.500000000E-01 1.209429502E+00 4.430857487E-03
 7.500000000E-01 1.211396813E+00 4.521128722E-03
 7.500000000E-01 1.213342428E+00 4.613240249E-03
 7.500000000E-01 1.215266824E+00 4.707225598E-03
 7.500000000E-01 1.217170358E+00 4.803125747E-03
 7.500000000E-01 1.219053626E+00 4.900981672E-03
 7.500000000E-01 1.220916867E+00 5.000830628E-03
 7.500000000E-01 1.222760797E+00 5.102713592E-03
 7.500000000E-01 1.224585176E+00 5.206671543E-03
 7.500000000E-01 1.226390719E+00 5.312749185E-03
 7.500000000E-01 1.228177309E+00 5.420987494E-03
 7.500000000E-01 1.229945183E+00 5.531431176E-03
 7.500000000E-01 1.231694460E+00 5.644121207E-03
 7.500000000E-01 1.233424902E+00 5.759109743E-03
 7.500000000E-01 1.235136509E+00 5.876441486E-03
 7.500000000E-01 1.236828923E+00 5.996164866E-03
 7.500000000E-01 1.238501787E+00 6.118324585E-03
 7.500000000E-01 1.240154743E+00 6.242972799E-03
 7.500000000E-01 1.241786957E+00 6.370161660E-03
 7.500000000E-01 1.243397713E+00 6.499943323E-03
 7.500000000E-01 1.244986176E+00 6.632366218E-03
 7.500000000E-01 1.246550918E+00 6.767489947E-03
 7.500000000E-01 1.248090982E+00 6.905362941E-03
 7.500000000E-01 1.249604464E+00 7.046048529E-03
 7.500000000E-01 1.251089692E+00 7.189598866E-03
 7.500000000E-01 1.252544522E+00 7.336073555E-03
 7.500000000E-01 1.253966928E+00 7.485532202E-03
 7.500000000E-01 1.255353808E+00 7.638034411E-03
 7.500000000E-01 1.256702423E+00 7.793643512E-03
 7.500000000E-01 1.258009434E+00 7.952426560E-03
 7.500000000E-01 1.259270906E+00 8.114439435E-03
 7.500000000E-01 1.260482669E+00 8.279756643E-03
 7.500000000E-01 1.261640429E+00 8.448441513E-03
 7.500000000E-01 1.262738466E+00 8.620561101E-03
 7.500000000E-01 1.263771296E+00 8.796186186E-03
 7.500000000E-01 1.264732242E+00 8.975395001E-03
 7.500000000E-01 1.265614390E+00 9.158250876E-03
 7.500000000E-01 1.266409278E+00 9.344832040E-03
 7.500000000E-01 1.267108440E+00 9.535213001E-03
 7.500000000E-01 1.267701626E+00 9.729475714E-03
 7.500000000E-01 1.268177867E+00 9.927694686E-03
 7.500000000E-01 1.268525481E+00 1.012995187E-02
 7.500000000E-01 1.268732309E+00 1.033632923E-02
 7.500000000E-01 1.268785477E+00 1.054691244E-02
 7.500000000E-01 1.268672347E+00 1.076178346E-02
 7.500000000E-01 1.268379211E+00 1.098103542E-02
 7.500000000E-01 1.267890930E+00 1.120475028E-02
 7.500000000E-01 1.267194867E+00 1.143302489E-02
 7.500000000E-01 1.266319036E+00 1.166595239E-02
 7.500000000E-01 1.265398860E+00 1.190362219E-02
 7.500000000E-01 1.264582515E+00 1.214613486E-02
 7.500000000E-01 1.263874650E+00 1.239358727E-02
 7.500000000E-01 1.263206720E+00 1.264608372E-02
 7.500000000E-01 1.262541771E+00 1.290372480E-02
 7.500000000E-01 1.261869311E+00 1.316661108E-02
 7.500000000E-01 1.261186600E+00 1.343485434E-02
 7.500000000E-01 1.260493040E+00 1.370855886E-02
 7.500000000E-01 1.259788156E+00 1.398784388E-02
 7.500000000E-01 1.259071827E+00 1.427282114E-02
 7.500000000E-01 1.258343816E+00 1.456360240E-02
 7.500000000E-01 1.257604122E+00 1.486030687E-02
 7.500000000E-01 1.256852508E+00 1.516305376E-02
 7.500000000E-01 1.256088972E+00 1.547196973E-02
 7.500000000E-01 1.255313158E+00 1.578718051E-02
 7.500000000E-01 1.254524946E+00 1.610881463E-02
 7.500000000E-01 1.253724456E+00 1.643699780E-02
 7.500000000E-01 1.252911448E+00 1.677187160E-02
 7.500000000E-01 1.252085805E+00 1.711356267E-02
 7.500000000E-01 1.251247287E+00 1.746221259E-02
 7.500000000E-01 1.250395775E+00 1.781797037E-02
 7.500000000E-01 1.249531507E+00 1.818097755E-02
 7.500000000E-01 1.248653889E+00 1.855138317E-02
 7.500000000E-01 1.247763038E+00 1.892932877E-02
 7.500000000E-01 1.246858835E+00 1.931497827E-02
 7.500000000E-01 1.245941162E+00 1.970848069E-02
 7.500000000E-01 1.245009780E+00 2.010999992E-02
 7.500000000E-01 1.244064689E+00 2.051969990E-02
 7.500000000E-01 1.243105888E+00 2.093774453E-02
 7.500000000E-01 1.242133141E+00 2.136431262E-02
 7.500000000E-01 1.241146326E+00 2.179956809E-02
 7.500000000E-01 1.240145564E+00 2.224368975E-02
 7.500000000E-01 1.239130497E+00 2.269686386E-02
 7.500000000E-01 1.238101125E+00 2.315926179E-02
 7.500000000E-01 1.237057328E+00 2.363108471E-02
 7.500000000E-01 1.235999227E+00 2.411251888E-02
 7.500000000E-01 1.234926462E+00 2.460376546E-02
 7.500000000E-01 1.233839154E+00 2.510501817E-02
 7.500000000E-01 1.232737184E+00 2.561648563E-02
 7.500000000E-01 1.231620550E+00 2.613836899E-02
 7.500000000E-01 1.230489016E+00 2.667088434E-02
 7.500000000E-01 1.229342699E+00 2.721424773E-02
 7.500000000E-01 1.228181601E+00 2.776868269E-02
 7.500000000E-01 1.227005482E+00 2.833441272E-02
 7.500000000E-01 1.225814342E+00 2.891167626E-02
 7.500000000E-01 1.224608302E+00 2.950068936E-02
 7.500000000E-01 1.223387122E+00 3.010170534E-02
 7.500000000E-01 1.222151041E+00 3.071497008E-02
 7.500000000E-01 1.220899940E+00 3.134072199E-02
 7.500000000E-01 1.219633698E+00 3.197922930E-02
 7.500000000E-01 1.218352437E+00 3.263073787E-02
 7.500000000E-01 1.217056155E+00 3.329552338E-02
 7.500000000E-01 1.215744972E+00 3.397385404E-02
 7.500000000E-01 1.214418530E+00 3.466600552E-02
 7.500000000E-01 1.213077307E+00 3.537225351E-02
 7.500000000E-01 1.211721182E+00 3.609288856E-02
 7.500000000E-01 1.210350275E+00 3.682820871E-02
 7.500000000E-01 1.208964348E+00 3.757851198E-02
 7.500000000E-01 1.207563758E+00 3.834409639E-02
 7.500000000E-01 1.206148505E+00 3.912528232E-02
 7.500000000E-01 1.204718709E+00 3.992238268E-02
 7.500000000E-01 1.203274369E+00 4.073571786E-02
 7.500000000E-01 1.201815605E+00 4.156563058E-02
 7.500000000E-01 1.200342655E+00 4.241244122E-02
 7.500000000E-01 1.198855400E+00 4.327650741E-02
 7.500000000E-01 1.197354198E+00 4.415817931E-02
 7.500000000E-01 1.195839167E+00 4.505781457E-02
 7.500000000E-01 1.194310308E+00 4.597577825E-02
 7.500000000E-01 1.192767978E+00 4.691244289E-02
 7.500000000E-01 1.191212058E+00 4.786818847E-02
 7.500000000E-01 1.189642906E+00 4.884340242E-02
 7.500000000E-01 1.188060880E+00 4.983849451E-02
 7.500000000E-01 1.186465859E+00 5.085385218E-02
 7.500000000E-01 1.184858322E+00 5.188989267E-02
 7.500000000E-01 1.183238268E+00 5.294704810E-02
 7.500000000E-01 1.181606174E+00 5.402573571E-02
 7.500000000E-01 1.179962039E+00 5.512640253E-02
 7.500000000E-01 1.178306222E+00 5.624948815E-02
 7.500000000E-01 1.176639199E+00 5.739546195E-02
 7.500000000E-01 1.174960852E+00 5.856477842E-02
 7.500000000E-01 1.173271656E+00 5.975791439E-02
 7.500000000E-01 1.171571970E+00 6.097536162E-02
 7.500000000E-01 1.169862032E+00 6.221761182E-02
 7.500000000E-01 1.168142319E+00 6.348517537E-02
 7.500000000E-01 1.166412830E+00 6.477855146E-02
 7.500000000E-01 1.164674163E+00 6.609828770E-02
 7.500000000E-01 1.162926674E+00 6.744490564E-02
 7.500000000E-01 1.161170721E+00 6.881895661E-02
 7.500000000E-01 1.159406424E+00 7.022100687E-02
 7.500000000E-01 1.157634377E+00 7.165161520E-02
 7.500000000E-01 1.155855179E+00 7.311137766E-02
 7.500000000E-01 1.154068947E+00 7.460086793E-02
 7.500000000E-01 1.152276039E+00 7.612071931E-02
 7.500000000E-01 1.150477052E+00 7.767151296E-02
 7.500000000E-01 1.148672342E+00 7.925391197E-02
 7.500000000E-01 1.146862507E+00 8.086855710E-02
 7.500000000E-01 1.145047784E+00 8.251608908E-02
 7.500000000E-01 1.143228650E+00 8.419719338E-02
 7.500000000E-01 1.141405702E+00 8.591254056E-02
 7.500000000E-01 1.139579296E+00 8.766283095E-02
 7.500000000E-01 1.137750030E+00 8.944877982E-02
 7.500000000E-01 1.135918379E+00 9.127111733E-02
 7.500000000E-01 1.134084582E+00 9.313058853E-02
 7.500000000E-01 1.132249475E+00 9.502793849E-02
 7.500000000E-01 1.130413532E+00 9.696392715E-02
 7.500000000E-01 1.128577113E+00 9.893937409E-02
 7.500000000E-01 1.126740694E+00 1.009550691E-01
 7.500000000E-01 1.124905109E+00 1.030118167E-01
 7.500000000E-01 1.123070359E+00 1.051104814E-01
 7.500000000E-01 1.121237636E+00 1.072518975E-01
 7.500000000E-01 1.119406939E+00 1.094369292E-01
 7.500000000E-01 1.117578983E+00 1.116664857E-01
 7.500000000E-01 1.115754485E+00 1.139414757E-01
 7.500000000E-01 1.113933682E+00 1.162627935E-01
 7.500000000E-01 1.112117171E+00 1.186314225E-01
 7.500000000E-01 1.110305786E+00 1.210482866E-01
 7.500000000E-01 1.108499765E+00 1.235143989E-01
 7.500000000E-01 1.106699705E+00 1.260307580E-01
 7.500000000E-01 1.104906201E+00 1.285983771E-01
 7.500000000E-01 1.103119850E+00 1.312183142E-01
 7.500000000E-01 1.101341009E+00 1.338916272E-01
 7.500000000E-01 1.099570513E+00 1.366193891E-01
 7.500000000E-01 1.097808480E+00 1.394027323E-01
 7.500000000E-01 1.096055627E+00 1.422427893E-01
 7.500000000E-01 1.094312549E+00 1.451406926E-01
 7.500000000E-01 1.092579842E+00 1.480976492E-01
 7.500000000E-01 1.090857744E+00 1.511148363E-01
 7.500000000E-01 1.089146852E+00 1.541934907E-01
 7.500000000E-01 1.087447762E+00 1.573348790E-01
 7.500000000E-01 1.085760832E+00 1.605402529E-01
 7.500000000E-01 1.084086657E+00 1.638109386E-01
 7.500000000E-01 1.082425594E+00 1.671482474E-01
 7.500000000E-01 1.080778122E+00 1.705535650E-01
 7.500000000E-01 1.079144835E+00 1.740282476E-01
 7.500000000E-01 1.077525854E+00 1.775737107E-01
 7.500000000E-01 1.075922012E+00 1.811914295E-01
 7.500000000E-01 1.074333429E+00 1.848828346E-01
 7.500000000E-01 1.072760582E+00 1.886494458E-01
 7.500000000E-01 1.071203709E+00 1.924927980E-01
 7.500000000E-01 1.069663525E+00 1.964144409E-01
 7.500000000E-01 1.068140149E+00 2.004159838E-01
 7.500000000E-01 1.066634059E+00 2.044990510E-01
 7.500000000E-01 1.065145493E+00 2.086653262E-01
 7.500000000E-01 1.063674688E+00 2.129164487E-01
 7.500000000E-01 1.062222123E+00 2.172542065E-01
 7.500000000E-01 1.060787916E+00 2.216802984E-01
 7.500000000E-01 1.059372425E+00 2.261966020E-01
 7.500000000E-01 1.057976127E+00 2.308049053E-01
 7.500000000E-01 1.056598902E+00 2.355070859E-01
 7.500000000E-01 1.055241108E+00 2.403050512E-01
 7.500000000E-01 1.053902984E+00 2.452007979E-01
 7.500000000E-01 1.052584529E+00 2.501962483E-01
 7.500000000E-01 1.051286221E+00 2.552934885E-01
 7.500000000E-01 1.050008059E+00 2.604945600E-01
 7.500000000E-01 1.048750281E+00 2.658016384E-01
 7.500000000E-01 1.047512770E+00 2.712168097E-01
 7.500000000E-01 1.046295762E+00 2.767422795E-01
 7.500000000E-01 1.045099497E+00 2.823803425E-01
 7.500000000E-01 1.043923855E+00 2.881332934E-01
 7.500000000E-01 1.042768955E+00 2.940034270E-01
 7.500000000E-01 1.041634679E+00 2.999931276E-01
 7.500000000E-01 1.040521383E+00 3.061048985E-01
 7.500000000E-01 1.039428711E+00 3.123411536E-01
 7.500000000E-01 1.038356900E+00 3.187044859E-01
 7.500000000E-01 1.037305832E+00 3.251974285E-01
 7.500000000E-01 1.036275387E+00 3.318226933E-01
 7.500000000E-01 1.035265684E+00 3.385829031E-01
 7.500000000E-01 1.034276485E+00 3.454808295E-01
 7.500000000E-01 1.033307791E+00 3.525193036E-01
 7.500000000E-01 1.032359481E+00 3.597011864E-01
 7.500000000E-01 1.031431437E+00 3.670293689E-01
 7.500000000E-01 1.030523539E+00 3.745068610E-01
 7.500000000E-01 1.029635549E+00 3.821366727E-01
 7.500000000E-01 1.028767467E+00 3.899219334E-01
 7.500000000E-01 1.027919054E+00 3.978658020E-01
 7.500000000E-01 1.027090192E+00 4.059715271E-01
 7.500000000E-01 1.026280522E+00 4.142423570E-01
 7.500000000E-01 1.025490046E+00 4.226817191E-01
 7.500000000E-01 1.024718404E+00 4.312930107E-01
 7.500000000E-01 1.023965478E+00 4.400797188E-01
 7.500000000E-01 1.023231030E+00 4.490454495E-01
 7.500000000E-01 1.022514820E+00 4.581938386E-01
 7.500000000E-01 1.021816492E+00 4.675286412E-01
 7.500000000E-01 1.021136045E+00 4.770535827E-01
 7.500000000E-01 1.020473003E+00 4.867725968E-01
 7.500000000E-01 1.019827247E+00 4.966895580E-01
 7.500000000E-01 1.019198418E+00 5.068086386E-01
 7.500000000E-01 1.018586159E+00 5.171338320E-01
 7.500000000E-01 1.017990351E+00 5.276693702E-01
 7.500000000E-01 1.017410755E+00 5.384196043E-01
 7.500000000E-01 1.016847014E+00 5.493887663E-01
 7.500000000E-01 1.016298771E+00 5.605814457E-01
 7.500000000E-01 1.015765905E+00 5.720021725E-01
 7.500000000E-01 1.015247822E+00 5.836555958E-01
 7.500000000E-01 1.014744520E+00 5.955463648E-01
 7.500000000E-01 1.014255643E+00 6.076794267E-01
 7.500000000E-01 1.013780832E+00 6.200596690E-01
 7.500000000E-01 1.013319850E+00 6.326921582E-01
 7.500000000E-01 1.012872338E+00 6.455819607E-01
 7.500000000E-01 1.012438059E+00 6.587343812E-01
 7.500000000E-01 1.012016654E+00 6.721547842E-01
 7.500000000E-01 1.011608005E+00 6.858485341E-01
 7.500000000E-01 1.011211634E+00 6.998213530E-01
 7.500000000E-01 1.010827303E+00 7.140787840E-01
 7.500000000E-01 1.010454774E+00 7.286266685E-01
 7.500000000E-01 1.010093570E+00 7.434709668E-01
 7.500000000E-01 1.009743810E+00 7.586176991E-01
 7.500000000E-01 1.009404778E+00 7.740730047E-01
 7.500000000E-01 1.009076476E+00 7.898432016E-01
 7.500000000E-01 1.008758545E+00 8.059346080E-01
 7.500000000E-01 1.008450747E+00 8.223538995E-01
 7.500000000E-01 1.008152723E+00 8.391076922E-01
 7.500000000E-01 1.007864237E+00 8.562028408E-01
 7.500000000E-01 1.007585168E+00 8.736462593E-01
 7.500000000E-01 1.007315040E+00 8.914450407E-01
 7.500000000E-01 1.007053852E+00 9.096063972E-01
 7.500000000E-01 1.006801248E+00 9.281377792E-01
 7.500000000E-01 1.006556869E+00 9.470467567E-01
 7.500000000E-01 1.006320596E+00 9.663408399E-01
 7.500000000E-01 1.006092310E+00 9.860281348E-01
 7.500000000E-01 1.005871534E+00 1.006116509E+00
 7.500000000E-01 1.005658269E+00 1.026614070E+00
 7.500000000E-01 1.005452156E+00 1.047529340E+00
 7.500000000E-01 1.005252957E+00 1.068870544E+00
 7.500000000E-01 1.005060673E+00 1.090646625E+00
 7.500000000E-01 1.004874825E+00 1.112866402E+00
 7.500000000E-01 1.004695415E+00 1.135538816E+00
 7.500000000E-01 1.004522085E+00 1.158673048E+00
 7.500000000E-01 1.004354835E+00 1.182278752E+00
 7.500000000E-01 1.004193306E+00 1.206365228E+00
 7.500000000E-01 1.004037499E+00 1.230942488E+00
 7.500000000E-01 1.003887057E+00 1.256020427E+00
 7.500000000E-01 1.003741860E+00 1.281609297E+00
 7.500000000E-01 1.003601909E+00 1.307719469E+00
 7.500000000E-01 1.003466845E+00 1.334361672E+00
 7.500000000E-01 1.003336549E+00 1.361546636E+00
 7.500000000E-01 1.003210902E+00 1.389285326E+00
 7.500000000E-01 1.003089666E+00 1.417589188E+00
 7.500000000E-01 1.002972722E+00 1.446469784E+00
 7.500000000E-01 1.002860069E+00 1.475938678E+00
 7.500000000E-01 1.002751470E+00 1.506007910E+00
 7.500000000E-01 1.002646685E+00 1.536689758E+00
 7.500000000E-01 1.002545834E+00 1.567996740E+00
 7.500000000E-01 1.002448559E+00 1.599941492E+00
 7.500000000E-01 1.002354860E+00 1.632537007E+00
 7.500000000E-01 1.002264619E+00 1.665796638E+00
 7.500000000E-01 1.002177596E+00 1.699733853E+00
 7.500000000E-01 1.002093911E+00 1.734362483E+00
 7.500000000E-01 1.002013206E+00 1.769696712E+00
 7.500000000E-01 1.001935482E+00 1.805750608E+00
 7.500000000E-01 1.001860619E+00 1.842539191E+00
 7.500000000E-01 1.001788735E+00 1.880077124E+00
 7.500000000E-01 1.001719356E+00 1.918379903E+00
 7.500000000E-01 1.001652598E+00 1.957463026E+00
 7.500000000E-01 1.001588464E+00 1.997342348E+00
 7.500000000E-01 1.001526713E+00 2.038034201E+00
 7.500000000E-01 1.001467347E+00 2.079555035E+00
 7.500000000E-01 1.001410246E+00 2.121921778E+00
 7.500000000E-01 1.001355290E+00 2.165151596E+00
 7.500000000E-01 1.001302361E+00 2.209262133E+00
 7.500000000E-01 1.001251698E+00 2.254271507E+00
 7.500000000E-01 1.001202822E+00 2.300197601E+00
 7.500000000E-01 1.001155972E+00 2.347059488E+00
 7.500000000E-01 1.001110911E+00 2.394876242E+00
 7.500000000E-01 1.001067638E+00 2.443666935E+00
 7.500000000E-01 1.001026154E+00 2.493451595E+00
 7.500000000E-01 1.000986338E+00 2.544250727E+00
 7.500000000E-01 1.000948191E+00 2.596084595E+00
 7.500000000E-01 1.000911474E+00 2.648974657E+00
 7.500000000E-01 1.000876307E+00 2.702942133E+00
 7.500000000E-01 1.000842690E+00 2.758009195E+00
 7.500000000E-01 1.000810385E+00 2.814198017E+00
 7.500000000E-01 1.000779629E+00 2.871531487E+00
 7.500000000E-01 1.000750184E+00 2.930033207E+00
 7.500000000E-01 1.000721931E+00 2.989726782E+00
 7.500000000E-01 1.000694990E+00 3.050636292E+00
 7.500000000E-01 1.000669360E+00 3.112786770E+00
 7.500000000E-01 1.000644922E+00 3.176203728E+00
 7.500000000E-01 1.000621557E+00 3.240912437E+00
 7.500000000E-01 1.000599384E+00 3.306939363E+00
 7.500000000E-01 1.000578284E+00 3.374311686E+00
 7.500000000E-01 1.000558376E+00 3.443056345E+00
 7.500000000E-01 1.000539422E+00 3.513201714E+00
 7.500000000E-01 1.000521541E+00 3.584775925E+00
 7.500000000E-01 1.000504851E+00 3.657808542E+00
 7.500000000E-01 1.000489116E+00 3.732329130E+00
 7.500000000E-01 1.000474334E+00 3.808367729E+00
 7.500000000E-01 1.000460625E+00 3.885955572E+00
 7.500000000E-01 1.000447989E+00 3.965123892E+00
 7.500000000E-01 1.000436187E+00 4.045905113E+00
 7.500000000E-01 1.000425577E+00 4.128332138E+00
 7.500000000E-01 1.000415802E+00 4.212438583E+00
 7.500000000E-01 1.000407219E+00 4.298258781E+00
 7.500000000E-01 1.000399470E+00 4.385827065E+00
 7.500000000E-01 1.000392914E+00 4.475179195E+00
 7.500000000E-01 1.000387430E+00 4.566351891E+00
 7.500000000E-01 1.000383139E+00 4.659382343E+00
 7.500000000E-01 1.000379920E+00 4.754307747E+00
 7.500000000E-01 1.000378013E+00 4.851167202E+00
 7.500000000E-01 1.000377417E+00 4.949999809E+00
ZONE T="x=1.20148"
 1.201478243E+00 0.000000000E+00 0.000000000E+00
 1.201478243E+00 1.760840067E-03 4.999999987E-07
 1.201478243E+00 3.522207262E-03 1.000203383E-06
 1.201478243E+00 5.284818355E-03 1.500813596E-06
 1.201478243E+00 7.049388718E-03 2.002034307E-06
 1.201478243E+00 8.816636167E-03 2.504069471E-06
 1.201478243E+00 1.058727782E-02 3.007123041E-06
 1.201478243E+00 1.236203220E-02 3.511400109E-06
 1.201478243E+00 1.414161921E-02 4.017105312E-06
 1.201478243E+00 1.592676155E-02 4.524444648E-06
 1.201478243E+00 1.771818101E-02 5.033624348E-06
 1.201478243E+00 1.951660402E-02 5.544851319E-06
 1.201478243E+00 2.132275701E-02 6.058334293E-06
 1.201478243E+00 2.313737199E-02 6.574281088E-06
 1.201478243E+00 2.496118285E-02 7.092902251E-06
 1.201478243E+00 2.679492161E-02 7.614408787E-06
 1.201478243E+00 2.863933332E-02 8.139012607E-06
 1.201478243E+00 3.049515560E-02 8.666926988E-06
 1.201478243E+00 3.236313909E-02 9.198367479E-06
 1.201478243E+00 3.424403444E-02 9.733548723E-06
 1.201478243E+00 3.613859415E-02 1.027268991E-05
 1.201478243E+00 3.804757819E-02 1.081600931E-05
 1.201478243E+00 3.997175768E-02 1.136372885E-05
 1.201478243E+00 4.191188514E-02 1.191607043E-05
 1.201478243E+00 4.386875406E-02 1.247325872E-05
 1.201478243E+00 4.584312439E-02 1.303552108E-05
 1.201478243E+00 4.783580080E-02 1.360308670E-05
 1.201478243E+00 4.984755442E-02 1.417618478E-05
 1.201478243E+00 5.187918991E-02 1.475504905E-05
 1.201478243E+00 5.393150821E-02 1.533991599E-05
 1.201478243E+00 5.600531027E-02 1.593102206E-05
 1.201478243E+00 5.810141936E-02 1.652860919E-05
 1.201478243E+00 6.022063643E-02 1.713291931E-05
 1.201478243E+00 6.236379966E-02 1.774419979E-05
 1.201478243E+00 6.453173608E-02 1.836269621E-05
 1.201478243E+00 6.672528386E-02 1.898866321E-05
 1.201478243E+00 6.894526631E-02 1.962235365E-05
 1.201478243E+00 7.119255513E-02 2.026402581E-05
 1.201478243E+00 7.346798480E-02 2.091394163E-05
 1.201478243E+00 7.577241212E-02 2.157236304E-05
 1.201478243E+00 7.810670882E-02 2.223956108E-05
 1.201478243E+00 8.047172427E-02 2.291580495E-05
 1.201478243E+00 8.286834508E-02 2.360136932E-05
 1.201478243E+00 8.529742807E-02 2.429653614E-05
 1.201478243E+00 8.775984496E-02 2.500158553E-05
 1.201478243E+00 9.025648236E-02 2.571680307E-05
 1.201478243E+00 9.278821945E-02 2.644248343E-05
 1.201478243E+00 9.535593539E-02 2.717891948E-05
 1.201478243E+00 9.796047211E-02 2.792640953E-05
 1.201478243E+00 1.006027535E-01 2.868526099E-05
 1.201478243E+00 1.032836139E-01 2.945577944E-05
 1.201478243E+00 1.060039178E-01 3.023828140E-05
 1.201478243E+00 1.087645367E-01 3.103308336E-05
 1.201478243E+00 1.115663052E-01 3.184050729E-05
 1.201478243E+00 1.144100726E-01 3.266088243E-05
 1.201478243E+00 1.172966510E-01 3.349454346E-05
 1.201478243E+00 1.202268377E-01 3.434183236E-05
 1.201478243E+00 1.232014298E-01 3.520308746E-05
 1.201478243E+00 1.262211949E-01 3.607866165E-05
 1.201478243E+00 1.292868555E-01 3.696891145E-05
 1.201478243E+00 1.323991269E-01 3.787420064E-05
 1.201478243E+00 1.355586797E-01 3.879489668E-05
 1.201478243E+00 1.387661397E-01 3.973137063E-05
 1.201478243E+00 1.420221031E-01 4.068400813E-05
 1.201478243E+00 1.453271210E-01 4.165319478E-05
 1.201478243E+00 1.486816555E-01 4.263932351E-05
 1.201478243E+00 1.520861536E-01 4.364279812E-05
 1.201478243E+00 1.555409431E-01 4.466402606E-05
 1.201478243E+00 1.590463221E-01 4.570341844E-05
 1.201478243E+00 1.626024842E-01 4.676140452E-05
 1.201478243E+00 1.662095189E-01 4.783841359E-05
 1.201478243E+00 1.698674709E-01 4.893487858E-05
 1.201478243E+00 1.735761911E-01 5.005125058E-05
 1.201478243E+00 1.773355007E-01 5.118798072E-05
 1.201478243E+00 1.811450273E-01 5.234553100E-05
 1.201478243E+00 1.850042939E-01 5.352437802E-05
 1.201478243E+00 1.889126897E-01 5.472499470E-05
 1.201478243E+00 1.928694248E-01 5.594787217E-05
 1.201478243E+00 1.968735307E-01 5.719350884E-05
 1.201478243E+00 2.009239346E-01 5.846241038E-05
 1.201478243E+00 2.050192505E-01 5.975508975E-05
 1.201478243E+00 2.091580480E-01 6.107207446E-05
 1.201478243E+00 2.133385986E-01 6.241390656E-05
 1.201478243E+00 2.175589949E-01 6.378112448E-05
 1.201478243E+00 2.218171358E-01 6.517428847E-05
 1.201478243E+00 2.261106670E-01 6.659396604E-05
 1.201478243E+00 2.304370403E-01 6.804072473E-05
 1.201478243E+00 2.347934842E-01 6.951516116E-05
 1.201478243E+00 2.391770035E-01 7.101787924E-05
 1.201478243E+00 2.435844094E-01 7.254948287E-05
 1.201478243E+00 2.480122745E-01 7.411059778E-05
 1.201478243E+00 2.524569631E-01 7.570186426E-05
 1.201478243E+00 2.569147646E-01 7.732391532E-05
 1.201478243E+00 2.613816559E-01 7.897742034E-05
 1.201478243E+00 2.658535838E-01 8.066305600E-05
 1.201478243E+00 2.703262269E-01 8.238149894E-05
 1.201478243E+00 2.747953236E-01 8.413345495E-05
 1.201478243E+00 2.792564034E-01 8.591963706E-05
 1.201478243E+00 2.837050557E-01 8.774075832E-05
 1.201478243E+00 2.881367803E-01 8.959758270E-05
 1.201478243E+00 2.925470769E-01 9.149084508E-05
 1.201478243E+00 2.969315946E-01 9.342132398E-05
 1.201478243E+00 3.012859523E-01 9.538980521E-05
 1.201478243E+00 3.056059480E-01 9.739708912E-05
 1.201478243E+00 3.098874986E-01 9.944399062E-05
 1.201478243E+00 3.141267598E-01 1.015313392E-04
 1.201478243E+00 3.183200061E-01 1.036599933E-04
 1.201478243E+00 3.224638402E-01 1.058308117E-04
 1.201478243E+00 3.265550137E-01 1.080446746E-04
 1.201478243E+00 3.305906653E-01 1.103024915E-04
 1.201478243E+00 3.345680833E-01 1.126051793E-04
 1.201478243E+00 3.384850621E-01 1.149536620E-04
 1.201478243E+00 3.423394561E-01 1.173489145E-04
 1.201478243E+00 3.461296856E-01 1.197918973E-04
 1.201478243E+00 3.498543203E-01 1.222835999E-04
 1.201478243E+00 3.535122871E-01 1.248250628E-04
 1.201478243E+00 3.571028113E-01 1.274172828E-04
 1.201478243E+00 3.606253564E-01 1.300613367E-04
 1.201478243E+00 3.640798330E-01 1.327583013E-04
 1.201478243E+00 3.674662411E-01 1.355092681E-04
 1.201478243E+00 3.707849085E-01 1.383153576E-04
 1.201478243E+00 3.740363419E-01 1.411777048E-04
 1.201478362E+00 3.772213757E-01 1.440974738E-04
 1.201478362E+00 3.803408444E-01 1.470758725E-04
 1.201478362E+00 3.833959401E-01 1.501140796E-04
 1.201478362E+00 3.863878846E-01 1.532133610E-04
 1.201478362E+00 3.893181086E-01 1.563749538E-04
 1.201478362E+00 3.921881020E-01 1.596001675E-04
 1.201478362E+00 3.949994445E-01 1.628902974E-04
 1.201478362E+00 3.977538943E-01 1.662466966E-04
 1.201478362E+00 4.004530609E-01 1.696707041E-04
 1.201478362E+00 4.030988812E-01 1.731637312E-04
 1.201478362E+00 4.056930542E-01 1.767272042E-04
 1.201478362E+00 4.082374573E-01 1.803625637E-04
 1.201478362E+00 4.107339978E-01 1.840712794E-04
 1.201478362E+00 4.131844044E-01 1.878548792E-04
 1.201478362E+00 4.155906737E-01 1.917148911E-04
 1.201478362E+00 4.179544151E-01 1.956528868E-04
 1.201478362E+00 4.202776253E-01 1.996704668E-04
 1.201478362E+00 4.225619137E-01 2.037692757E-04
 1.201478362E+00 4.248090982E-01 2.079509577E-04
 1.201478362E+00 4.270207882E-01 2.122172300E-04
 1.201478362E+00 4.291986823E-01 2.165698388E-04
 1.201478362E+00 4.313443601E-01 2.210105304E-04
 1.201478362E+00 4.334592819E-01 2.255411237E-04
 1.201478362E+00 4.355450869E-01 2.301634668E-04
 1.201478362E+00 4.376031160E-01 2.348794369E-04
 1.201478362E+00 4.396347404E-01 2.396909404E-04
 1.201478362E+00 4.416413903E-01 2.445999417E-04
 1.201478362E+00 4.436242580E-01 2.496084489E-04
 1.201478362E+00 4.455846250E-01 2.547184704E-04
 1.201478362E+00 4.475236237E-01 2.599321306E-04
 1.201478362E+00 4.494423866E-01 2.652514959E-04
 1.201478362E+00 4.513420463E-01 2.706787782E-04
 1.201478362E+00 4.532236159E-01 2.762161603E-04
 1.201478362E+00 4.550880492E-01 2.818659123E-04
 1.201478362E+00 4.569362700E-01 2.876303042E-04
 1.201478362E+00 4.587692022E-01 2.935116936E-04
 1.201478362E+00 4.605876803E-01 2.995124669E-04
 1.201478362E+00 4.623925388E-01 3.056350979E-04
 1.201478362E+00 4.641844928E-01 3.118820314E-04
 1.201478362E+00 4.659642577E-01 3.182558285E-04
 1.201478362E+00 4.677326381E-01 3.247591085E-04
 1.201478362E+00 4.694901705E-01 3.313944617E-04
 1.201478362E+00 4.712374806E-01 3.381646238E-04
 1.201478362E+00 4.729752541E-01 3.450723598E-04
 1.201478362E+00 4.747039378E-01 3.521204344E-04
 1.201478362E+00 4.764240682E-01 3.593117581E-04
 1.201478362E+00 4.781362414E-01 3.666492412E-04
 1.201478362E+00 4.798407853E-01 3.741358523E-04
 1.201478362E+00 4.815382361E-01 3.817746765E-04
 1.201478362E+00 4.832290411E-01 3.895687696E-04
 1.201478362E+00 4.849135280E-01 3.975213331E-04
 1.201478362E+00 4.865920544E-01 4.056355974E-04
 1.201478362E+00 4.882650077E-01 4.139148805E-04
 1.201478362E+00 4.899327755E-01 4.223625001E-04
 1.201478362E+00 4.915955961E-01 4.309819487E-04
 1.201478362E+00 4.932537973E-01 4.397767188E-04
 1.201478362E+00 4.949076176E-01 4.487503611E-04
 1.201478362E+00 4.965573549E-01 4.579065426E-04
 1.201478362E+00 4.982032478E-01 4.672489886E-04
 1.201478362E+00 4.998455048E-01 4.767814826E-04
 1.201478362E+00 5.014843941E-01 4.865079245E-04
 1.201478362E+00 5.031201243E-01 4.964323016E-04
 1.201478362E+00 5.047528148E-01 5.065585719E-04
 1.201478362E+00 5.063827038E-01 5.168908974E-04
 1.201478362E+00 5.080099106E-01 5.274334690E-04
 1.201478362E+00 5.096347332E-01 5.381905939E-04
 1.201478362E+00 5.112571716E-01 5.491666379E-04
 1.201478362E+00 5.128774047E-01 5.603660829E-04
 1.201478362E+00 5.144956112E-01 5.717934691E-04
 1.201478362E+00 5.161119103E-01 5.834534531E-04
 1.201478362E+00 5.177263618E-01 5.953507498E-04
 1.201478362E+00 5.193391442E-01 6.074902485E-04
 1.201478362E+00 5.209503174E-01 6.198768388E-04
 1.201478362E+00 5.225600004E-01 6.325155264E-04
 1.201478362E+00 5.241683125E-01 6.454115501E-04
 1.201478362E+00 5.257753134E-01 6.585700903E-04
 1.201478362E+00 5.273811817E-01 6.719965604E-04
 1.201478362E+00 5.289857984E-01 6.856963155E-04
 1.201478362E+00 5.305893421E-01 6.996750599E-04
 1.201478362E+00 5.321919322E-01 7.139383815E-04
 1.201478481E+00 5.337936282E-01 7.284921012E-04
 1.201478481E+00 5.353944302E-01 7.433421561E-04
 1.201478481E+00 5.369944572E-01 7.584945997E-04
 1.201478481E+00 5.385937691E-01 7.739555440E-04
 1.201478481E+00 5.401923656E-01 7.897313335E-04
 1.201478481E+00 5.417903066E-01 8.058283711E-04
 1.201478481E+00 5.433877707E-01 8.222531760E-04
 1.201478481E+00 5.449846983E-01 8.390124422E-04
 1.201478481E+00 5.465812087E-01 8.561130380E-04
 1.201478481E+00 5.481772423E-01 8.735618321E-04
 1.201478481E+00 5.497729182E-01 8.913659840E-04
 1.201478481E+00 5.513683558E-01 9.095327114E-04
 1.201478481E+00 5.529635549E-01 9.280694067E-04
 1.201478481E+00 5.545585155E-01 9.469836368E-04
 1.201478481E+00 5.561533570E-01 9.662830271E-04
 1.201478481E+00 5.577480793E-01 9.859754937E-04
 1.201478481E+00 5.593427420E-01 1.006069011E-03
 1.201478481E+00 5.609374046E-01 1.026571845E-03
 1.201478481E+00 5.625321865E-01 1.047492144E-03
 1.201478481E+00 5.641270280E-01 1.068838639E-03
 1.201478481E+00 5.657220483E-01 1.090619829E-03
 1.201478481E+00 5.673173070E-01 1.112844679E-03
 1.201478481E+00 5.689128637E-01 1.135522267E-03
 1.201478481E+00 5.705087781E-01 1.158661675E-03
 1.201478481E+00 5.721051097E-01 1.182272448E-03
 1.201478481E+00 5.737019181E-01 1.206364017E-03
 1.201478481E+00 5.752992630E-01 1.230946393E-03
 1.201478481E+00 5.768972635E-01 1.256029471E-03
 1.201478481E+00 5.784960389E-01 1.281623496E-03
 1.201478601E+00 5.800955296E-01 1.307738828E-03
 1.201478601E+00 5.816958547E-01 1.334386063E-03
 1.201478601E+00 5.832972527E-01 1.361576142E-03
 1.201478601E+00 5.848996639E-01 1.389320125E-03
 1.201478601E+00 5.865030885E-01 1.417629072E-03
 1.201478601E+00 5.881078839E-01 1.446514856E-03
 1.201478601E+00 5.897139907E-01 1.475988887E-03
 1.201478601E+00 5.913215876E-01 1.506063389E-03
 1.201478601E+00 5.929307342E-01 1.536750467E-03
 1.201478601E+00 5.945415497E-01 1.568062697E-03
 1.201478601E+00 5.961542130E-01 1.600012765E-03
 1.201478601E+00 5.977688432E-01 1.632613712E-03
 1.201478601E+00 5.993855596E-01 1.665878692E-03
 1.201478601E+00 6.010044217E-01 1.699821325E-03
 1.201478601E+00 6.026257277E-01 1.734455349E-03
 1.201478601E+00 6.042495966E-01 1.769794966E-03
 1.201478601E+00 6.058761477E-01 1.805854496E-03
 1.201478601E+00 6.075055599E-01 1.842648489E-03
 1.201478720E+00 6.091381311E-01 1.880192081E-03
 1.201478720E+00 6.107738614E-01 1.918500522E-03
 1.201478720E+00 6.124130487E-01 1.957589295E-03
 1.201478720E+00 6.140559316E-01 1.997474348E-03
 1.201478720E+00 6.157026887E-01 2.038171981E-03
 1.201478720E+00 6.173534989E-01 2.079698723E-03
 1.201478720E+00 6.190087199E-01 2.122071339E-03
 1.201478720E+00 6.206684709E-01 2.165307058E-03
 1.201478720E+00 6.223331094E-01 2.209423808E-03
 1.201478720E+00 6.240028739E-01 2.254439052E-03
 1.201478720E+00 6.256780028E-01 2.300371416E-03
 1.201478720E+00 6.273587942E-01 2.347239526E-03
 1.201478720E+00 6.290456653E-01 2.395062475E-03
 1.201478839E+00 6.307387352E-01 2.443859586E-03
 1.201478839E+00 6.324386001E-01 2.493650885E-03
 1.201478839E+00 6.341453791E-01 2.544456394E-03
 1.201478839E+00 6.358594894E-01 2.596297069E-03
 1.201478839E+00 6.375813484E-01 2.649193862E-03
 1.201478839E+00 6.393113732E-01 2.703167964E-03
 1.201478839E+00 6.410498619E-01 2.758241957E-03
 1.201478839E+00 6.427972913E-01 2.814437728E-03
 1.201478839E+00 6.445540786E-01 2.871778561E-03
 1.201478839E+00 6.463207006E-01 2.930287272E-03
 1.201478839E+00 6.480976939E-01 2.989988076E-03
 1.201478958E+00 6.498854160E-01 3.050905187E-03
 1.201478958E+00 6.516844630E-01 3.113063052E-03
 1.201478958E+00 6.534953117E-01 3.176487517E-03
 1.201478958E+00 6.553184986E-01 3.241203958E-03
 1.201478958E+00 6.571546197E-01 3.307238920E-03
 1.201478958E+00 6.590041518E-01 3.374618944E-03
 1.201478958E+00 6.608678699E-01 3.443371970E-03
 1.201478958E+00 6.627462506E-01 3.513525473E-03
 1.201479077E+00 6.646400690E-01 3.585108090E-03
 1.201479077E+00 6.665497422E-01 3.658149159E-03
 1.201479077E+00 6.684761047E-01 3.732678248E-03
 1.201479077E+00 6.704198718E-01 3.808725858E-03
 1.201479077E+00 6.723816991E-01 3.886322491E-03
 1.201479077E+00 6.743623614E-01 3.965499811E-03
 1.201479077E+00 6.763626337E-01 4.046290647E-03
 1.201479077E+00 6.783831716E-01 4.128727131E-03
 1.201479197E+00 6.804248095E-01 4.212843254E-03
 1.201479197E+00 6.824885011E-01 4.298672546E-03
 1.201479197E+00 6.845749021E-01 4.386250861E-03
 1.201479197E+00 6.866849661E-01 4.475613125E-03
 1.201479197E+00 6.888195872E-01 4.566796124E-03
 1.201479197E+00 6.909796000E-01 4.659837112E-03
 1.201479316E+00 6.931660175E-01 4.754772875E-03
 1.201479316E+00 6.953794956E-01 4.851642996E-03
 1.201479316E+00 6.976214051E-01 4.950487055E-03
 1.201479316E+00 6.998924017E-01 5.051344167E-03
 1.201479316E+00 7.021935582E-01 5.154256243E-03
 1.201479316E+00 7.045260072E-01 5.259265192E-03
 1.201479435E+00 7.068905234E-01 5.366413388E-03
 1.201479435E+00 7.092883587E-01 5.475744139E-03
 1.201479435E+00 7.117204666E-01 5.587302614E-03
 1.201479435E+00 7.141880393E-01 5.701133516E-03
 1.201479435E+00 7.166920304E-01 5.817283876E-03
 1.201479554E+00 7.192336321E-01 5.935800262E-03
 1.201479554E+00 7.218139768E-01 6.056731101E-03
 1.201479554E+00 7.244340777E-01 6.180125754E-03
 1.201479554E+00 7.270952463E-01 6.306034513E-03
 1.201479554E+00 7.297985554E-01 6.434508134E-03
 1.201479673E+00 7.325450778E-01 6.565599237E-03
 1.201479673E+00 7.353361249E-01 6.699360907E-03
 1.201479673E+00 7.381727695E-01 6.835847627E-03
 1.201479673E+00 7.410563231E-01 6.975115277E-03
 1.201479793E+00 7.439878583E-01 7.117220201E-03
 1.201479793E+00 7.469685078E-01 7.262219675E-03
 1.201479793E+00 7.499995828E-01 7.410173770E-03
 1.201479793E+00 7.530822158E-01 7.561142091E-03
 1.201479912E+00 7.562174797E-01 7.715185639E-03
 1.201479912E+00 7.594066262E-01 7.872368209E-03
 1.201479912E+00 7.626507282E-01 8.032752201E-03
 1.201480031E+00 7.659508586E-01 8.196404204E-03
 1.201480031E+00 7.693080902E-01 8.363390341E-03
 1.201480031E+00 7.727234364E-01 8.533777669E-03
 1.201480031E+00 7.761979699E-01 8.707636967E-03
 1.201480150E+00 7.797325253E-01 8.885038085E-03
 1.201480150E+00 7.833280563E-01 9.066053666E-03
 1.201480150E+00 7.869853973E-01 9.250756353E-03
 1.201480269E+00 7.907052636E-01 9.439222515E-03
 1.201480269E+00 7.944881916E-01 9.631528519E-03
 1.201480269E+00 7.983348966E-01 9.827752598E-03
 1.201480389E+00 8.022456765E-01 1.002797298E-02
 1.201480389E+00 8.062209487E-01 1.023227349E-02
 1.201480389E+00 8.102606535E-01 1.044073608E-02
 1.201480508E+00 8.143650889E-01 1.065344550E-02
 1.201480508E+00 8.185337186E-01 1.087048836E-02
 1.201480627E+00 8.227663636E-01 1.109195314E-02
 1.201480627E+00 8.270622492E-01 1.131793018E-02
 1.201480627E+00 8.314205408E-01 1.154851075E-02
 1.201480746E+00 8.358400464E-01 1.178378891E-02
 1.201480746E+00 8.403190970E-01 1.202385966E-02
 1.201480865E+00 8.448557854E-01 1.226882264E-02
 1.201480865E+00 8.494477868E-01 1.251877565E-02
 1.201480985E+00 8.540924191E-01 1.277382020E-02
 1.201480985E+00 8.587861657E-01 1.303406153E-02
 1.201480985E+00 8.635252714E-01 1.329960488E-02
 1.201481104E+00 8.683050275E-01 1.357055828E-02
 1.201481104E+00 8.731200695E-01 1.384703070E-02
 1.201481223E+00 8.779645562E-01 1.412913669E-02
 1.201481223E+00 8.828311563E-01 1.441698987E-02
 1.201481342E+00 8.877120018E-01 1.471070759E-02
 1.201481342E+00 8.925975561E-01 1.501040813E-02
 1.201481462E+00 8.974776268E-01 1.531621534E-02
 1.201481581E+00 9.023398757E-01 1.562825218E-02
 1.201481581E+00 9.071707129E-01 1.594664715E-02
 1.201481700E+00 9.119545817E-01 1.627152786E-02
 1.201481700E+00 9.166740775E-01 1.660302840E-02
 1.201481819E+00 9.213088155E-01 1.694128104E-02
 1.201481819E+00 9.258365035E-01 1.728642732E-02
 1.201481938E+00 9.302315116E-01 1.763860323E-02
 1.201482058E+00 9.344649315E-01 1.799795404E-02
 1.201482058E+00 9.385048151E-01 1.836462691E-02
 1.201482177E+00 9.423149228E-01 1.873876899E-02
 1.201482296E+00 9.458559155E-01 1.912053302E-02
 1.201482296E+00 9.490845799E-01 1.951007545E-02
 1.201482415E+00 9.519557357E-01 1.990755461E-02
 1.201482534E+00 9.544227719E-01 2.031313069E-02
 1.201482534E+00 9.564417601E-01 2.072697133E-02
 1.201482654E+00 9.579771161E-01 2.114924043E-02
 1.201482773E+00 9.590176940E-01 2.158011496E-02
 1.201482892E+00 9.596126080E-01 2.201976627E-02
 1.201482892E+00 9.598999619E-01 2.246837504E-02
 1.201483011E+00 9.600520730E-01 2.292612195E-02
 1.201483130E+00 9.601653218E-01 2.339319512E-02
 1.201483250E+00 9.602578282E-01 2.386978455E-02
 1.201483369E+00 9.603328705E-01 2.435608394E-02
 1.201483488E+00 9.603980780E-01 2.485229075E-02
 1.201483607E+00 9.604595304E-01 2.535860613E-02
 1.201483607E+00 9.605205655E-01 2.587523684E-02
 1.201483727E+00 9.605823159E-01 2.640239149E-02
 1.201483846E+00 9.606451392E-01 2.694028802E-02
 1.201483965E+00 9.607093334E-01 2.748914063E-02
 1.201484084E+00 9.607751369E-01 2.804917656E-02
 1.201484203E+00 9.608426094E-01 2.862062305E-02
 1.201484323E+00 9.609120488E-01 2.920371108E-02
 1.201484442E+00 9.609833360E-01 2.979867719E-02
 1.201484561E+00 9.610565901E-01 3.040576540E-02
 1.201484680E+00 9.611320496E-01 3.102522157E-02
 1.201484919E+00 9.612096548E-01 3.165729716E-02
 1.201485038E+00 9.612894058E-01 3.230225295E-02
 1.201485157E+00 9.613714218E-01 3.296034411E-02
 1.201485276E+00 9.614557028E-01 3.363184631E-02
 1.201485395E+00 9.615425467E-01 3.431702778E-02
 1.201485515E+00 9.616317153E-01 3.501616791E-02
 1.201485753E+00 9.617234468E-01 3.572954983E-02
 1.201485872E+00 9.618177414E-01 3.645746782E-02
 1.201485991E+00 9.619148374E-01 3.720021620E-02
 1.201486230E+00 9.620146155E-01 3.795809299E-02
 1.201486349E+00 9.621172547E-01 3.873141482E-02
 1.201486468E+00 9.622225761E-01 3.952048719E-02
 1.201486707E+00 9.623309970E-01 4.032563791E-02
 1.201486826E+00 9.624424577E-01 4.114719108E-02
 1.201487064E+00 9.625568986E-01 4.198548198E-02
 1.201487184E+00 9.626746178E-01 4.284085333E-02
 1.201487422E+00 9.627956152E-01 4.371364787E-02
 1.201487541E+00 9.629198909E-01 4.460422322E-02
 1.201487780E+00 9.630475640E-01 4.551294446E-02
 1.201487899E+00 9.631786942E-01 4.644018039E-02
 1.201488137E+00 9.633134007E-01 4.738630354E-02
 1.201488376E+00 9.634519219E-01 4.835170507E-02
 1.201488495E+00 9.635939598E-01 4.933677241E-02
 1.201488733E+00 9.637399316E-01 5.034191161E-02
 1.201488972E+00 9.638899565E-01 5.136752501E-02
 1.201489210E+00 9.640437365E-01 5.241403356E-02
 1.201489449E+00 9.642016888E-01 5.348186567E-02
 1.201489687E+00 9.643639326E-01 5.457144976E-02
 1.201489806E+00 9.645302892E-01 5.568323284E-02
 1.201490045E+00 9.647011161E-01 5.681766570E-02
 1.201490283E+00 9.648761749E-01 5.797521025E-02
 1.201490641E+00 9.650558829E-01 5.915633962E-02
 1.201490879E+00 9.652402997E-01 6.036153063E-02
 1.201491117E+00 9.654293060E-01 6.159127504E-02
 1.201491356E+00 9.656231403E-01 6.284607202E-02
 1.201491594E+00 9.658218622E-01 6.412643194E-02
 1.201491833E+00 9.660254717E-01 6.543288380E-02
 1.201492190E+00 9.662342668E-01 6.676594168E-02
 1.201492429E+00 9.664480686E-01 6.812616438E-02
 1.201492786E+00 9.666670561E-01 6.951409578E-02
 1.201493025E+00 9.668914080E-01 7.093030959E-02
 1.201493382E+00 9.671212435E-01 7.237536460E-02
 1.201493621E+00 9.673563838E-01 7.384987175E-02
 1.201493979E+00 9.675972462E-01 7.535441220E-02
 1.201494217E+00 9.678435922E-01 7.688960433E-02
 1.201494575E+00 9.680956602E-01 7.845607400E-02
 1.201494932E+00 9.683535099E-01 8.005446196E-02
 1.201495290E+00 9.686172009E-01 8.168540895E-02
 1.201495647E+00 9.688867927E-01 8.334958553E-02
 1.201496005E+00 9.691622853E-01 8.504766226E-02
 1.201496363E+00 9.694437981E-01 8.678033948E-02
 1.201496720E+00 9.697314501E-01 8.854831010E-02
 1.201497078E+00 9.700253010E-01 9.035230428E-02
 1.201497436E+00 9.703252316E-01 9.219304472E-02
 1.201497793E+00 9.706314802E-01 9.407129139E-02
 1.201498270E+00 9.709438682E-01 9.598780423E-02
 1.201498628E+00 9.712626338E-01 9.794336557E-02
 1.201499104E+00 9.715877771E-01 9.993876517E-02
 1.201499462E+00 9.719191790E-01 1.019748151E-01
 1.201499939E+00 9.722568393E-01 1.040523425E-01
 1.201500416E+00 9.726010561E-01 1.061721966E-01
 1.201500773E+00 9.729515314E-01 1.083352417E-01
 1.201501250E+00 9.733082652E-01 1.105423570E-01
 1.201501727E+00 9.736714959E-01 1.127944291E-01
 1.201502204E+00 9.740410447E-01 1.150923893E-01
 1.201502681E+00 9.744168520E-01 1.174371690E-01
 1.201503158E+00 9.747990370E-01 1.198297068E-01
 1.201503754E+00 9.751873016E-01 1.222710013E-01
 1.201504230E+00 9.755817056E-01 1.247620210E-01
 1.201504707E+00 9.759821892E-01 1.273037940E-01
 1.201505303E+00 9.763886333E-01 1.298973560E-01
 1.201505899E+00 9.768011570E-01 1.325437427E-01
 1.201506376E+00 9.772193432E-01 1.352440566E-01
 1.201506972E+00 9.776433110E-01 1.379993856E-01
 1.201507568E+00 9.780728221E-01 1.408108473E-01
 1.201508164E+00 9.785076976E-01 1.436795741E-01
 1.201508760E+00 9.789481163E-01 1.466067582E-01
 1.201509356E+00 9.793934226E-01 1.495935768E-01
 1.201510072E+00 9.798438549E-01 1.526412368E-01
 1.201510668E+00 9.802989960E-01 1.557510048E-01
 1.201511383E+00 9.807588458E-01 1.589241177E-01
 1.201511979E+00 9.812231064E-01 1.621618718E-01
 1.201512694E+00 9.816913009E-01 1.654655933E-01
 1.201513410E+00 9.821635485E-01 1.688366085E-01
 1.201514125E+00 9.826396704E-01 1.722763181E-01
 1.201514840E+00 9.831189513E-01 1.757861078E-01
 1.201515555E+00 9.836015701E-01 1.793673933E-01
 1.201516390E+00 9.840869904E-01 1.830216348E-01
 1.201517105E+00 9.845748544E-01 1.867503375E-01
 1.201517940E+00 9.850651026E-01 1.905549914E-01
 1.201518774E+00 9.855572581E-01 1.944371611E-01
 1.201519608E+00 9.860509634E-01 1.983984262E-01
 1.201520443E+00 9.865460396E-01 2.024403960E-01
 1.201521277E+00 9.870418906E-01 2.065647095E-01
 1.201522112E+00 9.875383377E-01 2.107730508E-01
 1.201523066E+00 9.880347252E-01 2.150671184E-01
 1.201523900E+00 9.885310531E-01 2.194486856E-01
 1.201524854E+00 9.890266061E-01 2.239194959E-01
 1.201525807E+00 9.895210862E-01 2.284814119E-01
 1.201526761E+00 9.900141358E-01 2.331362516E-01
 1.201527715E+00 9.905053973E-01 2.378859371E-01
 1.201528788E+00 9.909940362E-01 2.427323759E-01
 1.201529860E+00 9.914801717E-01 2.476775646E-01
 1.201530814E+00 9.919630885E-01 2.527234852E-01
 1.201531887E+00 9.924422503E-01 2.578722239E-01
 1.201533079E+00 9.929172993E-01 2.631258368E-01
 1.201534152E+00 9.933879375E-01 2.684864998E-01
 1.201535225E+00 9.938534498E-01 2.739563584E-01
 1.201536417E+00 9.943137765E-01 2.795376778E-01
 1.201537609E+00 9.947681427E-01 2.852326930E-01
 1.201538801E+00 9.952161908E-01 2.910437286E-01
 1.201540112E+00 9.956576824E-01 2.969731688E-01
 1.201541305E+00 9.960919023E-01 3.030233979E-01
 1.201542616E+00 9.965186715E-01 3.091968894E-01
 1.201543927E+00 9.969373941E-01 3.154961467E-01
 1.201545238E+00 9.973480105E-01 3.219237328E-01
 1.201546669E+00 9.977499247E-01 3.284822702E-01
 1.201547980E+00 9.981426001E-01 3.351744413E-01
 1.201549411E+00 9.985260367E-01 3.420029283E-01
 1.201550841E+00 9.988996983E-01 3.489705622E-01
 1.201552391E+00 9.992633462E-01 3.560801148E-01
 1.201553822E+00 9.996167421E-01 3.633345366E-01
 1.201555371E+00 9.999594092E-01 3.707367480E-01
 1.201557040E+00 1.000291348E+00 3.782897592E-01
 1.201558590E+00 1.000612140E+00 3.859966397E-01
 1.201560259E+00 1.000921726E+00 3.938605487E-01
 1.201561928E+00 1.001219630E+00 4.018846452E-01
 1.201563597E+00 1.001506090E+00 4.100722373E-01
 1.201565385E+00 1.001780748E+00 4.184266329E-01
 1.201567054E+00 1.002043605E+00 4.269512296E-01
 1.201568961E+00 1.002294421E+00 4.356495142E-01
 1.201570749E+00 1.002533078E+00 4.445249736E-01
 1.201572657E+00 1.002759933E+00 4.535812736E-01
 1.201574564E+00 1.002974510E+00 4.628220797E-01
 1.201576591E+00 1.003177166E+00 4.722511470E-01
 1.201578498E+00 1.003367782E+00 4.818722904E-01
 1.201580524E+00 1.003546596E+00 4.916894734E-01
 1.201582670E+00 1.003713369E+00 5.017066598E-01
 1.201584816E+00 1.003868461E+00 5.119279027E-01
 1.201586962E+00 1.004011989E+00 5.223574042E-01
 1.201589227E+00 1.004144073E+00 5.329993963E-01
 1.201591492E+00 1.004264951E+00 5.438581705E-01
 1.201593757E+00 1.004374743E+00 5.549381971E-01
 1.201596141E+00 1.004473805E+00 5.662439466E-01
 1.201598525E+00 1.004562140E+00 5.777800083E-01
 1.201600909E+00 1.004640222E+00 5.895510912E-01
 1.201603413E+00 1.004708290E+00 6.015620232E-01
 1.201606035E+00 1.004766464E+00 6.138176322E-01
 1.201608539E+00 1.004815340E+00 6.263229251E-01
 1.201611280E+00 1.004854918E+00 6.390829682E-01
 1.201613903E+00 1.004885674E+00 6.521030068E-01
 1.201616764E+00 1.004907966E+00 6.653882861E-01
 1.201619506E+00 1.004922152E+00 6.789442301E-01
 1.201622367E+00 1.004928470E+00 6.927763224E-01
 1.201625347E+00 1.004927278E+00 7.068902254E-01
 1.201628327E+00 1.004918933E+00 7.212917209E-01
 1.201631427E+00 1.004903913E+00 7.359865904E-01
 1.201634526E+00 1.004882336E+00 7.509807944E-01
 1.201637745E+00 1.004854798E+00 7.662805319E-01
 1.201640964E+00 1.004821539E+00 7.818919420E-01
 1.201644301E+00 1.004782915E+00 7.978214025E-01
 1.201647639E+00 1.004739165E+00 8.140754104E-01
 1.201651096E+00 1.004690886E+00 8.306605220E-01
 1.201654673E+00 1.004638314E+00 8.475835919E-01
 1.201658249E+00 1.004581571E+00 8.648513556E-01
 1.201661944E+00 1.004521370E+00 8.824709654E-01
 1.201665640E+00 1.004457593E+00 9.004495144E-01
 1.201669455E+00 1.004390836E+00 9.187943339E-01
 1.201673388E+00 1.004321337E+00 9.375129342E-01
 1.201677322E+00 1.004249334E+00 9.566128850E-01
 1.201681376E+00 1.004175067E+00 9.761019349E-01
 1.201685548E+00 1.004098892E+00 9.959880114E-01
 1.201689720E+00 1.004021049E+00 1.016279221E+00
 1.201694012E+00 1.003941894E+00 1.036983848E+00
 1.201698422E+00 1.003861427E+00 1.058110356E+00
 1.201702952E+00 1.003780007E+00 1.079667211E+00
 1.201707482E+00 1.003697872E+00 1.101663232E+00
 1.201712132E+00 1.003615141E+00 1.124107361E+00
 1.201716900E+00 1.003532052E+00 1.147008777E+00
 1.201721787E+00 1.003448725E+00 1.170376778E+00
 1.201726794E+00 1.003365517E+00 1.194220901E+00
 1.201731801E+00 1.003282309E+00 1.218550682E+00
 1.201736927E+00 1.003199458E+00 1.243376255E+00
 1.201742291E+00 1.003116965E+00 1.268707514E+00
 1.201747656E+00 1.003035069E+00 1.294554830E+00
 1.201753139E+00 1.002953768E+00 1.320928812E+00
 1.201758742E+00 1.002873302E+00 1.347840071E+00
 1.201764464E+00 1.002793670E+00 1.375299573E+00
 1.201770306E+00 1.002714992E+00 1.403318524E+00
 1.201776266E+00 1.002637506E+00 1.431908250E+00
 1.201782227E+00 1.002560973E+00 1.461080432E+00
 1.201788425E+00 1.002485752E+00 1.490846992E+00
 1.201794744E+00 1.002411604E+00 1.521220088E+00
 1.201801300E+00 1.002338886E+00 1.552211761E+00
 1.201807857E+00 1.002267599E+00 1.583835006E+00
 1.201814532E+00 1.002197504E+00 1.616102457E+00
 1.201821446E+00 1.002128959E+00 1.649027228E+00
 1.201828361E+00 1.002061725E+00 1.682622790E+00
 1.201835513E+00 1.001996040E+00 1.716902852E+00
 1.201842785E+00 1.001931906E+00 1.751881242E+00
 1.201850176E+00 1.001869202E+00 1.787572384E+00
 1.201857805E+00 1.001807928E+00 1.823990464E+00
 1.201865554E+00 1.001748323E+00 1.861150622E+00
 1.201873422E+00 1.001690269E+00 1.899067760E+00
 1.201881409E+00 1.001633525E+00 1.937757492E+00
 1.201889634E+00 1.001578450E+00 1.977235317E+00
 1.201898098E+00 1.001524806E+00 2.017517567E+00
 1.201906562E+00 1.001472712E+00 2.058620453E+00
 1.201915383E+00 1.001422167E+00 2.100560665E+00
 1.201924205E+00 1.001373053E+00 2.143355370E+00
 1.201933384E+00 1.001325369E+00 2.187021732E+00
 1.201942563E+00 1.001279116E+00 2.231577873E+00
 1.201952100E+00 1.001234412E+00 2.277041912E+00
 1.201961756E+00 1.001191020E+00 2.323431969E+00
 1.201971531E+00 1.001149058E+00 2.370767117E+00
 1.201981664E+00 1.001108408E+00 2.419066668E+00
 1.201991916E+00 1.001069188E+00 2.468350410E+00
 1.202002287E+00 1.001031160E+00 2.518637896E+00
 1.202013016E+00 1.000994563E+00 2.569950104E+00
 1.202023864E+00 1.000959158E+00 2.622307777E+00
 1.202035069E+00 1.000925183E+00 2.675731897E+00
 1.202046394E+00 1.000892282E+00 2.730244637E+00
 1.202057958E+00 1.000860691E+00 2.785867691E+00
 1.202069759E+00 1.000830293E+00 2.842624187E+00
 1.202081800E+00 1.000800967E+00 2.900536776E+00
 1.202094078E+00 1.000772834E+00 2.959629536E+00
 1.202106595E+00 1.000745893E+00 3.019925833E+00
 1.202119470E+00 1.000719905E+00 3.081450701E+00
 1.202132463E+00 1.000695229E+00 3.144229174E+00
 1.202145815E+00 1.000671506E+00 3.208286524E+00
 1.202159405E+00 1.000648856E+00 3.273648739E+00
 1.202173352E+00 1.000627279E+00 3.340342760E+00
 1.202187419E+00 1.000606775E+00 3.408395529E+00
 1.202201962E+00 1.000587106E+00 3.477834702E+00
 1.202216625E+00 1.000568628E+00 3.548688412E+00
 1.202231646E+00 1.000550985E+00 3.620985746E+00
 1.202247024E+00 1.000534415E+00 3.694756031E+00
 1.202262759E+00 1.000518799E+00 3.770029306E+00
 1.202278733E+00 1.000504255E+00 3.846836090E+00
 1.202294946E+00 1.000490546E+00 3.925207615E+00
 1.202311635E+00 1.000477910E+00 4.005175591E+00
 1.202328563E+00 1.000466228E+00 4.086772919E+00
 1.202345967E+00 1.000455499E+00 4.170032978E+00
 1.202363610E+00 1.000445843E+00 4.254988670E+00
 1.202381611E+00 1.000437140E+00 4.341675758E+00
 1.202400088E+00 1.000429511E+00 4.430128574E+00
 1.202418804E+00 1.000422835E+00 4.520383358E+00
 1.202437997E+00 1.000417352E+00 4.612476826E+00
 1.202457547E+00 1.000413060E+00 4.706446648E+00
 1.202477455E+00 1.000409842E+00 4.802330971E+00
 1.202497840E+00 1.000407934E+00 4.900168896E+00
 1.202518582E+00 1.000407338E+00 5.000000000E+00
