%F0331A Castro 2D curved mixing layer
%J. Fluid Mech. vol. 73, p. 265 (1976)
%Two sets of coordinates are used; offset r, theta coords.
%for highly-curved initial region (theta increasing with
%streamwise distance) and x,y coords. for straighter
%downstream section. 
%
%Part 1 -  Mean flow measurements in curved section
%Part 2 - Turbulence measurements in curved section
%Part 3 Turbulence measurements in straight section
%Part 4 Reference streamline
%
%__________________________________________________
%
%Part 1 - Mean flow measurements in curved section
%For mean U and V in downstream section in x,y coords.
%see Part 3.
%
%Station, theta (deg):
%     0.0
%    r      Utheta/Uref   Ur/Uref
2.8160E-01  9.8995E-01 -7.6064E-03
2.7660E-01  9.9198E-01 -5.3026E-03
2.7160E-01  9.9493E-01 -3.3034E-03
2.6660E-01  1.0000E+00 -1.5041E-03
2.6160E-01  1.0000E+00  2.0000E-04
2.5660E-01  9.6994E-01 -3.0456E-04
2.5160E-01  8.3192E-01 -7.5017E-03
2.4660E-01  6.3194E-01 -2.2201E-02
2.4160E-01  4.2799E-01 -4.2602E-02
2.3660E-01  2.4295E-01 -6.7202E-02
2.3160E-01  7.8000E-02 -9.5000E-02
%
%Station, theta (deg):
%     10.00
%    r      Utheta/Uref   Ur/Uref
2.8160E-01  9.6693E-01 -3.3301E-02
2.7660E-01  9.7396E-01 -3.1303E-02
2.7160E-01  9.8495E-01 -3.0003E-02
2.6660E-01  9.8792E-01 -2.8903E-02
2.6160E-01  9.9000E-01 -2.8005E-02
2.5660E-01  9.8198E-01 -2.7001E-02
2.5160E-01  8.8199E-01 -2.6800E-02
2.4660E-01  7.1399E-01 -2.9501E-02
2.4160E-01  5.4391E-01 -3.6002E-02
2.3660E-01  3.6699E-01 -4.5304E-02
2.3160E-01  2.3295E-01 -5.6805E-02
2.2660E-01  1.2197E-01 -7.0203E-02
3.3660E-01  0.0000E+00 -7.7000E-02
%
%Station, theta (deg):
%     20.00
%    r      Utheta/Uref   Ur/Uref
2.8530E-01  9.3092E-01 -9.5400E-02
2.8030E-01  9.4497E-01 -9.3802E-02
2.7530E-01  9.5795E-01 -9.2504E-02
2.7030E-01  9.6396E-01 -9.1206E-02
2.6530E-01  9.6900E-01 -8.9205E-02
2.6029E-01  9.4691E-01 -8.4602E-02
2.5530E-01  8.7491E-01 -7.5504E-02
2.5030E-01  7.4196E-01 -6.2800E-02
2.4530E-01  6.0592E-01 -5.0103E-02
2.4029E-01  4.5097E-01 -3.9305E-02
2.3530E-01  3.1996E-01 -3.1703E-02
2.3030E-01  2.1599E-01 -2.8002E-02
2.2530E-01  1.3198E-01 -2.7100E-02
2.2030E-01  7.1997E-02 -2.9306E-02
3.5030E-01  2.7907E-02 -3.5405E-02
3.5030E-01  0.0000E+00 -4.0002E-02
%
%Station, theta (deg):
%     30.00
%    r      Utheta/Uref   Ur/Uref
2.9090E-01  8.7997E-01 -8.2500E-02
2.8590E-01  8.9596E-01 -8.0302E-02
2.8090E-01  9.1196E-01 -7.8000E-02
2.7590E-01  9.2396E-01 -7.5702E-02
2.7090E-01  9.3000E-01 -7.3004E-02
2.6590E-01  9.1196E-01 -6.9801E-02
2.6090E-01  8.6295E-01 -6.5401E-02
2.5590E-01  7.6799E-01 -5.9504E-02
2.5089E-01  6.4793E-01 -5.3002E-02
2.4589E-01  5.1792E-01 -4.7201E-02
2.4089E-01  4.0595E-01 -4.3602E-02
2.3589E-01  2.9193E-01 -4.1800E-02
2.3089E-01  2.0600E-01 -4.1204E-02
2.2589E-01  1.2295E-01 -4.1104E-02
2.2089E-01  6.7983E-02 -4.1600E-02
2.1589E-01  4.7988E-02 -4.3802E-02
2.1090E-01  0.0000E+00 -3.7000E-02
%
%Station, theta (deg):
%     40.00
%    r      Utheta/Uref   Ur/Uref
2.9500E-01  8.2697E-01 -2.4400E-02
2.8999E-01  8.4792E-01 -2.1903E-02
2.8500E-01  8.6194E-01 -1.9102E-02
2.8000E-01  8.7998E-01 -1.6602E-02
2.7500E-01  8.8998E-01 -1.4402E-02
2.6999E-01  8.9400E-01 -1.2300E-02
2.6500E-01  8.5997E-01 -9.6006E-03
2.6000E-01  7.8499E-01 -5.7015E-03
2.5500E-01  6.8393E-01 -8.0224E-04
2.4999E-01  5.6996E-01  3.8978E-03
2.4499E-01  4.6992E-01  7.6991E-03
2.4000E-01  3.5997E-01  1.0200E-02
2.3500E-01  2.6198E-01  1.1798E-02
2.2999E-01  1.7700E-01  1.2997E-02
2.2499E-01  1.1894E-01  1.3200E-02
2.2000E-01  9.6969E-02  1.1899E-02
2.1500E-01  5.1996E-02  1.0997E-02
2.1000E-01  3.9000E-02  9.8987E-03
%
%Station, theta (deg):
%     50.00
%    r      Utheta/Uref   Ur/Uref
2.9280E-01  8.0798E-01  9.9994E-02
2.8780E-01  8.2893E-01  1.0599E-01
2.8279E-01  8.4592E-01  1.0999E-01
2.7780E-01  8.6696E-01  1.4500E-01
2.7279E-01  8.8200E-01  1.1900E-01
2.6780E-01  8.7896E-01  1.2299E-01
2.6279E-01  8.4592E-01  1.2499E-01
2.5780E-01  7.7992E-01  1.2299E-01
2.5280E-01  6.8799E-01  1.1600E-01
2.4780E-01  5.8498E-01  1.0599E-01
2.4280E-01  4.8299E-01  9.4989E-02
2.3779E-01  3.9097E-01  8.1989E-02
2.3280E-01  2.9396E-01  6.7988E-02
2.2779E-01  2.0499E-01  5.4000E-02
2.2280E-01  1.4195E-01  4.1000E-02
2.1779E-01  1.0494E-01  3.0990E-02
2.1280E-01  6.5984E-02  2.3996E-02
2.0780E-01  5.0943E-02  1.8991E-02
2.0280E-01  3.7000E-02  1.5000E-02
%
%Station, theta (deg):
%     60.00
%    r      Utheta/Uref   Ur/Uref
2.8250E-01  8.2994E-01  1.9499E-01
2.7749E-01  8.5195E-01  1.9799E-01
2.7250E-01  8.6696E-01  2.0100E-01
2.6750E-01  8.7694E-01  2.0299E-01
2.6249E-01  8.8300E-01  2.0400E-01
2.5750E-01  8.6492E-01  2.0299E-01
2.5250E-01  8.2099E-01  1.9600E-01
2.4749E-01  7.5496E-01  1.8398E-01
2.4250E-01  6.6497E-01  1.6500E-01
2.3750E-01  5.6995E-01  1.4298E-01
2.3249E-01  4.7492E-01  1.1799E-01
2.2750E-01  3.8493E-01  9.2996E-02
2.2250E-01  3.0100E-01  6.8988E-02
2.1749E-01  2.2099E-01  4.3994E-02
2.1249E-01  1.5795E-01  2.2991E-02
2.0750E-01  1.1394E-01  5.9994E-03
2.0249E-01  7.8962E-02 -7.4146E-03
1.9749E-01  6.1988E-02 -1.6105E-02
1.9250E-01  4.6975E-02 -2.1906E-02
1.8750E-01  3.0000E-02 -2.5300E-02
%
%Station, theta (deg):
%     70.00
%    r      Utheta/Uref   Ur/Uref
2.7310E-01  9.0798E-01  1.5000E-01
2.6809E-01  9.1298E-01  1.4698E-01
2.6310E-01  9.2500E-01  1.4499E-01
2.5810E-01  9.2093E-01  1.4199E-01
2.5309E-01  9.1594E-01  1.3800E-01
2.4810E-01  8.8199E-01  1.3099E-01
2.4310E-01  8.2899E-01  1.2098E-01
2.3809E-01  7.4694E-01  1.0699E-01
2.3310E-01  6.6397E-01  8.9992E-02
2.2810E-01  5.7295E-01  7.0981E-02
2.2309E-01  4.6999E-01  5.0992E-02
2.1810E-01  3.7897E-01  3.0982E-02
2.1310E-01  2.9998E-01  1.1992E-02
2.0809E-01  2.2293E-01 -6.5200E-03
2.0309E-01  1.6095E-01 -2.3014E-02
1.9810E-01  1.1396E-01 -3.7013E-02
1.9309E-01  6.9930E-02 -4.9014E-02
1.8809E-01  4.1995E-02 -5.8000E-02
1.8310E-01  0.0000E+00 -4.5000E-02
1.7810E-01  1.8500E+00  3.5800E-01
%
%Station, theta (deg):
%     80.00
%    r      Utheta/Uref   Ur/Uref
2.6660E-01  9.7192E-01  4.6000E-02
2.6159E-01  9.7492E-01  4.2998E-02
2.5659E-01  9.8000E-01  4.0995E-02
2.5160E-01  9.6891E-01  3.8998E-02
2.4660E-01  9.4400E-01  3.6995E-02
2.4160E-01  9.0198E-01  3.5997E-02
2.3659E-01  8.2396E-01  3.4998E-02
2.3159E-01  7.3099E-01  3.4000E-02
2.2660E-01  6.4893E-01  3.1997E-02
2.2160E-01  5.5897E-01  3.0998E-02
2.1660E-01  4.5191E-01  2.8995E-02
2.1159E-01  3.6195E-01  2.6000E-02
2.0659E-01  2.9098E-01  2.3997E-02
2.0159E-01  2.1898E-01  2.0995E-02
1.9660E-01  1.6399E-01  1.8000E-02
1.9160E-01  1.2197E-01  1.4998E-02
1.8659E-01  9.0948E-02  1.1997E-02
1.8159E-01  7.7976E-02  7.9968E-03
1.7659E-01  6.5944E-02  2.9984E-03
1.7160E-01  5.4946E-02 -4.0032E-03
1.6660E-01  4.7990E-02 -1.3002E-02
1.6160E-01  4.0000E-02 -1.8000E-02
%
%Station, theta (deg):
%     90.00
%    r      Utheta/Uref   Ur/Uref
2.6560E-01  9.8500E-01 -1.9001E-02
2.6059E-01  9.8500E-01 -2.1000E-02
2.5560E-01  9.7998E-01 -2.2000E-02
2.5060E-01  9.5998E-01 -2.1000E-02
2.4559E-01  9.2994E-01 -1.9001E-02
2.4060E-01  8.7596E-01 -1.5003E-02
2.3560E-01  8.0199E-01 -8.5012E-03
2.3059E-01  7.0999E-01 -2.1004E-03
2.2560E-01  6.2193E-01  4.9976E-03
2.2060E-01  5.4490E-01  1.1197E-02
2.1559E-01  4.2700E-01  1.8194E-02
2.1060E-01  3.4692E-01  2.5897E-02
2.0560E-01  2.7393E-01  3.1995E-02
2.0059E-01  2.1394E-01  3.6993E-02
1.9559E-01  1.6193E-01  4.0992E-02
1.9060E-01  1.1790E-01  4.4998E-02
1.8559E-01  9.1999E-02  4.7997E-02
1.8059E-01  6.2942E-02  5.2995E-02
1.7560E-01  2.9944E-02  6.2000E-02
1.7060E-01  0.0000E+00  5.8993E-02
%___________________________________________________
%
%Part 2 - Turbulence measurements in curved section
%
%Station, theta (deg):
%     0.0
%    r        Utheta2/Uref^2   Ur2/Uref^2     W2/Uref^2    UthetaUr/Uref^2  Ur3/Uref^3 Utheta2Ur/Uref^3 UthetaUr2/Uref^3 Utheta3/Uref^3 UthetaW2/Uref^3
2.6160E-01     6.1760E-04     6.4730E-04     1.6680E-04    -8.5848E-05    -1.4506E-05    -3.6228E-06    -2.4516E-07     2.1522E-06     1.0812E-06
2.5660E-01     2.2088E-03     2.3163E-03     1.1881E-03     3.1262E-04    -1.2614E-04    -8.3009E-05    -7.9686E-05    -1.0436E-04    -4.8788E-05
2.5160E-01     1.0372E-02     6.7433E-03     5.5031E-03     3.3339E-03    -3.7210E-04    -4.5920E-04    -4.0500E-04    -1.1070E-03    -2.7800E-04
2.4660E-01     2.0220E-02     1.1450E-02     1.1540E-02     7.2537E-03    -2.0655E-04    -3.4023E-04    -2.1206E-04    -6.5009E-04    -1.7892E-04
2.4160E-01     2.1500E-02     9.7745E-03     1.0720E-02     7.3300E-03     1.6330E-04     2.1349E-04     2.9388E-04     7.7566E-04     2.7918E-04
2.3660E-01     1.8378E-02     5.2979E-03     5.9910E-03     4.0560E-03     8.0875E-06     3.0340E-04     2.9430E-04     1.5760E-03     3.7990E-04
2.3160E-01     8.9142E-03     1.8496E-03     1.8364E-03     5.2024E-04    -2.4893E-05     9.8184E-05     1.1339E-04     1.1588E-03     1.5615E-04
2.2660E-01     2.4615E-03     7.5101E-04     3.7038E-04    -3.0340E-04    -2.4625E-05    -1.0791E-05     4.1993E-05     3.1526E-04     3.2595E-05
%
%Station, theta (deg):
%     10.00
%    r        Utheta2/Uref^2   Ur2/Uref^2     W2/Uref^2    UthetaUr/Uref^2  Ur3/Uref^3 Utheta2Ur/Uref^3 UthetaUr2/Uref^3 Utheta3/Uref^3 UthetaW2/Uref^3
2.6160E-01     2.4641E-03     3.5164E-03     1.2796E-02     3.2306E-02     7.9022E-02     1.7110E-01     1.6496E-01     1.1354E-01     1.4737E-01
2.5638E-01     4.2221E-02     2.4295E-02     4.3863E-02     9.2974E-02     2.1388E-02     1.2192E-01     1.0495E-01     1.0511E-01     1.2556E-02
2.5117E-01     1.2358E-01     5.9024E-02     1.0031E-01     2.3004E-01    -2.2120E-04     2.7945E-02    -3.1990E-04     9.5750E-02    -2.3600E-04
2.4595E-01     1.9841E-01     9.3775E-02     1.5610E-01     4.0757E-01     2.0623E-02    -4.1560E-04     5.8176E-03    -6.2680E-03     1.4904E-01
2.4074E-01     2.2140E-01     1.1040E-01     1.5549E-01     5.2580E-01     9.5888E-02     1.3029E-01     1.5369E-01     1.2116E-01     6.0760E-01
2.3552E-01     2.0562E-01     9.6230E-02     1.1192E-01     5.2096E-01     1.5580E-01     2.5511E-01     3.2188E-01     1.3445E-01     6.9794E-01
2.3031E-01     1.6646E-01     6.3232E-02     7.2780E-02     3.5732E-01     1.2929E-01     3.1400E-01     3.5860E-01     1.4120E-01     6.6064E-01
2.2509E-01     1.0479E-01     2.8591E-02     2.7885E-02     1.1476E-01     7.5933E-02     2.2816E-01     2.7429E-01     1.3797E-01     4.1788E-01
2.1988E-01     4.2836E-02     1.0958E-02     8.7583E-03     1.3364E-02     7.4653E-02     1.8801E-01     2.2246E-01     1.2784E-01     9.8380E-01
2.1466E-01     1.6290E-03     8.0950E-04     2.1580E-04    -3.6870E-04     8.1175E-02     1.7110E-01     1.8793E-01     1.1637E-01     2.7569E-01
%
%Station, theta (deg):
%     20.00
%    r        Utheta2/Uref^2   Ur2/Uref^2     W2/Uref^2    UthetaUr/Uref^2  Ur3/Uref^3 Utheta2Ur/Uref^3 UthetaUr2/Uref^3 Utheta3/Uref^3 UthetaW2/Uref^3
2.7090E-01     1.1910E-03     9.7800E-04     8.7710E-04    -5.0800E-05    -2.0657E-05    -6.8971E-06    -7.8380E-08    -2.8075E-05    -1.8883E-05
2.6590E-01     3.5250E-03     2.2232E-03     2.8153E-03     1.7265E-04    -6.9330E-05    -5.5455E-05     4.9546E-05     3.1961E-04    -1.3861E-04
2.6090E-01     8.2230E-03     4.4195E-03     6.4300E-03     9.5826E-04    -1.3970E-04    -1.7033E-04    -1.7497E-04    -8.2038E-04    -2.4867E-04
2.5590E-01     1.5299E-02     7.1793E-03     1.1123E-02     1.9028E-03    -1.7490E-04    -2.8829E-04    -3.0800E-04    -1.0750E-03    -2.9780E-04
2.5090E-01     1.9949E-02     9.0283E-03     1.3523E-02     3.0470E-03    -1.0903E-04    -3.1290E-04    -1.9004E-04    -4.6494E-04     8.3398E-05
2.4590E-01     2.1140E-02     9.5540E-03     1.4290E-02     3.1725E-03     2.2592E-05    -5.3489E-05     2.5484E-05     2.6920E-04     4.5886E-04
2.4090E-01     1.9819E-02     9.0789E-03     1.1217E-02     3.4960E-03     1.4645E-04     1.5117E-04     2.1831E-04     8.3790E-04     5.0988E-04
2.3590E-01     1.6781E-02     7.1038E-03     7.6600E-03     2.3458E-03     1.7960E-04     2.8290E-04     3.4410E-04     1.1765E-03     5.2110E-04
2.3090E-01     1.2454E-02     4.7712E-03     4.0761E-03     1.4552E-03     6.5664E-05     2.6616E-04     3.0667E-04     1.1850E-02     3.4848E-04
2.2590E-01     8.4105E-03     3.0242E-03     1.3989E-03     5.1704E-04     1.8834E-05     1.5635E-04     1.9301E-04     9.2191E-04     1.4514E-04
%
%Station, theta (deg):
%     30.00
%    r        Utheta2/Uref^2   Ur2/Uref^2     W2/Uref^2    UthetaUr/Uref^2  Ur3/Uref^3 Utheta2Ur/Uref^3 UthetaUr2/Uref^3 Utheta3/Uref^3 UthetaW2/Uref^3
2.7590E-01     1.0890E-03     1.3250E-03     4.1740E-04    -6.5503E-05    -2.5387E-05    -1.5161E-05    -2.9232E-06    -3.1475E-06    -3.1314E-06
2.7090E-01     2.4829E-03     2.7575E-03     1.0285E-02     1.8362E-04    -5.7194E-05    -4.7216E-05     7.1217E-05    -1.6338E-04    -4.8932E-05
2.6590E-01     5.9347E-03     4.2787E-03     3.2418E-02     4.8390E-04    -6.6576E-05    -1.2663E-04    -1.4640E-04    -6.3182E-04    -1.5353E-04
2.6090E-01     1.1455E-02     6.5357E-03     7.2562E-02     1.0845E-03    -7.0753E-05    -2.1501E-04    -2.3200E-04    -9.5690E-04    -2.5430E-04
2.5590E-01     1.6244E-02     8.2338E-03     9.8731E-02     2.1927E-03    -6.6655E-05    -2.8240E-04    -1.8984E-04    -8.2297E-04    -1.6374E-04
2.5090E-01     1.8800E-02     8.4270E-03     1.2090E-01     2.6490E-03    -7.9660E-05    -2.0366E-04    -5.3240E-05    -2.8747E-04     1.6348E-04
2.3090E-01     1.1333E-02     4.1559E-03     3.5586E-02     1.0327E-03     1.9090E-05     1.6780E-04     2.2090E-04     1.0510E-03     2.9160E-04
2.2590E-01     7.8210E-03     2.7724E-03     1.4393E-02    -1.7823E-04    -4.3399E-05     6.2768E-05     1.4037E-04     8.5904E-04     1.4039E-04
2.2090E-01     3.8006E-03     1.4678E-03     3.5018E-03    -5.0850E-04    -4.5700E-05    -2.1419E-05     7.8327E-05     4.2775E-04     5.8610E-05
%
%Station, theta (deg):
%     40.00
%    r        Utheta2/Uref^2   Ur2/Uref^2     W2/Uref^2    UthetaUr/Uref^2  Ur3/Uref^3 Utheta2Ur/Uref^3 UthetaUr2/Uref^3 Utheta3/Uref^3 UthetaW2/Uref^3
2.8000E-01     1.2102E-03     1.7821E-03     4.5766E-02    -4.3130E-05    -3.1392E-05    -1.5650E-05    -3.1200E-06    -9.8981E-06    -4.8813E-06
2.7500E-01     2.3550E-03     2.7745E-03     5.1294E-02     6.5604E-05    -4.2216E-05    -4.2036E-05    -5.4943E-05    -1.1881E-04    -3.3166E-05
2.7000E-01     5.2051E-03     4.6698E-03     6.1397E-02     3.1397E-04    -4.9256E-05    -1.2550E-04    -1.1916E-04    -5.0111E-04    -1.1552E-04
2.6500E-01     9.8052E-03     6.5239E-03     7.9906E-02     9.3577E-04    -2.7559E-05    -2.2231E-04    -2.1630E-04    -8.6670E-04    -2.4800E-04
2.6000E-01     1.4216E-02     8.0042E-03     9.6862E-02     1.7666E-03    -7.6740E-05    -2.3400E-04    -1.7303E-04    -8.1506E-04    -2.2310E-04
2.5500E-01     1.6126E-02     8.7459E-03     1.0872E-01     2.2333E-03    -5.3014E-05    -1.7258E-04    -8.8953E-05    -3.2385E-04    -8.7156E-06
2.5000E-01     1.7190E-02     8.4191E-03     1.1230E-01     2.8536E-03     2.7059E-05    -7.0075E-05     4.1910E-05     1.0157E-04     1.7817E-04
2.4500E-01     0.0000E+00     1.6120E-02    -8.1230E-03     2.8720E-03     1.2091E-04     5.4076E-05     1.2071E-04     5.4096E-04     2.6158E-04
2.4000E-01     1.4687E-02     6.8096E-03     8.9588E-02     2.7210E-03     1.7380E-04     1.7810E-04     2.2498E-04     7.0408E-04     3.0770E-04
2.3500E-01     1.1663E-02     5.2625E-03     7.3608E-02     2.0668E-03     1.6876E-04     2.0070E-04     2.5870E-04     8.3770E-04     2.7436E-04
2.3000E-01     8.7256E-03     3.6864E-03     6.0061E-02     1.5185E-03     1.5381E-04     1.7844E-04     2.3201E-04     7.8861E-04     1.8256E-04
2.2500E-01     6.5099E-03     2.5314E-03     5.1101E-02     9.2790E-04     1.0177E-04     1.4271E-04     1.6693E-04     6.4698E-04     1.0237E-04
2.2000E-01     2.7057E-03     9.2190E-04     4.6140E-02     2.2448E-04     3.0466E-05     3.9470E-05     5.3738E-05     2.4321E-04     3.9519E-05
%
%Station, theta (deg):
%     50.00
%    r        Utheta2/Uref^2   Ur2/Uref^2     W2/Uref^2    UthetaUr/Uref^2  Ur3/Uref^3 Utheta2Ur/Uref^3 UthetaUr2/Uref^3 Utheta3/Uref^3 UthetaW2/Uref^3
2.7780E-01     1.1420E-03     1.5880E-03     4.8050E-04    -1.7004E-04    -1.2602E-05    -3.1528E-06     2.6368E-06    -5.0850E-08    -2.7520E-08
2.7280E-01     1.9278E-03     2.6033E-03     1.1631E-03    -3.3540E-04    -2.7962E-05    -1.0162E-05    -1.5704E-05    -5.3046E-05    -2.2884E-05
2.6780E-01     3.8089E-03     4.4052E-03     2.6366E-03    -1.7040E-04    -3.9216E-05    -5.9819E-05    -8.2077E-05    -2.5421E-04    -8.1708E-05
2.6280E-01     7.2996E-03     6.2167E-03     4.7015E-03     4.3118E-04    -7.8870E-05    -1.5776E-04    -1.5220E-04    -6.0030E-04    -2.1552E-04
2.5780E-01     1.0548E-02     7.3951E-03     6.7889E-03     1.0737E-03    -4.6050E-05    -1.7700E-04    -1.4600E-04    -5.6882E-04    -2.1930E-04
2.5280E-01     1.2787E-02     8.1797E-03     8.9309E-03     2.3553E-03     1.4122E-04    -1.6020E-04    -1.1603E-04    -3.5443E-04    -1.3593E-04
2.4780E-01     1.4260E-02     8.4110E-03     9.8960E-03     3.1091E-03     5.0123E-05    -1.0810E-04    -6.1452E-05    -4.5836E-05    -1.8103E-05
2.4280E-01     1.4037E-02     8.1620E-03     9.6747E-03     3.3150E-03     9.2473E-05    -2.4644E-06     1.5557E-05     2.6432E-04     1.3388E-04
2.3780E-01     1.3116E-02     7.3753E-03     8.3142E-03     3.1522E-03     2.1074E-04     6.0929E-05     1.3371E-04     3.3871E-04     1.9238E-04
2.3280E-01     1.1825E-02     6.3866E-03     6.4753E-03     2.9708E-03     2.2777E-04     1.2667E-04     1.7002E-04     6.0140E-04     2.3600E-04
2.2780E-01     9.6031E-03     5.2526E-03     4.0782E-03     2.1899E-03     2.3460E-04     1.2999E-04     1.8870E-04     5.8386E-04     1.8227E-04
2.2280E-01     7.0635E-03     3.5933E-03     2.2516E-03     1.4500E-03     1.7745E-04     1.3590E-04     1.7745E-04     5.3170E-04     1.1229E-04
2.1780E-01     4.7350E-03     2.4873E-03     1.2036E-03     1.0945E-03     1.3630E-04     1.0536E-04     1.3143E-04     3.8798E-04     6.5854E-05
%
%Station, theta (deg):
%     60.00
%    r        Utheta2/Uref^2   Ur2/Uref^2     W2/Uref^2    UthetaUr/Uref^2  Ur3/Uref^3 Utheta2Ur/Uref^3 UthetaUr2/Uref^3 Utheta3/Uref^3 UthetaW2/Uref^3
2.7250E-01     1.2550E-03     1.1260E-03    -1.7751E-03    -3.2546E-04    -1.6285E-05    -1.3325E-05     1.0889E-05    -6.9710E-08    -3.7224E-06
2.6250E-01     2.4535E-03     3.4359E-03     6.3464E-04    -4.3210E-04    -5.3659E-05    -3.5656E-05    -3.6183E-05    -5.8453E-05    -2.1390E-05
2.5249E-01     7.3473E-03     5.7458E-03     3.0444E-03     1.0128E-03    -1.1130E-04    -1.6600E-04    -1.5420E-04    -4.4820E-04    -1.5980E-04
2.4250E-01     1.1642E-02     8.0557E-03     7.8640E-03     3.1773E-03     3.7200E-07    -1.1636E-04    -8.1185E-05    -1.7972E-04    -1.1101E-04
2.3750E-01     1.2840E-02     9.8141E-02    -8.1298E-02     3.4538E-03     5.1658E-05    -6.7883E-05    -3.1408E-05    -4.5793E-05    -1.8100E-05
2.3250E-01     1.2940E-02     8.0557E-03     5.4542E-03     3.7830E-03     2.2105E-04     1.9904E-05     8.7604E-05     2.3723E-04     2.1808E-05
2.2750E-01     1.0000E+00     2.3100E+01    -2.4090E+01     3.5141E-03     2.2067E-04     4.7885E-05     1.3822E-04     3.8204E-04     1.4018E-04
2.2250E-01     1.1442E-02     5.7458E-03     3.0444E-03     3.0723E-03     2.6470E-04     1.6830E-04     2.4370E-04     5.9810E-04     1.6920E-04
2.1250E-01     6.7481E-03     3.4359E-03     6.3464E-04     1.5406E-03     1.6089E-04     1.4527E-04     2.2209E-04     5.7330E-04     9.6853E-05
2.0250E-01     2.4535E-03     1.1260E-03    -1.7751E-03    -9.1520E-05    -6.9976E-06     3.9581E-06     4.7018E-05     1.8209E-04     2.7039E-05
%
%Station, theta (deg):
%     70.00
%    r        Utheta2/Uref^2   Ur2/Uref^2     W2/Uref^2    UthetaUr/Uref^2  Ur3/Uref^3 Utheta2Ur/Uref^3 UthetaUr2/Uref^3 Utheta3/Uref^3 UthetaW2/Uref^3
2.6310E-01     1.7030E-03     2.2842E-03     4.0980E-04    -3.6150E-04    -3.6878E-05    -1.0339E-05     1.3429E-05     2.5743E-05    -5.5469E-06
2.5310E-01     3.0598E-03     4.9890E-03     1.8361E-03     9.9717E-05    -1.0558E-04    -5.4756E-05    -7.9370E-05    -8.6381E-05    -4.2606E-05
2.4309E-01     8.2648E-03     8.0477E-03     4.7463E-03     2.2483E-03    -1.4340E-04    -1.9640E-04    -1.8370E-04    -4.4320E-04    -1.5403E-04
2.3310E-01     1.2299E-02     9.8090E-03     8.3030E-03     4.2620E-03     2.0456E-05    -1.6062E-04    -8.4837E-05    -2.2546E-04    -1.6470E-04
2.2310E-01     1.3410E-02     9.7213E-03     8.1262E-03     4.3400E-03     1.1257E-04    -1.6965E-05     1.1156E-04     2.4987E-04     6.5806E-05
2.1310E-01     1.2075E-02     7.6574E-03     5.2957E-03     3.6888E-03     1.6060E-04     2.0520E-04     2.7570E-04     7.1870E-04     1.9440E-04
2.0310E-01     7.4535E-03     3.4816E-03     2.2166E-03     1.2130E-03     4.4138E-05     1.4472E-04     1.8212E-04     6.6270E-04     1.1608E-04
1.9310E-01     3.2881E-03     1.5400E-03     6.4739E-04    -1.1279E-04    -2.3138E-05     1.2793E-05     7.9123E-05     2.5777E-04     2.7562E-05
%
%Station, theta (deg):
%     80.00
%    r        Utheta2/Uref^2   Ur2/Uref^2     W2/Uref^2    UthetaUr/Uref^2  Ur3/Uref^3 Utheta2Ur/Uref^3 UthetaUr2/Uref^3 Utheta3/Uref^3 UthetaW2/Uref^3
2.5660E-01     2.1560E-03     2.5796E-03     5.1630E-04    -2.5840E-04    -5.3082E-05    -6.5717E-06     7.2072E-06     1.2563E-05     6.3693E-06
2.4660E-01     3.6649E-03     5.4426E-03     2.3432E-03     3.0463E-04    -9.4830E-05    -6.7322E-05    -9.9968E-05    -1.2652E-04    -6.7685E-05
2.3659E-01     8.9845E-03     9.0743E-03     5.6379E-03     3.1198E-03    -1.5220E-04    -3.1820E-04    -2.6000E-04    -5.3690E-04    -1.7221E-04
2.3160E-01     1.2346E-02     9.8979E-03     8.1829E-03     4.2458E-03    -1.4627E-04    -2.8652E-04    -1.9190E-04    -5.5760E-08    -4.7590E-08
2.2660E-01     1.4643E-02     1.0670E-02     9.9875E-03     5.6300E+00    -7.9254E-05    -1.7964E-04    -7.6271E-05    -5.2798E-04    -2.6950E-04
2.2160E-01     1.5442E-02     1.0429E-02     1.0599E-02     4.8088E-03     5.4413E-05    -8.2679E-05     2.5631E-05    -3.5489E-04    -1.9753E-04
2.1660E-01     1.7230E-02     1.0218E-02     1.0660E-02     5.3719E-03     2.0375E-04     6.5229E-05     1.8776E-04     2.7687E-04     1.5350E-04
2.1160E-01     1.5546E-02     9.1826E-03     8.8656E-03     4.2458E-03     2.4029E-04     1.8939E-04     3.1215E-04     5.6861E-04     2.0807E-04
2.0660E-01     1.4175E-02     8.3625E-03     7.0184E-03     3.1198E-03     3.0060E-04     2.4850E-04     3.7530E-04     8.3470E-04     3.0860E-04
1.9660E-01     9.4126E-03     4.2312E-03     3.0725E-03     1.4307E-03     1.7893E-04     2.2238E-04     2.8312E-04     8.0356E-04     1.6928E-04
1.8660E-01     4.8045E-03     1.7950E-03     1.0012E-03     3.0463E-04     5.9122E-05     6.3529E-05     1.1381E-04     4.3858E-04     5.4178E-05
%
%Station, theta (deg):
%     90.00
%    r        Utheta2/Uref^2   Ur2/Uref^2     W2/Uref^2    UthetaUr/Uref^2  Ur3/Uref^3 Utheta2Ur/Uref^3 UthetaUr2/Uref^3 Utheta3/Uref^3 UthetaW2/Uref^3
2.5560E-01     3.0250E-03     4.3932E-03     7.2193E-04    -4.8663E-05    -1.0176E-04    -1.5417E-05    -1.9835E-05     5.7544E-06     4.9242E-06
2.4560E-01     5.0119E-03     7.2031E-03     2.8974E-03     1.3580E-03    -1.3470E-04    -1.7370E-04    -1.3713E-04    -2.1785E-04    -7.9180E-05
2.3560E-01     1.1617E-02     9.9972E-03     7.5624E-03     4.1443E-03    -4.7148E-05    -4.6120E-04    -2.3530E-04    -8.1080E-04    -2.3480E-04
2.2560E-01     1.7134E-02     1.1320E-02     1.1387E-02     5.0524E-03     1.1924E-05    -2.1233E-04    -5.1436E-05    -5.0917E-04    -1.8214E-04
2.2060E-01     1.9367E-02     1.1510E-02     1.2493E-02     5.5910E-03     1.3506E-04     3.6531E-05     1.7300E-04    -9.2383E-05    -2.6299E-05
2.1560E-01     1.9500E-02     1.0915E-02     1.2740E-02     4.0111E-03     2.5050E-04     1.6837E-04     3.2855E-04     2.5978E-04     2.0458E-04
2.1060E-01     1.8744E-02     9.9341E-03     1.0690E-02     3.2701E-03     2.4352E-04     2.0391E-04     3.7284E-04     6.3274E-04     3.1490E-04
2.0560E-01     1.6973E-02     7.8964E-03     8.3087E-03     2.1265E-03     2.7522E-04     2.9130E-04     4.2987E-04     9.0790E-04     2.7637E-04
1.9560E-01     8.7369E-03     5.2422E-03     4.2694E-03     5.3531E-03     4.5250E-04     4.7650E-04     4.6540E-04     7.7831E-04     2.6807E-04
1.8560E-01     7.1124E-03     2.4502E-03     1.4998E-03     1.0572E-04     2.8659E-05     5.9786E-05     1.7202E-04     7.7556E-04     9.8263E-05
1.7560E-01     3.3611E-03     9.9000E-04     5.6610E-04    -1.2700E-04    -3.3434E-06    -6.4155E-06     5.5631E-05     2.9243E-04     2.7022E-05
%
%___________________________________________________
%
%
%Part 3 Turbulence measurements in straight section
%
%Station: X (m)
%   0.2770
%  y(m)          U/Uref         V/Uref        U2/Uref^2      V2/Uref^3      W2/Uref^2     U1V1/Uref^2     V3/Uref^2     U2V1/Uref^3    U1V2/Uref^3  U3/Uref^Uref^3  U1W2/Uref^3
6.5000E-02     1.0200E+00    -9.0004E-03     4.2390E-03     4.4321E-03     1.0264E-03     4.6053E-04    -1.3346E-04    -5.6842E-05    -6.8328E-05     3.5024E-06     1.4092E-06
7.5000E-02     9.7098E-01    -1.3000E-02     6.7057E-03     7.7987E-03     3.5719E-03     2.6984E-03    -2.2410E-04    -3.5664E-04    -2.7718E-04    -3.6912E-04    -1.2035E-04
8.5000E-02     8.4600E-01    -1.0000E-02     1.3056E-02     1.0353E-02     8.1126E-03     5.4762E-03    -1.3033E-04    -6.2240E-04    -3.5600E-04    -9.4180E-04    -3.1070E-04
9.5000E-02     6.8495E-01    -5.0008E-03     1.9657E-02     1.1910E-02     1.2400E-02     7.0750E-03    -3.9255E-05    -3.5992E-04    -1.1938E-04    -1.1328E-04    -3.1520E-05
1.0000E-01     5.9697E-01    -1.0000E-03     2.0744E-02     1.1624E-02     1.1993E-02     6.9707E-03     1.1060E-04    -7.6941E-05     1.1860E-04     1.9381E-04     1.4262E-05
1.0500E-01     5.1392E-01    -1.0000E-03     2.0850E-02     1.1030E-02     1.1754E-02     6.0896E-03     2.1178E-04     1.6435E-04     3.2409E-04     4.6665E-04     2.1496E-04
1.1000E-01     4.3899E-01    -2.0008E-03     2.0463E-02     1.0063E-02     1.0141E-02     5.1527E-03     3.1037E-04     2.3967E-04     3.8258E-04     7.8550E-04     3.2645E-04
1.1500E-01     3.6695E-01    -3.0004E-03     1.9616E-02     8.3789E-03     8.1717E-03     4.4208E-03     3.1670E-04     3.4185E-04     4.4420E-04     1.1669E-03     4.4980E-04
1.2500E-01     2.4197E-01    -1.0000E-02     1.5142E-02     5.1844E-03     4.3506E-03     2.1129E-03     2.2244E-04     3.7260E-04     4.0355E-04     1.5590E-03     2.7869E-04
1.3500E-01     1.4196E-01    -8.0008E-03     9.1293E-03     2.3786E-03     1.5684E-03     6.5547E-04     7.4908E-05     1.4723E-04     1.8614E-04     1.1399E-03     1.1396E-04
1.4500E-01     8.8000E-02    -1.2000E-02     4.8686E-03     1.0850E-03     5.6610E-04    -6.5740E-05     1.1527E-05     2.1763E-05     6.8746E-05     6.1145E-04     3.7457E-05
%
%Station: X (m)
%   0.3520
%  y(m)          U/Uref         V/Uref        U2/Uref^2      V2/Uref^3      W2/Uref^2     U1V1/Uref^2     V3/Uref^2     U2V1/Uref^3    U1V2/Uref^3  U3/Uref^Uref^3  U1W2/Uref^3
5.0000E-02     1.0110E+00    -1.7001E-02     4.7660E-03     2.9944E-03     1.3398E-03    -1.0860E-04    -9.3942E-05    -2.5642E-05    -8.1170E-06     7.6852E-06    -1.0645E-05
6.0000E-02     9.8691E-01    -2.6000E-02     6.5368E-03     5.3731E-03     3.3257E-03     8.2833E-04    -2.3303E-04    -1.2306E-04    -1.1640E-04    -1.4582E-04    -8.0173E-05
7.0000E-02     9.3592E-01    -8.0002E-03     1.0162E-02     8.9692E-03     6.6915E-03     3.2590E-03    -3.7230E-04    -4.3276E-04    -3.3158E-04    -6.7676E-04    -2.6763E-04
7.9990E-02     8.3993E-01    -1.4001E-02     1.6876E-02     1.2122E-02     1.0881E-02     5.2890E-03    -2.9108E-04    -6.6850E-04    -4.1140E-04    -9.5850E-04    -3.1780E-04
9.0000E-02     7.1194E-01    -3.0004E-03     2.1955E-02     1.3797E-02     1.3990E-02     7.3695E-03    -6.6749E-05    -6.2322E-04    -2.1602E-04    -7.3583E-04    -2.3671E-05
1.0000E-01     5.8495E-01    -1.0010E-03     2.4730E-02     1.4420E-02     1.3087E-02     7.7780E-03     1.4741E-04    -5.0962E-05     1.9518E-04     5.0010E-04     3.7167E-04
1.0999E-01     4.5496E-01     0.0000E+00     2.3890E-02     1.2997E-02     9.7720E-03     6.1928E-03     5.1930E-04     3.3371E-04     5.8199E-04     1.3428E-03     5.6230E-04
1.2000E-01     3.4198E-01    -2.0020E-03     2.0823E-02     9.6013E-03     5.6992E-03     4.5737E-03     5.1573E-04     5.7880E-04     6.5860E-04     2.0348E-03     3.8364E-04
1.3000E-01     2.4399E-01    -7.0018E-03     1.6868E-02     5.8032E-03     2.9618E-03     2.5295E-03     2.7785E-04     5.1045E-04     5.6519E-04     2.2000E-03     2.5004E-04
1.4000E-01     1.5899E-01    -9.0012E-03     1.1109E-02     3.1625E-03     1.4105E-03     1.0452E-03     1.3957E-04     3.0801E-04     3.3107E-04     1.7288E-03     1.2427E-04
1.5000E-01     1.0200E-01    -1.2002E-02     6.6945E-03     1.3860E-03     8.9860E-04    -7.7842E-05     1.5992E-05     2.7618E-05     1.0306E-04     8.9712E-04     7.5517E-05
%
%Station: X (m)
%   0.4270
%  y(m)          U/Uref         V/Uref        U2/Uref^2      V2/Uref^3      W2/Uref^2     U1V1/Uref^2     V3/Uref^2     U2V1/Uref^3    U1V2/Uref^3  U3/Uref^Uref^3  U1W2/Uref^3
4.5000E-02     1.0200E+00    -1.5000E-02     6.0840E-03     3.5740E-03     1.3070E-03     4.5682E-04    -1.9001E-04    -8.6208E-05    -7.5741E-05     5.1326E-06     6.6941E-06
5.4999E-02     1.0009E+00    -1.8001E-02     7.7360E-03     6.0028E-03     2.5661E-03     1.3541E-03    -2.8304E-04    -1.5982E-04    -1.4885E-04    -1.7108E-04    -7.8363E-06
6.4998E-02     9.6992E-01    -1.9000E-02     1.0721E-02     9.0032E-03     5.4174E-03     3.6741E-03     2.9910E-03    -5.7110E-03    -4.0334E-04    -6.0137E-04    -1.4759E-04
7.4997E-02     8.9693E-01    -1.0002E-02     1.5763E-02     1.3035E-02     9.2085E-03     6.7310E-03    -4.8020E-04    -8.5559E-04    -5.5420E-04    -1.0673E-03    -2.9483E-04
8.4996E-02     7.9694E-01    -4.0004E-03     2.1285E-02     1.5225E-02     1.2970E-02     8.1970E-03    -1.9452E-04    -6.6080E-04    -3.7311E-04    -1.0960E-03    -3.2010E-04
9.4995E-02     6.9094E-01     3.0000E-03     2.5135E-02     1.6630E-02     1.5250E-02     8.8880E-03     3.5967E-05    -4.4517E-04    -3.9260E-05    -4.3745E-04     1.1136E-05
1.0499E-01     5.7292E-01     1.9990E-03     2.7829E-02     1.5780E-02     1.4878E-02     8.1962E-03     4.5251E-04     1.3594E-04     4.3048E-04     6.7761E-04     4.6195E-04
1.1499E-01     4.6500E-01     1.9990E-03     2.8870E-02     1.4576E-02     1.1675E-02     7.4058E-03     8.0241E-04     6.9946E-04     8.9920E-04     1.9390E-03     6.0540E-04
1.2499E-01     3.6196E-01    -8.0000E-07     2.5135E-02     1.0046E-02     7.7264E-03     5.3906E-03     6.1670E-04     8.0370E-04     8.3278E-04     2.7467E-03     4.9471E-04
1.3499E-01     2.7800E-01    -8.0000E-03     2.1923E-02     6.9249E-03     4.9768E-03     3.2047E-03     4.4696E-04     6.0696E-04     6.9006E-04     3.0020E-03     4.5047E-04
1.4499E-01     2.1093E-01    -1.5000E-02     1.6907E-02     4.0796E-03     2.6288E-03     1.4297E-03     1.7655E-04     3.7699E-04     3.9472E-04     2.5828E-03     2.0355E-04
1.5500E-01     1.4900E-01    -1.2002E-02     1.1327E-02     2.2670E-03     1.4297E-03     3.9910E-04     6.3737E-05     1.5484E-04     2.3340E-04     1.7857E-03     1.2136E-04
%
%Station: X (m)
%   0.5560
%   y(m)          U/Uref         V/Uref        U2/Uref^2      V2/Uref^3      W2/Uref^2     U1V1/Uref^2     V3/Uref^2     U2V1/Uref^3    U1V2/Uref^3  U3/Uref^Uref^3 U1W2/Uref^3
4.0000E-02     9.9800E-01     6.9978E-03     9.5178E-03     5.5856E-03     3.4129E-03     2.0217E-03    -4.6906E-04    -2.3841E-04    -1.7215E-04    -1.9148E-04    -9.3080E-05
5.5000E-02     9.4992E-01     5.9996E-03     1.2542E-02     9.8285E-03     6.9087E-03     3.9983E-03    -6.6306E-04    -4.7196E-04    -4.3822E-04    -5.3085E-04    -1.8668E-04
7.0000E-02     8.6694E-01     1.1000E-02     1.9379E-02     1.6077E-02     1.2347E-02     7.8037E-03    -9.3350E-04    -1.1290E-03    -8.7560E-04    -1.5120E-03    -4.4550E-04
8.4985E-02     7.5996E-01     1.1998E-02     2.6017E-02     1.9244E-02     1.6802E-02     9.7349E-03    -5.3124E-04    -9.1899E-04    -6.3261E-04    -1.1420E-03    -4.4390E-04
1.0000E-01     6.4694E-01     2.3000E-02     2.9831E-02     2.0230E-02     1.8110E-02     1.0510E-02     1.1522E-04    -3.4418E-04    -1.3010E-04    -9.9589E-05     3.3987E-05
1.1500E-01     5.1092E-01     1.4999E-02     3.2330E-02     1.7514E-02     1.4694E-02     8.5664E-03     6.5724E-04     3.8080E-04     6.4894E-04     1.4558E-03     4.7019E-04
1.2999E-01     3.9700E-01     5.9996E-03     3.0182E-02     1.1857E-02     9.7251E-03     5.9988E-03     6.8590E-04     4.7847E-04     7.2863E-04     2.8016E-03     6.2050E-04
1.4500E-01     2.8298E-01     3.9970E-03     2.4921E-02     7.4573E-03     5.2755E-03     4.4216E-03     5.1181E-04     8.0120E-04     7.6070E-04     3.3500E-03     3.4590E-04
1.6000E-01     2.0695E-01    -8.0000E-03     1.8935E-02     4.1158E-03     2.7336E-03     1.8406E-03     1.8729E-04     4.2655E-04     4.1790E-04     3.2946E-03     2.2565E-04
1.7500E-01     1.3596E-01    -2.0000E-06     1.1310E-02     2.0030E-03     1.2967E-03     9.7848E-04     6.6803E-05     1.9994E-04     1.5478E-04     1.7028E-03     1.0189E-04
1.9000E-01     9.6000E-02    -7.0018E-03     6.3510E-03     1.0920E-03     7.3550E-04     1.6090E-04     8.6669E-06     2.1013E-05     6.4454E-05     7.7120E-04     4.6779E-05
%
%Station: X (m)
%   0.6280
%   y(m)          U/Uref         V/Uref        U2/Uref^2      V2/Uref^3      W2/Uref^2     U1V1/Uref^2     V3/Uref^2     U2V1/Uref^3    U1V2/Uref^3  U3/Uref^Uref^3 U1W2/Uref^3
3.5000E-02     1.0100E+00     1.4998E-02     1.0009E-02     5.6175E-03     4.1298E-03     2.7968E-03    -4.9827E-04    -2.0877E-04    -1.4087E-04    -1.3394E-04    -5.6014E-05
5.4992E-02     9.3100E-01     1.8000E-02     1.5179E-02     1.2323E-02     9.2035E-03     6.5770E-03    -9.0560E-04    -8.0958E-04     6.0587E-04    -8.2899E-04    -2.5991E-04
6.4988E-02     8.9394E-01     1.9999E-02     7.7370E-03     1.9382E-02    -1.1270E-02     0.0000E+00    -8.7606E-04    -9.0949E-04    -6.8400E-04    -1.1521E-03    -3.7390E-04
7.4998E-02     8.2795E-01     2.0998E-02     2.2284E-02     1.8245E-02     1.5266E-02     8.9315E-03    -6.5647E-04    -9.1251E-04    -5.2006E-04    -1.1447E-03    -2.9188E-04
8.4994E-02     7.6395E-01     2.1998E-02     2.7146E-02     1.9966E-02     1.8620E-02     1.0064E-02    -4.5112E-04    -9.2220E-04    -4.4430E-04    -9.8440E-03    -1.9225E-04
9.4990E-02     6.9597E-01     2.4000E-02     3.0441E-02     2.0990E-02     2.0640E-02     1.0530E-02     4.0738E-05    -2.8828E-04     3.0400E-05    -1.7691E-04     2.3082E-04
1.1500E-01     5.4593E-01     1.8999E-02     3.3495E-02     1.8740E-02     1.7972E-02     9.9645E-03     7.9703E-04     4.9781E-04     8.4030E-04     1.8149E-03     9.4305E-04
1.3499E-01     4.0392E-01     1.3998E-02     3.3640E-02     1.2757E-02     1.0853E-02     7.6237E-03     8.7390E-04     1.0960E-03     1.1960E-03     1.1954E-03     4.2600E-03
1.4500E-01     3.3992E-01     1.9976E-03     2.9837E-02     9.7090E-03     8.0643E-03     5.5693E-03     6.6445E-04     9.5856E-04     9.6156E-04     4.7493E-03     6.8726E-04
1.5499E-01     2.7998E-01     3.0000E-03     2.6973E-02     7.3935E-03     5.9933E-03     4.8364E-03     5.6160E-04     1.0906E-03     9.5762E-04     4.9760E-03     5.8022E-04
1.6499E-01     2.3198E-01    -4.0000E-03     2.2639E-02     5.1065E-03     3.7468E-03     3.1400E-03     3.0197E-04     8.3969E-04     6.6095E-04     4.3669E-03     4.1386E-04
1.7500E-01     1.8100E-01    -3.0004E-03     1.7122E-02     3.2470E-03     2.2758E-03     1.8849E-03     1.7295E-04     4.9680E-04     4.2106E-04     3.4169E-03     2.3499E-04
%
%Station: X (m)
%   0.7080
%  y(m)          U/Uref         V/Uref        U2/Uref^2      V2/Uref^3      W2/Uref^2     U1V1/Uref^2     V3/Uref^2     U2V1/Uref^3    U1V2/Uref^3  U3/Uref^Uref^3  U1W2/Uref^3
3.5000E-02     9.8900E-01    -8.0000E-03     1.2470E-03     6.3392E-03     1.6547E-02     3.5684E-03    -4.4165E-04    -2.9365E-04    -1.4099E-04    -3.4322E-04    -7.2507E-05
4.9999E-02     9.4493E-01     9.9910E-04     1.6557E-02     1.0626E-02     9.2824E-03     5.4702E-03    -7.0920E-04    -5.0840E-04    -4.0033E-04    -7.3736E-04    -2.5024E-04
6.4997E-02     8.7492E-01     3.9988E-03     2.1477E-02     1.5307E-02     1.3896E-02     7.6810E-03    -7.7520E-04    -7.9510E-04    -5.5270E-04    -1.1170E-03    -3.6170E-04
7.9996E-02     7.9195E-01     1.1999E-02     2.6756E-02     1.8132E-02     1.7520E-02     8.7435E-03    -3.8488E-04    -5.8211E-04    -3.9285E-04    -9.5420E-04    -1.3212E-04
9.4994E-02     6.9393E-01     1.2998E-02     3.1544E-02     1.9150E-02     1.9650E-02     8.6515E-03     1.4994E-04    -4.0709E-04     1.1237E-04     5.6857E-05     2.0254E-04
1.0999E-01     5.9292E-01     1.9000E-02     3.6720E-02     1.8630E-02     2.0220E-02     9.7460E-03     1.9410E-03     1.4120E-03     1.9410E-03     5.4740E-03     2.4110E-03
1.2499E-01     5.0298E-01     1.4999E-02     3.5539E-02     1.5597E-02     1.5325E-02     8.2287E-03     8.4230E-04     6.9558E-04     9.7968E-04     2.9826E-03     8.6938E-04
1.3999E-01     4.1295E-01     1.1999E-02     3.4127E-02     1.2351E-02     1.0698E-02     7.1837E-03     8.3686E-04     1.1410E-03     1.2298E-03     4.5236E-03     8.9406E-04
1.5499E-01     3.1597E-01     7.9975E-03     3.0314E-02     8.5154E-03     6.5614E-03     5.5067E-03     6.6602E-04     1.1284E-03     1.0605E-03     5.2308E-03     7.2575E-04
1.6999E-01     2.3798E-01     6.9985E-03     2.4556E-02     5.4306E-03     3.8365E-03     3.9625E-03     4.0798E-04     9.7433E-04     7.9240E-04     4.9388E-03     4.4682E-04
1.8499E-01     1.7793E-01    -2.0006E-03     1.7302E-02     3.2093E-03     2.1757E-03     1.9531E-03     1.7085E-04     5.1503E-04     4.3057E-04     3.3589E-03     2.4108E-04
2.0000E-01     1.3000E-01    -2.6000E-06     1.1041E-02     1.8100E-03     1.2180E-03     1.0660E-03     8.8823E-05     2.2789E-04     2.0414E-04     1.9946E-03     1.0522E-04
%
%Station: X (m)
%   0.7820
%  y(m)          U/Uref         V/Uref        U2/Uref^2      V2/Uref^3      W2/Uref^2     U1V1/Uref^2     V3/Uref^2     U2V1/Uref^3    U1V2/Uref^3  U3/Uref^Uref^3  U1W2/Uref^3
3.0000E-02     1.0010E+00    -2.2000E-02     1.3646E-02     6.5193E-03     6.7523E-03     4.7962E-03    -3.6060E-04    -2.1996E-04    -1.3500E-04    -3.9940E-04    -9.4806E-05
4.4998E-02     9.5799E-01    -7.0018E-03     1.6154E-02     1.0448E-02     1.0999E-02     6.5485E-03    -6.1620E-04    -4.8804E-04    -3.9266E-04    -7.6664E-04    -2.5722E-04
5.9995E-02     8.8497E-01    -1.1000E-02     2.1212E-02     1.4167E-02     1.4921E-02     7.8019E-03    -5.3771E-04    -7.3810E-04    -4.4210E-04    -1.1005E-03    -3.4900E-04
7.4993E-02     8.1093E-01     2.9984E-03     2.6956E-02     1.7721E-02     1.8177E-02     1.0176E-02    -4.8033E-04    -5.8634E-04    -3.0955E-04    -1.2170E-03    -1.5530E-04
8.9990E-02     7.2499E-01     1.0999E-02     3.0207E-02     1.9260E-02     2.0850E-02     1.0630E-02    -2.3636E-05    -4.9545E-04    -5.8440E-05    -4.1773E-04     2.4447E-04
1.0499E-01     6.3000E-01     6.9968E-03     3.4471E-02     1.8752E-02     1.9212E-02     1.0270E-02     3.9357E-04     7.0548E-05     4.8790E-04     8.4434E-04     6.7165E-04
1.1999E-01     5.4992E-01     2.0000E-02     3.6370E-02     1.7620E-02     1.7816E-02     1.0344E-02     7.9799E-04     8.4656E-04     9.7735E-04     2.6307E-03     1.1079E-03
1.3498E-01     4.6397E-01     1.3998E-02     3.5294E-02     1.4533E-02     1.4304E-02     9.4289E-03     9.8230E-04     1.2640E-03     1.3300E-03     3.6480E-03     1.1410E-03
1.5000E-01     3.8295E-01    -1.0001E-02     3.2661E-02     1.0349E-02     1.0400E-02    -1.5390E-03    -3.4813E-04    -8.5415E-05     9.2756E-04     4.4728E-03     1.0810E-03
1.6500E-01     3.0097E-01     9.9920E-04     2.9116E-02     7.7382E-03     6.6977E-03     5.3985E-03     5.6078E-04     1.2318E-03     1.0543E-03     5.3290E-03     7.2052E-04
1.8500E-01     2.1692E-01    -7.0018E-03     2.1655E-02     4.4923E-03     3.2345E-03     2.9514E-03     2.9670E-04     8.4356E-04     6.6599E-04     4.5900E-03     3.7201E-04
2.0500E-01     1.3900E-01    -9.0010E-03     1.3630E-02     2.1400E-03     2.0280E-03     1.1321E-03     1.3430E-04     3.7066E-04     3.0502E-04     2.8166E-03     2.2748E-04
%
%______________________________________________________
%
%Part 4 Reference streamline
%
%Given below is the radius Rref of a reference
%streamline in the POTENTIAL FLOW (curved portion only),
%together with arc distance along this streamline
%and its vertical continuation, measured from
%the nozzle plane. Origin of polar coords. is 0.126m
%downstream of nozzle plane and 0.251m above it.
%All distances in meters.
%
%Curved portion:
%      theta  Rref  arc dist.  points on hotwire
%                              profile  
       0.00  0.2866  0.1260      8
       10.00 0.2866  0.1680      10
       20.00 0.2903  0.1680      10
       30.00 0.2959  0.2550      9
       40.00 0.3000  0.2990      13
       50.00 2.9780  0.3440      13
       60.00 0.2875  0.3880      10
       70.00 0.2781  0.4310      8
       80.00 0.2716  0.4720      11
       90.00 0.2706  0.5120      11
%
%    Vertical portion
%        x    arc dist.   points on hotwire
%                         profile
       0.2770  0.5360      11
       0.3520  0.6110      11
       0.4270  0.6860      12
       0.5560  0.8150      11
       0.6280  0.8870      12
       0.7080  0.9670      12
       0.7820  1.0410      12
