VARIABLES = "x","y","mut"
ZONE T="CFL3D"                                                                
  0.7500000      5.0000250E-02  1.1062852E-12
  0.7500000      5.0000742E-02  1.6624183E-10
  0.7500000      5.0001241E-02  3.0800642E-09
  0.7500000      5.0001740E-02  2.1932781E-08
  0.7500000      5.0002232E-02  9.4218187E-08
  0.7500000      5.0002731E-02  2.9854090E-07
  0.7500000      5.0003231E-02  7.7366258E-07
  0.7500000      5.0003730E-02  1.7396928E-06
  0.7500000      5.0004229E-02  3.5215430E-06
  0.7500000      5.0004736E-02  6.5748545E-06
  0.7500000      5.0005242E-02  1.1514661E-05
  0.7500000      5.0005749E-02  1.9147101E-05
  0.7500000      5.0006256E-02  3.0504489E-05
  0.7500000      5.0006770E-02  4.6884132E-05
  0.7500000      5.0007284E-02  6.9891263E-05
  0.7500000      5.0007805E-02  1.0148642E-04
  0.7500000      5.0008327E-02  1.4403781E-04
  0.7500000      5.0008848E-02  2.0037877E-04
  0.7500000      5.0009370E-02  2.7387100E-04
  0.7500000      5.0009906E-02  3.6847370E-04
  0.7500000      5.0010443E-02  4.8881886E-04
  0.7500000      5.0010979E-02  6.4029318E-04
  0.7500000      5.0011531E-02  8.2912628E-04
  0.7500000      5.0012082E-02  1.0624856E-03
  0.7500000      5.0012633E-02  1.3485783E-03
  0.7500000      5.0013192E-02  1.6967575E-03
  0.7500000      5.0013751E-02  2.1176366E-03
  0.7500000      5.0014324E-02  2.6232060E-03
  0.7500000      5.0014898E-02  3.2269550E-03
  0.7500000      5.0015479E-02  3.9439951E-03
  0.7500000      5.0016075E-02  4.7911843E-03
  0.7500000      5.0016671E-02  5.7872487E-03
  0.7500000      5.0017267E-02  6.9529000E-03
  0.7500000      5.0017878E-02  8.3109485E-03
  0.7500000      5.0018489E-02  9.8864008E-03
  0.7500000      5.0019115E-02  1.1706542E-02
  0.7500000      5.0019749E-02  1.3801008E-02
  0.7500000      5.0020382E-02  1.6201828E-02
  0.7500000      5.0021037E-02  1.8943433E-02
  0.7500000      5.0021693E-02  2.2062656E-02
  0.7500000      5.0022356E-02  2.5598664E-02
  0.7500000      5.0023034E-02  2.9592883E-02
  0.7500000      5.0023712E-02  3.4088861E-02
  0.7500000      5.0024405E-02  3.9132096E-02
  0.7500000      5.0025105E-02  4.4769824E-02
  0.7500000      5.0025821E-02  5.1050745E-02
  0.7500000      5.0026551E-02  5.8024745E-02
  0.7500000      5.0027281E-02  6.5742567E-02
  0.7500000      5.0028026E-02  7.4255422E-02
  0.7500000      5.0028786E-02  8.3614640E-02
  0.7500000      5.0029553E-02  9.3871266E-02
  0.7500000      5.0030336E-02  0.1050757    
  0.7500000      5.0031126E-02  0.1172772    
  0.7500000      5.0031930E-02  0.1305237    
  0.7500000      5.0032750E-02  0.1448614    
  0.7500000      5.0033584E-02  0.1603345    
  0.7500000      5.0034434E-02  0.1769848    
  0.7500000      5.0035290E-02  0.1948516    
  0.7500000      5.0036162E-02  0.2139720    
  0.7500000      5.0037056E-02  0.2343801    
  0.7500000      5.0037950E-02  0.2561074    
  0.7500000      5.0038874E-02  0.2791829    
  0.7500000      5.0039813E-02  0.3036329    
  0.7500000      5.0040767E-02  0.3294815    
  0.7500000      5.0041728E-02  0.3567502    
  0.7500000      5.0042719E-02  0.3854589    
  0.7500000      5.0043717E-02  0.4156253    
  0.7500000      5.0044738E-02  0.4472654    
  0.7500000      5.0045773E-02  0.4803940    
  0.7500000      5.0046831E-02  0.5150245    
  0.7500000      5.0047904E-02  0.5511692    
  0.7500000      5.0049007E-02  0.5888396    
  0.7500000      5.0050117E-02  0.6280464    
  0.7500000      5.0051257E-02  0.6687999    
  0.7500000      5.0052404E-02  0.7111095    
  0.7500000      5.0053589E-02  0.7549846    
  0.7500000      5.0054789E-02  0.8004341    
  0.7500000      5.0056010E-02  0.8474667    
  0.7500000      5.0057255E-02  0.8960906    
  0.7500000      5.0058521E-02  0.9441333    
  0.7500000      5.0059810E-02  0.9923501    
  0.7500000      5.0061129E-02   1.042038    
  0.7500000      5.0062470E-02   1.093446    
  0.7500000      5.0063834E-02   1.146647    
  0.7500000      5.0065234E-02   1.201686    
  0.7500000      5.0066650E-02   1.258603    
  0.7500000      5.0068095E-02   1.317436    
  0.7500000      5.0069571E-02   1.378223    
  0.7500000      5.0071076E-02   1.441002    
  0.7500000      5.0072595E-02   1.505810    
  0.7500000      5.0074160E-02   1.572685    
  0.7500000      5.0075755E-02   1.641665    
  0.7500000      5.0077379E-02   1.712786    
  0.7500000      5.0079025E-02   1.786087    
  0.7500000      5.0080717E-02   1.861605    
  0.7500000      5.0082430E-02   1.939375    
  0.7500000      5.0084181E-02   2.019436    
  0.7500000      5.0085962E-02   2.101824    
  0.7500000      5.0087787E-02   2.186576    
  0.7500000      5.0089642E-02   2.273728    
  0.7500000      5.0091535E-02   2.363316    
  0.7500000      5.0093465E-02   2.455369    
  0.7500000      5.0095439E-02   2.549904    
  0.7500000      5.0097436E-02   2.646973    
  0.7500000      5.0099492E-02   2.746612    
  0.7500000      5.0101578E-02   2.848856    
  0.7500000      5.0103702E-02   2.953740    
  0.7500000      5.0105870E-02   3.061295    
  0.7500000      5.0108090E-02   3.171553    
  0.7500000      5.0110340E-02   3.284546    
  0.7500000      5.0112650E-02   3.400306    
  0.7500000      5.0114989E-02   3.518863    
  0.7500000      5.0117388E-02   3.640248    
  0.7500000      5.0119832E-02   3.764490    
  0.7500000      5.0122321E-02   3.891619    
  0.7500000      5.0124869E-02   4.021664    
  0.7500000      5.0127462E-02   4.154652    
  0.7500000      5.0130099E-02   4.290612    
  0.7500000      5.0132796E-02   4.429571    
  0.7500000      5.0135553E-02   4.571554    
  0.7500000      5.0138354E-02   4.716589    
  0.7500000      5.0141215E-02   4.864700    
  0.7500000      5.0144136E-02   5.015912    
  0.7500000      5.0147116E-02   5.170248    
  0.7500000      5.0150156E-02   5.327732    
  0.7500000      5.0153255E-02   5.488386    
  0.7500000      5.0156415E-02   5.652232    
  0.7500000      5.0159633E-02   5.819291    
  0.7500000      5.0162926E-02   5.989583    
  0.7500000      5.0166279E-02   6.163127    
  0.7500000      5.0169706E-02   6.339942    
  0.7500000      5.0173201E-02   6.520047    
  0.7500000      5.0176762E-02   6.703457    
  0.7500000      5.0180398E-02   6.890189    
  0.7500000      5.0184108E-02   7.080258    
  0.7500000      5.0187893E-02   7.273679    
  0.7500000      5.0191753E-02   7.470465    
  0.7500000      5.0195694E-02   7.670629    
  0.7500000      5.0199702E-02   7.874182    
  0.7500000      5.0203808E-02   8.081135    
  0.7500000      5.0207987E-02   8.291496    
  0.7500000      5.0212249E-02   8.505278    
  0.7500000      5.0216608E-02   8.722485    
  0.7500000      5.0221048E-02   8.943125    
  0.7500000      5.0225578E-02   9.167203    
  0.7500000      5.0230205E-02   9.394725    
  0.7500000      5.0234914E-02   9.625692    
  0.7500000      5.0239727E-02   9.860111    
  0.7500000      5.0244637E-02   10.09798    
  0.7500000      5.0249651E-02   10.33930    
  0.7500000      5.0254762E-02   10.58407    
  0.7500000      5.0259970E-02   10.83229    
  0.7500000      5.0265290E-02   11.08395    
  0.7500000      5.0270721E-02   11.33905    
  0.7500000      5.0276250E-02   11.59760    
  0.7500000      5.0281905E-02   11.85957    
  0.7500000      5.0287671E-02   12.12496    
  0.7500000      5.0293550E-02   12.39376    
  0.7500000      5.0299555E-02   12.66597    
  0.7500000      5.0305679E-02   12.94156    
  0.7500000      5.0311923E-02   13.22054    
  0.7500000      5.0318301E-02   13.50288    
  0.7500000      5.0324798E-02   13.78857    
  0.7500000      5.0331436E-02   14.07760    
  0.7500000      5.0338209E-02   14.36995    
  0.7500000      5.0345115E-02   14.66559    
  0.7500000      5.0352164E-02   14.96452    
  0.7500000      5.0359353E-02   15.26670    
  0.7500000      5.0366692E-02   15.57213    
  0.7500000      5.0374180E-02   15.88077    
  0.7500000      5.0381824E-02   16.19260    
  0.7500000      5.0389618E-02   16.50761    
  0.7500000      5.0397567E-02   16.82576    
  0.7500000      5.0405681E-02   17.14703    
  0.7500000      5.0413966E-02   17.47140    
  0.7500000      5.0422415E-02   17.79883    
  0.7500000      5.0431028E-02   18.12930    
  0.7500000      5.0439827E-02   18.46278    
  0.7500000      5.0448805E-02   18.79923    
  0.7500000      5.0457954E-02   19.13865    
  0.7500000      5.0467297E-02   19.48098    
  0.7500000      5.0476834E-02   19.82620    
  0.7500000      5.0486565E-02   20.17429    
  0.7500000      5.0496489E-02   20.52521    
  0.7500000      5.0506614E-02   20.87894    
  0.7500000      5.0516948E-02   21.23544    
  0.7500000      5.0527491E-02   21.59468    
  0.7500000      5.0538242E-02   21.95663    
  0.7500000      5.0549224E-02   22.32128    
  0.7500000      5.0560422E-02   22.68859    
  0.7500000      5.0571851E-02   23.05854    
  0.7500000      5.0583512E-02   23.43110    
  0.7500000      5.0595410E-02   23.80625    
  0.7500000      5.0607547E-02   24.18396    
  0.7500000      5.0619945E-02   24.56423    
  0.7500000      5.0632581E-02   24.94704    
  0.7500000      5.0645471E-02   25.33237    
  0.7500000      5.0658636E-02   25.72021    
  0.7500000      5.0672062E-02   26.11055    
  0.7500000      5.0685763E-02   26.50340    
  0.7500000      5.0699741E-02   26.89875    
  0.7500000      5.0714009E-02   27.29662    
  0.7500000      5.0728559E-02   27.69701    
  0.7500000      5.0743416E-02   28.09994    
  0.7500000      5.0758570E-02   28.50544    
  0.7500000      5.0774030E-02   28.91353    
  0.7500000      5.0789803E-02   29.32425    
  0.7500000      5.0805911E-02   29.73765    
  0.7500000      5.0822333E-02   30.15379    
  0.7500000      5.0839096E-02   30.57273    
  0.7500000      5.0856195E-02   30.99455    
  0.7500000      5.0873645E-02   31.41933    
  0.7500000      5.0891452E-02   31.84718    
  0.7500000      5.0909624E-02   32.27821    
  0.7500000      5.0928161E-02   32.71254    
  0.7500000      5.0947070E-02   33.15032    
  0.7500000      5.0966375E-02   33.59173    
  0.7500000      5.0986066E-02   34.03693    
  0.7500000      5.1006168E-02   34.48612    
  0.7500000      5.1026672E-02   34.93954    
  0.7500000      5.1047593E-02   35.39742    
  0.7500000      5.1068939E-02   35.86005    
  0.7500000      5.1090717E-02   36.32771    
  0.7500000      5.1112950E-02   36.80073    
  0.7500000      5.1135629E-02   37.27948    
  0.7500000      5.1158771E-02   37.76434    
  0.7500000      5.1182382E-02   38.25573    
  0.7500000      5.1206470E-02   38.75412    
  0.7500000      5.1231056E-02   39.25998    
  0.7500000      5.1256150E-02   39.77386    
  0.7500000      5.1281735E-02   40.29631    
  0.7500000      5.1307857E-02   40.82795    
  0.7500000      5.1334508E-02   41.36940    
  0.7500000      5.1361695E-02   41.92134    
  0.7500000      5.1389441E-02   42.48448    
  0.7500000      5.1417753E-02   43.05956    
  0.7500000      5.1446646E-02   43.64732    
  0.7500000      5.1476121E-02   44.24854    
  0.7500000      5.1506199E-02   44.86401    
  0.7500000      5.1536888E-02   45.49452    
  0.7500000      5.1568203E-02   46.14085    
  0.7500000      5.1600158E-02   46.80376    
  0.7500000      5.1632762E-02   47.48398    
  0.7500000      5.1666029E-02   48.18219    
  0.7500000      5.1699974E-02   48.89900    
  0.7500000      5.1734611E-02   49.63496    
  0.7500000      5.1769957E-02   50.39052    
  0.7500000      5.1806018E-02   51.16599    
  0.7500000      5.1842809E-02   51.96159    
  0.7500000      5.1880360E-02   52.77736    
  0.7500000      5.1918671E-02   53.61320    
  0.7500000      5.1957764E-02   54.46881    
  0.7500000      5.1997654E-02   55.34374    
  0.7500000      5.2038357E-02   56.23731    
  0.7500000      5.2079886E-02   57.14864    
  0.7500000      5.2122265E-02   58.07664    
  0.7500000      5.2165501E-02   59.02003    
  0.7500000      5.2209616E-02   59.97731    
  0.7500000      5.2254640E-02   60.94677    
  0.7500000      5.2300572E-02   61.92651    
  0.7500000      5.2347451E-02   62.91447    
  0.7500000      5.2395269E-02   63.90839    
  0.7500000      5.2444071E-02   64.90587    
  0.7500000      5.2493870E-02   65.90436    
  0.7500000      5.2544683E-02   66.90118    
  0.7500000      5.2596524E-02   67.89356    
  0.7500000      5.2649423E-02   68.87862    
  0.7500000      5.2703410E-02   69.85339    
  0.7500000      5.2758485E-02   70.81486    
  0.7500000      5.2814685E-02   71.75995    
  0.7500000      5.2872032E-02   72.68553    
  0.7500000      5.2930549E-02   73.58847    
  0.7500000      5.2990250E-02   74.46559    
  0.7500000      5.3051174E-02   75.31372    
  0.7500000      5.3113341E-02   76.12964    
  0.7500000      5.3176768E-02   76.91016    
  0.7500000      5.3241491E-02   77.65207    
  0.7500000      5.3307533E-02   78.35217    
  0.7500000      5.3374916E-02   79.00723    
  0.7500000      5.3443670E-02   79.61405    
  0.7500000      5.3513832E-02   80.16939    
  0.7500000      5.3585425E-02   80.67001    
  0.7500000      5.3658471E-02   81.11266    
  0.7500000      5.3733006E-02   81.49405    
  0.7500000      5.3809062E-02   81.81085    
  0.7500000      5.3886667E-02   82.05972    
  0.7500000      5.3965852E-02   82.23724    
  0.7500000      5.4046646E-02   82.33994    
  0.7500000      5.4129094E-02   82.36427    
  0.7500000      5.4213211E-02   82.30663    
  0.7500000      5.4299049E-02   82.16325    
  0.7500000      5.4386631E-02   81.93033    
  0.7500000      5.4476008E-02   81.60389    
  0.7500000      5.4567195E-02   81.17986    
  0.7500000      5.4660246E-02   80.65398    
  0.7500000      5.4755189E-02   80.02189    
  0.7500000      5.4852068E-02   79.27906    
  0.7500000      5.4950923E-02   78.42081    
  0.7500000      5.5051789E-02   77.44235    
  0.7500000      5.5154711E-02   76.33876    
  0.7500000      5.5259719E-02   75.10512    
  0.7500000      5.5366881E-02   73.73653    
  0.7500000      5.5476218E-02   72.22837    
  0.7500000      5.5587791E-02   70.57648    
  0.7500000      5.5701628E-02   68.77763    
  0.7500000      5.5817790E-02   66.83004    
  0.7500000      5.5936322E-02   64.73424    
  0.7500000      5.6057259E-02   62.49402    
  0.7500000      5.6180663E-02   60.11786    
  0.7500000      5.6306586E-02   57.62054    
  0.7500000      5.6435063E-02   55.02586    
  0.7500000      5.6566171E-02   52.37206    
  0.7500000      5.6699947E-02   49.72667    
  0.7500000      5.6836441E-02   47.18938    
  0.7500000      5.6975722E-02   44.84702    
  0.7500000      5.7117835E-02   42.74976    
  0.7500000      5.7262853E-02   40.92123    
  0.7500000      5.7410821E-02   39.33162    
  0.7500000      5.7561800E-02   37.72223    
  0.7500000      5.7715856E-02   34.80149    
  0.7500000      5.7873055E-02   31.25389    
  0.7500000      5.8033451E-02   27.59364    
  0.7500000      5.8197111E-02   23.84545    
  0.7500000      5.8364116E-02   20.04920    
  0.7500000      5.8534518E-02   16.26614    
  0.7500000      5.8708392E-02   12.58892    
  0.7500000      5.8885813E-02   9.155130    
  0.7500000      5.9066840E-02   6.156306    
  0.7500000      5.9251562E-02   3.803227    
  0.7500000      5.9440047E-02   2.191538    
  0.7500000      5.9632361E-02   1.187027    
  0.7500000      5.9828609E-02  0.5176820    
  0.7500000      6.0028844E-02  0.1328840    
  0.7500000      6.0233161E-02  2.3553347E-02
  0.7500000      6.0441643E-02  5.5503221E-03
  0.7500000      6.0654372E-02  3.1456393E-03
  0.7500000      6.0871437E-02  2.8616288E-03
  0.7500000      6.1092913E-02  2.8404878E-03
  0.7500000      6.1318912E-02  2.8495579E-03
  0.7500000      6.1549515E-02  2.8616549E-03
  0.7500000      6.1784811E-02  2.8737888E-03
  0.7500000      6.2024906E-02  2.8856630E-03
  0.7500000      6.2269881E-02  2.8972679E-03
  0.7500000      6.2519863E-02  2.9086280E-03
  0.7500000      6.2774926E-02  2.9197740E-03
  0.7500000      6.3035190E-02  2.9307394E-03
  0.7500000      6.3300759E-02  2.9415605E-03
  0.7500000      6.3571736E-02  2.9522735E-03
  0.7500000      6.3848235E-02  2.9629152E-03
  0.7500000      6.4130358E-02  2.9735207E-03
  0.7500000      6.4418241E-02  2.9841242E-03
  0.7500000      6.4711981E-02  2.9947581E-03
  0.7500000      6.5011710E-02  3.0054520E-03
  0.7500000      6.5317541E-02  3.0162334E-03
  0.7500000      6.5629609E-02  3.0271276E-03
  0.7500000      6.5948032E-02  3.0381568E-03
  0.7500000      6.6272937E-02  3.0493420E-03
  0.7500000      6.6604465E-02  3.0607018E-03
  0.7500000      6.6942751E-02  3.0722527E-03
  0.7500000      6.7287922E-02  3.0840109E-03
  0.7500000      6.7640133E-02  3.0959905E-03
  0.7500000      6.7999512E-02  3.1082053E-03
  0.7500000      6.8366215E-02  3.1206678E-03
  0.7500000      6.8740390E-02  3.1333906E-03
  0.7500000      6.9122188E-02  3.1463851E-03
  0.7500000      6.9511764E-02  3.1596627E-03
  0.7500000      6.9909275E-02  3.1732339E-03
  0.7500000      7.0314892E-02  3.1871102E-03
  0.7500000      7.0728764E-02  3.2013012E-03
  0.7500000      7.1151070E-02  3.2158173E-03
  0.7500000      7.1581982E-02  3.2306691E-03
  0.7500000      7.2021671E-02  3.2458662E-03
  0.7500000      7.2470322E-02  3.2614190E-03
  0.7500000      7.2928108E-02  3.2773381E-03
  0.7500000      7.3395222E-02  3.2936330E-03
  0.7500000      7.3871851E-02  3.3103146E-03
  0.7500000      7.4358195E-02  3.3273930E-03
  0.7500000      7.4854441E-02  3.3448781E-03
  0.7500000      7.5360790E-02  3.3627809E-03
  0.7500000      7.5877473E-02  3.3811114E-03
  0.7500000      7.6404676E-02  3.3998801E-03
  0.7500000      7.6942608E-02  3.4190973E-03
  0.7500000      7.7491522E-02  3.4387740E-03
  0.7500000      7.8051612E-02  3.4589204E-03
  0.7500000      7.8623101E-02  3.4795478E-03
  0.7500000      7.9206243E-02  3.5006665E-03
  0.7500000      7.9801247E-02  3.5222876E-03
  0.7500000      8.0408394E-02  3.5444221E-03
  0.7500000      8.1027910E-02  3.5670809E-03
  0.7500000      8.1660032E-02  3.5902751E-03
  0.7500000      8.2305044E-02  3.6140159E-03
  0.7500000      8.2963198E-02  3.6383141E-03
  0.7500000      8.3634749E-02  3.6631813E-03
  0.7500000      8.4319994E-02  3.6886283E-03
  0.7500000      8.5019186E-02  3.7146662E-03
  0.7500000      8.5732639E-02  3.7413063E-03
  0.7500000      8.6460620E-02  3.7685595E-03
  0.7500000      8.7203428E-02  3.7964366E-03
  0.7500000      8.7961376E-02  3.8249488E-03
  0.7500000      8.8734761E-02  3.8541062E-03
  0.7500000      8.9523897E-02  3.8839197E-03
  0.7500000      9.0329126E-02  3.9143995E-03
  0.7500000      9.1150746E-02  3.9455555E-03
  0.7500000      9.1989115E-02  3.9773984E-03
  0.7500000      9.2844561E-02  4.0099360E-03
  0.7500000      9.3717426E-02  4.0431786E-03
  0.7500000      9.4608083E-02  4.0771347E-03
  0.7500000      9.5516875E-02  4.1118124E-03
  0.7500000      9.6444204E-02  4.1472185E-03
  0.7500000      9.7390398E-02  4.1833613E-03
  0.7500000      9.8355874E-02  4.2202463E-03
  0.7500000      9.9341050E-02  4.2578802E-03
  0.7500000      0.1003463      4.2962669E-03
  0.7500000      0.1013720      4.3354109E-03
  0.7500000      0.1024186      4.3753162E-03
  0.7500000      0.1034865      4.4159833E-03
  0.7500000      0.1045762      4.4574146E-03
  0.7500000      0.1056881      4.4996096E-03
  0.7500000      0.1068226      4.5425668E-03
  0.7500000      0.1079802      4.5862840E-03
  0.7500000      0.1091615      4.6307566E-03
  0.7500000      0.1103667      4.6759793E-03
  0.7500000      0.1115966      4.7219442E-03
  0.7500000      0.1128515      4.7686426E-03
  0.7500000      0.1141320      4.8160646E-03
  0.7500000      0.1154385      4.8641954E-03
  0.7500000      0.1167717      4.9130209E-03
  0.7500000      0.1181321      4.9625249E-03
  0.7500000      0.1195201      5.0126873E-03
  0.7500000      0.1209364      5.0634854E-03
  0.7500000      0.1223816      5.1148972E-03
  0.7500000      0.1238563      5.1668938E-03
  0.7500000      0.1253609      5.2194465E-03
  0.7500000      0.1268962      5.2725240E-03
  0.7500000      0.1284629      5.3260904E-03
  0.7500000      0.1300614      5.3801080E-03
  0.7500000      0.1316925      5.4345359E-03
  0.7500000      0.1333568      5.4893298E-03
  0.7500000      0.1350550      5.5444436E-03
  0.7500000      0.1367878      5.5998266E-03
  0.7500000      0.1385560      5.6554242E-03
  0.7500000      0.1403601      5.7111811E-03
  0.7500000      0.1422010      5.7670367E-03
  0.7500000      0.1440794      5.8229286E-03
  0.7500000      0.1459961      5.8787903E-03
  0.7500000      0.1479518      5.9345523E-03
  0.7500000      0.1499474      5.9901434E-03
  0.7500000      0.1519836      6.0454877E-03
  0.7500000      0.1540613      6.1005075E-03
  0.7500000      0.1561814      6.1551202E-03
  0.7500000      0.1583446      6.2092436E-03
  0.7500000      0.1605519      6.2627895E-03
  0.7500000      0.1628042      6.3156690E-03
  0.7500000      0.1651023      6.3677896E-03
  0.7500000      0.1674473      6.4190584E-03
  0.7500000      0.1698401      6.4693787E-03
  0.7500000      0.1722816      6.5186536E-03
  0.7500000      0.1747728      6.5667825E-03
  0.7500000      0.1773148      6.6136662E-03
  0.7500000      0.1799086      6.6592004E-03
  0.7500000      0.1825552      6.7032827E-03
  0.7500000      0.1852558      6.7458055E-03
  0.7500000      0.1880113      6.7866631E-03
  0.7500000      0.1908230      6.8257456E-03
  0.7500000      0.1936920      6.8629431E-03
  0.7500000      0.1966194      6.8981424E-03
  0.7500000      0.1996065      6.9312295E-03
  0.7500000      0.2026544      6.9620856E-03
  0.7500000      0.2057645      6.9905892E-03
  0.7500000      0.2089378      7.0166131E-03
  0.7500000      0.2121759      7.0400261E-03
  0.7500000      0.2154799      7.0606861E-03
  0.7500000      0.2188512      7.0784409E-03
  0.7500000      0.2222912      7.0931232E-03
  0.7500000      0.2258013      7.1045421E-03
  0.7500000      0.2293829      7.1124770E-03
  0.7500000      0.2330374      7.1166614E-03
  0.7500000      0.2367665      7.1167611E-03
  0.7500000      0.2405715      7.1123289E-03
  0.7500000      0.2444540      7.1027069E-03
  0.7500000      0.2484155      7.0867613E-03
  0.7500000      0.2524579      7.0610614E-03
  0.7500000      0.2565826      7.0164283E-03
  0.7500000      0.2607912      6.9675664E-03
  0.7500000      0.2650857      6.9209761E-03
  0.7500000      0.2694677      6.8766065E-03
  0.7500000      0.2739388      6.8343799E-03
  0.7500000      0.2785012      6.7942194E-03
  0.7500000      0.2831564      6.7560496E-03
  0.7500000      0.2879065      6.7197969E-03
  0.7500000      0.2927533      6.6853864E-03
  0.7500000      0.2976990      6.6527482E-03
  0.7500000      0.3027453      6.6218115E-03
  0.7500000      0.3078945      6.5925061E-03
  0.7500000      0.3131486      6.5647662E-03
  0.7500000      0.3185097      6.5385248E-03
  0.7500000      0.3239800      6.5137185E-03
  0.7500000      0.3295618      6.4902846E-03
  0.7500000      0.3352574      6.4681610E-03
  0.7500000      0.3410689      6.4472901E-03
  0.7500000      0.3469988      6.4276140E-03
  0.7500000      0.3530496      6.4090760E-03
  0.7500000      0.3592236      6.3916221E-03
  0.7500000      0.3655234      6.3752010E-03
  0.7500000      0.3719515      6.3597606E-03
  0.7500000      0.3785107      6.3452534E-03
  0.7500000      0.3852034      6.3316310E-03
  0.7500000      0.3920325      6.3188486E-03
  0.7500000      0.3990007      6.3068625E-03
  0.7500000      0.4061109      6.2956298E-03
  0.7500000      0.4133659      6.2851114E-03
  0.7500000      0.4207688      6.2752673E-03
  0.7500000      0.4283224      6.2660603E-03
  0.7500000      0.4360300      6.2574558E-03
  0.7500000      0.4438946      6.2494194E-03
  0.7500000      0.4519194      6.2419176E-03
  0.7500000      0.4601076      6.2349206E-03
  0.7500000      0.4684628      6.2283976E-03
  0.7500000      0.4769881      6.2223217E-03
  0.7500000      0.4856871      6.2166648E-03
  0.7500000      0.4945634      6.2114019E-03
  0.7500000      0.5036204      6.2065087E-03
  0.7500000      0.5128620      6.2019620E-03
  0.7500000      0.5222919      6.1977403E-03
  0.7500000      0.5319139      6.1938222E-03
  0.7500000      0.5417320      6.1901892E-03
  0.7500000      0.5517499      6.1868224E-03
  0.7500000      0.5619721      6.1837034E-03
  0.7500000      0.5724025      6.1808173E-03
  0.7500000      0.5830454      6.1781476E-03
  0.7500000      0.5939052      6.1756801E-03
  0.7500000      0.6049861      6.1734002E-03
  0.7500000      0.6162928      6.1712954E-03
  0.7500000      0.6278299      6.1693536E-03
  0.7500000      0.6396020      6.1675636E-03
  0.7500000      0.6516140      6.1659142E-03
  0.7500000      0.6638706      6.1643962E-03
  0.7500000      0.6763770      6.1629992E-03
  0.7500000      0.6891382      6.1617140E-03
  0.7500000      0.7021593      6.1605340E-03
  0.7500000      0.7154458      6.1594499E-03
  0.7500000      0.7290028      6.1584557E-03
  0.7500000      0.7428362      6.1575444E-03
  0.7500000      0.7569513      6.1567090E-03
  0.7500000      0.7713540      6.1559444E-03
  0.7500000      0.7860501      6.1552450E-03
  0.7500000      0.8010457      6.1546052E-03
  0.7500000      0.8163467      6.1540222E-03
  0.7500000      0.8319594      6.1534890E-03
  0.7500000      0.8478903      6.1530033E-03
  0.7500000      0.8641457      6.1525609E-03
  0.7500000      0.8807322      6.1521581E-03
  0.7500000      0.8976567      6.1517926E-03
  0.7500000      0.9149261      6.1514601E-03
  0.7500000      0.9325472      6.1511584E-03
  0.7500000      0.9505273      6.1508850E-03
  0.7500000      0.9688737      6.1506378E-03
  0.7500000      0.9875938      6.1504142E-03
  0.7500000       1.006696      6.1502121E-03
  0.7500000       1.026186      6.1500305E-03
  0.7500000       1.046074      6.1498666E-03
  0.7500000       1.066367      6.1497199E-03
  0.7500000       1.087074      6.1495882E-03
  0.7500000       1.108202      6.1494699E-03
  0.7500000       1.129761      6.1493646E-03
  0.7500000       1.151758      6.1492706E-03
  0.7500000       1.174205      6.1491868E-03
  0.7500000       1.197108      6.1491122E-03
  0.7500000       1.220478      6.1490471E-03
  0.7500000       1.244324      6.1489893E-03
  0.7500000       1.268656      6.1489390E-03
  0.7500000       1.293484      6.1488943E-03
  0.7500000       1.318817      6.1488561E-03
  0.7500000       1.344667      6.1488226E-03
  0.7500000       1.371043      6.1487947E-03
  0.7500000       1.397956      6.1487705E-03
  0.7500000       1.425418      6.1487500E-03
  0.7500000       1.453440      6.1487332E-03
  0.7500000       1.482032      6.1487192E-03
  0.7500000       1.511207      6.1487081E-03
  0.7500000       1.540976      6.1486997E-03
  0.7500000       1.571352      6.1486932E-03
  0.7500000       1.602346      6.1486885E-03
  0.7500000       1.633972      6.1486862E-03
  0.7500000       1.666242      6.1486848E-03
  0.7500000       1.699170      6.1486848E-03
  0.7500000       1.732768      6.1486866E-03
  0.7500000       1.767051      6.1486885E-03
  0.7500000       1.802033      6.1486922E-03
  0.7500000       1.837727      6.1486959E-03
  0.7500000       1.874148      6.1487006E-03
  0.7500000       1.911311      6.1487062E-03
  0.7500000       1.949232      6.1487122E-03
  0.7500000       1.987925      6.1487183E-03
  0.7500000       2.027406      6.1487248E-03
  0.7500000       2.067692      6.1487323E-03
  0.7500000       2.108798      6.1487388E-03
  0.7500000       2.150742      6.1487462E-03
  0.7500000       2.193540      6.1487537E-03
  0.7500000       2.237211      6.1487611E-03
  0.7500000       2.281771      6.1487686E-03
  0.7500000       2.327239      6.1487760E-03
  0.7500000       2.373633      6.1487835E-03
  0.7500000       2.420972      6.1487909E-03
  0.7500000       2.469276      6.1487984E-03
  0.7500000       2.518564      6.1488054E-03
  0.7500000       2.568856      6.1488124E-03
  0.7500000       2.620172      6.1488198E-03
  0.7500000       2.672534      6.1488263E-03
  0.7500000       2.725963      6.1488329E-03
  0.7500000       2.780480      6.1488394E-03
  0.7500000       2.836108      6.1488459E-03
  0.7500000       2.892870      6.1488524E-03
  0.7500000       2.950787      6.1488585E-03
  0.7500000       3.009885      6.1488645E-03
  0.7500000       3.070187      6.1488701E-03
  0.7500000       3.131717      6.1488757E-03
  0.7500000       3.194501      6.1488808E-03
  0.7500000       3.258564      6.1488859E-03
  0.7500000       3.323931      6.1488906E-03
  0.7500000       3.390631      6.1488952E-03
  0.7500000       3.458690      6.1488999E-03
  0.7500000       3.528135      6.1489046E-03
  0.7500000       3.598995      6.1489083E-03
  0.7500000       3.671299      6.1489125E-03
  0.7500000       3.745075      6.1489157E-03
  0.7500000       3.820355      6.1489195E-03
  0.7500000       3.897168      6.1489232E-03
  0.7500000       3.975547      6.1489260E-03
  0.7500000       4.055521      6.1489288E-03
  0.7500000       4.137126      6.1489316E-03
  0.7500000       4.220393      6.1489334E-03
  0.7500000       4.305356      6.1489362E-03
  0.7500000       4.392050      6.1489381E-03
  0.7500000       4.480511      6.1489400E-03
  0.7500000       4.570774      6.1489409E-03
  0.7500000       4.662875      6.1489418E-03
  0.7500000       4.756853      6.1489427E-03
  0.7500000       4.852746      6.1489437E-03
  0.7500000       4.950592      6.1489437E-03
ZONE T="FUN3D"
 7.500000000E-01 5.000000075E-02 0.000000000E+00
 7.500000000E-01 5.000049621E-02 2.888682869E-11
 7.500000000E-01 5.000099167E-02 1.053683807E-09
 7.500000000E-01 5.000148714E-02 1.037752995E-08
 7.500000000E-01 5.000198260E-02 5.336716313E-08
 7.500000000E-01 5.000247806E-02 1.891639698E-07
 7.500000000E-01 5.000297725E-02 5.288425768E-07
 7.500000000E-01 5.000347644E-02 1.255708639E-06
 7.500000000E-01 5.000397563E-02 2.647791689E-06
 7.500000000E-01 5.000447854E-02 5.102709565E-06
 7.500000000E-01 5.000498146E-02 9.165147276E-06
 7.500000000E-01 5.000548810E-02 1.555724157E-05
 7.500000000E-01 5.000599846E-02 2.521218994E-05
 7.500000000E-01 5.000650883E-02 3.931142055E-05
 7.500000000E-01 5.000702292E-02 5.932572094E-05
 7.500000000E-01 5.000753701E-02 8.706068184E-05
 7.500000000E-01 5.000805855E-02 1.247068431E-04
 7.500000000E-01 5.000858009E-02 1.748949144E-04
 7.500000000E-01 5.000910535E-02 2.407565044E-04
 7.500000000E-01 5.000963807E-02 3.259905789E-04
 7.500000000E-01 5.001017079E-02 4.349361407E-04
 7.500000000E-01 5.001070723E-02 5.726510426E-04
 7.500000000E-01 5.001125112E-02 7.449977566E-04
 7.500000000E-01 5.001179874E-02 9.587349487E-04
 7.500000000E-01 5.001235008E-02 1.221616403E-03
 7.500000000E-01 5.001290515E-02 1.542495680E-03
 7.500000000E-01 5.001346767E-02 1.931436127E-03
 7.500000000E-01 5.001403391E-02 2.399827586E-03
 7.500000000E-01 5.001460761E-02 2.960504964E-03
 7.500000000E-01 5.001518503E-02 3.627871862E-03
 7.500000000E-01 5.001576990E-02 4.418022931E-03
 7.500000000E-01 5.001636222E-02 5.348869599E-03
 7.500000000E-01 5.001696199E-02 6.440256257E-03
 7.500000000E-01 5.001756549E-02 7.714076899E-03
 7.500000000E-01 5.001818016E-02 9.194378741E-03
 7.500000000E-01 5.001879856E-02 1.090745255E-02
 7.500000000E-01 5.001942441E-02 1.288190950E-02
 7.500000000E-01 5.002006143E-02 1.514873374E-02
 7.500000000E-01 5.002070591E-02 1.774130948E-02
 7.500000000E-01 5.002135783E-02 2.069542557E-02
 7.500000000E-01 5.002201721E-02 2.404923178E-02
 7.500000000E-01 5.002268776E-02 2.784317173E-02
 7.500000000E-01 5.002336577E-02 3.211987019E-02
 7.500000000E-01 5.002405494E-02 3.692398593E-02
 7.500000000E-01 5.002475157E-02 4.230199382E-02
 7.500000000E-01 5.002545938E-02 4.830196500E-02
 7.500000000E-01 5.002617836E-02 5.497328192E-02
 7.500000000E-01 5.002690852E-02 6.236631051E-02
 7.500000000E-01 5.002764612E-02 7.053206116E-02
 7.500000000E-01 5.002839863E-02 7.952182740E-02
 7.500000000E-01 5.002916232E-02 8.938676864E-02
 7.500000000E-01 5.002993718E-02 1.001775637E-01
 7.500000000E-01 5.003072321E-02 1.119439751E-01
 7.500000000E-01 5.003152043E-02 1.247345284E-01
 7.500000000E-01 5.003233254E-02 1.385961473E-01
 7.500000000E-01 5.003315955E-02 1.535738260E-01
 7.500000000E-01 5.003399774E-02 1.697104126E-01
 7.500000000E-01 5.003485084E-02 1.870463789E-01
 7.500000000E-01 5.003571883E-02 2.056196779E-01
 7.500000000E-01 5.003659800E-02 2.254656255E-01
 7.500000000E-01 5.003749579E-02 2.466169000E-01
 7.500000000E-01 5.003840849E-02 2.691034973E-01
 7.500000000E-01 5.003933236E-02 2.929528952E-01
 7.500000000E-01 5.004027858E-02 3.181900382E-01
 7.500000000E-01 5.004123598E-02 3.448376358E-01
 7.500000000E-01 5.004221201E-02 3.729161322E-01
 7.500000000E-01 5.004320666E-02 4.024441540E-01
 7.500000000E-01 5.004421622E-02 4.334384501E-01
 7.500000000E-01 5.004524812E-02 4.659143090E-01
 7.500000000E-01 5.004629493E-02 4.998856485E-01
 7.500000000E-01 5.004736036E-02 5.353652835E-01
 7.500000000E-01 5.004844442E-02 5.723649263E-01
 7.500000000E-01 5.004955083E-02 6.108958125E-01
 7.500000000E-01 5.005067587E-02 6.509681344E-01
 7.500000000E-01 5.005182326E-02 6.925919056E-01
 7.500000000E-01 5.005298927E-02 7.357764244E-01
 7.500000000E-01 5.005417764E-02 7.805308104E-01
 7.500000000E-01 5.005538836E-02 8.268637657E-01
 7.500000000E-01 5.005662143E-02 8.747837543E-01
 7.500000000E-01 5.005787686E-02 9.234794378E-01
 7.500000000E-01 5.005915835E-02 9.711983800E-01
 7.500000000E-01 5.006046221E-02 1.020189524E+00
 7.500000000E-01 5.006178841E-02 1.070830464E+00
 7.500000000E-01 5.006314442E-02 1.123235226E+00
 7.500000000E-01 5.006452277E-02 1.177458525E+00
 7.500000000E-01 5.006592721E-02 1.233541608E+00
 7.500000000E-01 5.006736144E-02 1.291523814E+00
 7.500000000E-01 5.006882176E-02 1.351442933E+00
 7.500000000E-01 5.007030815E-02 1.413337111E+00
 7.500000000E-01 5.007182434E-02 1.477244139E+00
 7.500000000E-01 5.007337034E-02 1.543201923E+00
 7.500000000E-01 5.007494614E-02 1.611247540E+00
 7.500000000E-01 5.007655174E-02 1.681418896E+00
 7.500000000E-01 5.007818714E-02 1.753753304E+00
 7.500000000E-01 5.007985607E-02 1.828287840E+00
 7.500000000E-01 5.008155853E-02 1.905059338E+00
 7.500000000E-01 5.008329079E-02 1.984105229E+00
 7.500000000E-01 5.008506030E-02 2.065461874E+00
 7.500000000E-01 5.008686334E-02 2.149166822E+00
 7.500000000E-01 5.008869991E-02 2.235255957E+00
 7.500000000E-01 5.009057745E-02 2.323765993E+00
 7.500000000E-01 5.009248853E-02 2.414728880E+00
 7.500000000E-01 5.009443685E-02 2.508166790E+00
 7.500000000E-01 5.009642243E-02 2.604116440E+00
 7.500000000E-01 5.009844899E-02 2.702619791E+00
 7.500000000E-01 5.010051653E-02 2.803714514E+00
 7.500000000E-01 5.010262504E-02 2.907434225E+00
 7.500000000E-01 5.010477081E-02 3.013810396E+00
 7.500000000E-01 5.010696501E-02 3.122876644E+00
 7.500000000E-01 5.010920018E-02 3.234665632E+00
 7.500000000E-01 5.011148006E-02 3.349209070E+00
 7.500000000E-01 5.011380464E-02 3.466536283E+00
 7.500000000E-01 5.011617392E-02 3.586678982E+00
 7.500000000E-01 5.011859536E-02 3.709666729E+00
 7.500000000E-01 5.012106150E-02 3.835530043E+00
 7.500000000E-01 5.012357607E-02 3.964297533E+00
 7.500000000E-01 5.012614280E-02 4.095997810E+00
 7.500000000E-01 5.012876168E-02 4.230659485E+00
 7.500000000E-01 5.013142899E-02 4.368309975E+00
 7.500000000E-01 5.013415590E-02 4.508975983E+00
 7.500000000E-01 5.013693124E-02 4.652683735E+00
 7.500000000E-01 5.013976619E-02 4.799458981E+00
 7.500000000E-01 5.014265701E-02 4.949327469E+00
 7.500000000E-01 5.014560372E-02 5.102312088E+00
 7.500000000E-01 5.014861375E-02 5.258438110E+00
 7.500000000E-01 5.015167966E-02 5.417726994E+00
 7.500000000E-01 5.015481263E-02 5.580201626E+00
 7.500000000E-01 5.015800521E-02 5.745884418E+00
 7.500000000E-01 5.016126111E-02 5.914788723E+00
 7.500000000E-01 5.016458407E-02 6.086941242E+00
 7.500000000E-01 5.016797408E-02 6.262361050E+00
 7.500000000E-01 5.017143115E-02 6.441057205E+00
 7.500000000E-01 5.017495900E-02 6.623054504E+00
 7.500000000E-01 5.017855763E-02 6.808366299E+00
 7.500000000E-01 5.018223077E-02 6.997006893E+00
 7.500000000E-01 5.018597469E-02 7.188991070E+00
 7.500000000E-01 5.018979684E-02 7.384333611E+00
 7.500000000E-01 5.019369721E-02 7.583048820E+00
 7.500000000E-01 5.019767210E-02 7.785151005E+00
 7.500000000E-01 5.020173267E-02 7.990651131E+00
 7.500000000E-01 5.020587146E-02 8.199561119E+00
 7.500000000E-01 5.021009594E-02 8.411893845E+00
 7.500000000E-01 5.021440238E-02 8.627648354E+00
 7.500000000E-01 5.021880195E-02 8.846831322E+00
 7.500000000E-01 5.022328719E-02 9.069461823E+00
 7.500000000E-01 5.022786185E-02 9.295538902E+00
 7.500000000E-01 5.023252964E-02 9.525071144E+00
 7.500000000E-01 5.023729429E-02 9.758058548E+00
 7.500000000E-01 5.024215579E-02 9.994503021E+00
 7.500000000E-01 5.024711415E-02 1.023440361E+01
 7.500000000E-01 5.025217310E-02 1.047776031E+01
 7.500000000E-01 5.025733262E-02 1.072457218E+01
 7.500000000E-01 5.026260018E-02 1.097483921E+01
 7.500000000E-01 5.026797205E-02 1.122855568E+01
 7.500000000E-01 5.027345568E-02 1.148571968E+01
 7.500000000E-01 5.027904734E-02 1.174632549E+01
 7.500000000E-01 5.028475448E-02 1.201034260E+01
 7.500000000E-01 5.029057711E-02 1.227777958E+01
 7.500000000E-01 5.029651895E-02 1.254861450E+01
 7.500000000E-01 5.030258000E-02 1.282283783E+01
 7.500000000E-01 5.030876398E-02 1.310044479E+01
 7.500000000E-01 5.031507462E-02 1.338139915E+01
 7.500000000E-01 5.032151192E-02 1.366571045E+01
 7.500000000E-01 5.032807961E-02 1.395335579E+01
 7.500000000E-01 5.033478141E-02 1.424431801E+01
 7.500000000E-01 5.034162104E-02 1.453857899E+01
 7.500000000E-01 5.034859851E-02 1.483611965E+01
 7.500000000E-01 5.035571754E-02 1.513691998E+01
 7.500000000E-01 5.036298186E-02 1.544096088E+01
 7.500000000E-01 5.037039518E-02 1.574822044E+01
 7.500000000E-01 5.037795752E-02 1.605867577E+01
 7.500000000E-01 5.038567260E-02 1.637230301E+01
 7.500000000E-01 5.039354786E-02 1.668907928E+01
 7.500000000E-01 5.040157959E-02 1.700898933E+01
 7.500000000E-01 5.040977523E-02 1.733197212E+01
 7.500000000E-01 5.041813850E-02 1.765802193E+01
 7.500000000E-01 5.042667314E-02 1.798713875E+01
 7.500000000E-01 5.043537915E-02 1.831925392E+01
 7.500000000E-01 5.044426396E-02 1.865435219E+01
 7.500000000E-01 5.045332760E-02 1.899239922E+01
 7.500000000E-01 5.046257749E-02 1.933336830E+01
 7.500000000E-01 5.047201365E-02 1.967722321E+01
 7.500000000E-01 5.048164353E-02 2.002393723E+01
 7.500000000E-01 5.049146712E-02 2.037347412E+01
 7.500000000E-01 5.050149187E-02 2.072580528E+01
 7.500000000E-01 5.051172152E-02 2.108089447E+01
 7.500000000E-01 5.052215979E-02 2.143871498E+01
 7.500000000E-01 5.053281039E-02 2.179923248E+01
 7.500000000E-01 5.054367334E-02 2.216242027E+01
 7.500000000E-01 5.055476353E-02 2.252824593E+01
 7.500000000E-01 5.056607723E-02 2.289668465E+01
 7.500000000E-01 5.057761818E-02 2.326772118E+01
 7.500000000E-01 5.058939755E-02 2.364130020E+01
 7.500000000E-01 5.060141534E-02 2.401739311E+01
 7.500000000E-01 5.061367899E-02 2.439602089E+01
 7.500000000E-01 5.062619224E-02 2.477715874E+01
 7.500000000E-01 5.063895881E-02 2.516073990E+01
 7.500000000E-01 5.065198615E-02 2.554678345E+01
 7.500000000E-01 5.066527799E-02 2.593531799E+01
 7.500000000E-01 5.067883804E-02 2.632628250E+01
 7.500000000E-01 5.069267750E-02 2.671967506E+01
 7.500000000E-01 5.070680007E-02 2.711556053E+01
 7.500000000E-01 5.072120577E-02 2.751388359E+01
 7.500000000E-01 5.073590949E-02 2.791467285E+01
 7.500000000E-01 5.075091124E-02 2.831795692E+01
 7.500000000E-01 5.076621473E-02 2.872374916E+01
 7.500000000E-01 5.078183487E-02 2.913209724E+01
 7.500000000E-01 5.079777166E-02 2.954304123E+01
 7.500000000E-01 5.081402883E-02 2.995662117E+01
 7.500000000E-01 5.083062127E-02 3.037290001E+01
 7.500000000E-01 5.084755272E-02 3.079195595E+01
 7.500000000E-01 5.086482689E-02 3.121385956E+01
 7.500000000E-01 5.088245124E-02 3.163871574E+01
 7.500000000E-01 5.090043694E-02 3.206662369E+01
 7.500000000E-01 5.091878772E-02 3.249771500E+01
 7.500000000E-01 5.093751475E-02 3.293211746E+01
 7.500000000E-01 5.095662177E-02 3.336999893E+01
 7.500000000E-01 5.097611621E-02 3.381152344E+01
 7.500000000E-01 5.099600926E-02 3.425688553E+01
 7.500000000E-01 5.101630464E-02 3.470631027E+01
 7.500000000E-01 5.103701726E-02 3.516002655E+01
 7.500000000E-01 5.105815083E-02 3.561831284E+01
 7.500000000E-01 5.107971281E-02 3.608144760E+01
 7.500000000E-01 5.110171810E-02 3.654975891E+01
 7.500000000E-01 5.112416670E-02 3.702357864E+01
 7.500000000E-01 5.114707351E-02 3.750329971E+01
 7.500000000E-01 5.117044970E-02 3.798934555E+01
 7.500000000E-01 5.119429901E-02 3.848214340E+01
 7.500000000E-01 5.121863633E-02 3.898219681E+01
 7.500000000E-01 5.124346912E-02 3.949000549E+01
 7.500000000E-01 5.126880854E-02 4.000613785E+01
 7.500000000E-01 5.129466206E-02 4.053117371E+01
 7.500000000E-01 5.132104084E-02 4.106575394E+01
 7.500000000E-01 5.134795979E-02 4.161051559E+01
 7.500000000E-01 5.137542635E-02 4.216617203E+01
 7.500000000E-01 5.140345171E-02 4.273341751E+01
 7.500000000E-01 5.143205076E-02 4.331302261E+01
 7.500000000E-01 5.146122724E-02 4.390571976E+01
 7.500000000E-01 5.149100348E-02 4.451230240E+01
 7.500000000E-01 5.152138323E-02 4.513352585E+01
 7.500000000E-01 5.155238137E-02 4.577017975E+01
 7.500000000E-01 5.158401281E-02 4.642299271E+01
 7.500000000E-01 5.161628872E-02 4.709271622E+01
 7.500000000E-01 5.164922029E-02 4.778000259E+01
 7.500000000E-01 5.168282241E-02 4.848550415E+01
 7.500000000E-01 5.171710998E-02 4.920974731E+01
 7.500000000E-01 5.175209790E-02 4.995322037E+01
 7.500000000E-01 5.178779736E-02 5.071625519E+01
 7.500000000E-01 5.182422325E-02 5.149912262E+01
 7.500000000E-01 5.186139047E-02 5.230189896E+01
 7.500000000E-01 5.189931393E-02 5.312455368E+01
 7.500000000E-01 5.193801224E-02 5.396684647E+01
 7.500000000E-01 5.197750032E-02 5.482841492E+01
 7.500000000E-01 5.201778933E-02 5.570864105E+01
 7.500000000E-01 5.205890164E-02 5.660677719E+01
 7.500000000E-01 5.210085213E-02 5.752180099E+01
 7.500000000E-01 5.214365572E-02 5.845255661E+01
 7.500000000E-01 5.218733102E-02 5.939761353E+01
 7.500000000E-01 5.223189294E-02 6.035540009E+01
 7.500000000E-01 5.227736756E-02 6.132408142E+01
 7.500000000E-01 5.232376605E-02 6.230170822E+01
 7.500000000E-01 5.237111077E-02 6.328607559E+01
 7.500000000E-01 5.241942033E-02 6.427487946E+01
 7.500000000E-01 5.246871337E-02 6.526560974E+01
 7.500000000E-01 5.251901224E-02 6.625567627E+01
 7.500000000E-01 5.257033557E-02 6.724230957E+01
 7.500000000E-01 5.262270197E-02 6.822269440E+01
 7.500000000E-01 5.267613754E-02 6.919387054E+01
 7.500000000E-01 5.273066089E-02 7.015286255E+01
 7.500000000E-01 5.278629437E-02 7.109656525E+01
 7.500000000E-01 5.284306034E-02 7.202190399E+01
 7.500000000E-01 5.290098488E-02 7.292570496E+01
 7.500000000E-01 5.296008661E-02 7.380480957E+01
 7.500000000E-01 5.302039534E-02 7.465601349E+01
 7.500000000E-01 5.308193341E-02 7.547613525E+01
 7.500000000E-01 5.314472318E-02 7.626194000E+01
 7.500000000E-01 5.320879072E-02 7.701025391E+01
 7.500000000E-01 5.327416584E-02 7.771783447E+01
 7.500000000E-01 5.334087461E-02 7.838147736E+01
 7.500000000E-01 5.340893939E-02 7.899800110E+01
 7.500000000E-01 5.347838998E-02 7.956414795E+01
 7.500000000E-01 5.354925618E-02 8.007672882E+01
 7.500000000E-01 5.362156779E-02 8.053245544E+01
 7.500000000E-01 5.369535089E-02 8.092809296E+01
 7.500000000E-01 5.377063900E-02 8.126036072E+01
 7.500000000E-01 5.384745821E-02 8.152600861E+01
 7.500000000E-01 5.392584577E-02 8.172163391E+01
 7.500000000E-01 5.400582775E-02 8.184380341E+01
 7.500000000E-01 5.408744141E-02 8.188909912E+01
 7.500000000E-01 5.417071283E-02 8.185400391E+01
 7.500000000E-01 5.425568670E-02 8.173483276E+01
 7.500000000E-01 5.434238911E-02 8.152785492E+01
 7.500000000E-01 5.443085730E-02 8.122925568E+01
 7.500000000E-01 5.452112854E-02 8.083518982E+01
 7.500000000E-01 5.461324006E-02 8.034139252E+01
 7.500000000E-01 5.470722541E-02 7.974347687E+01
 7.500000000E-01 5.480312556E-02 7.903730774E+01
 7.500000000E-01 5.490098149E-02 7.821827698E+01
 7.500000000E-01 5.500083044E-02 7.728147125E+01
 7.500000000E-01 5.510271341E-02 7.622229004E+01
 7.500000000E-01 5.520667136E-02 7.503580475E+01
 7.500000000E-01 5.531274900E-02 7.371698761E+01
 7.500000000E-01 5.542098731E-02 7.226114655E+01
 7.500000000E-01 5.553143099E-02 7.066402435E+01
 7.500000000E-01 5.564412102E-02 6.892178345E+01
 7.500000000E-01 5.575910956E-02 6.703164673E+01
 7.500000000E-01 5.587644130E-02 6.499263000E+01
 7.500000000E-01 5.599616468E-02 6.280647659E+01
 7.500000000E-01 5.611832440E-02 6.047873306E+01
 7.500000000E-01 5.624297261E-02 5.802063370E+01
 7.500000000E-01 5.637016147E-02 5.545215607E+01
 7.500000000E-01 5.649994314E-02 5.280921555E+01
 7.500000000E-01 5.663236603E-02 5.016263199E+01
 7.500000000E-01 5.676748976E-02 4.761364365E+01
 7.500000000E-01 5.690536276E-02 4.524592590E+01
 7.500000000E-01 5.704604834E-02 4.310853958E+01
 7.500000000E-01 5.718959868E-02 4.122721863E+01
 7.500000000E-01 5.733607337E-02 3.958684540E+01
 7.500000000E-01 5.748553202E-02 3.801741791E+01
 7.500000000E-01 5.763803422E-02 3.567199707E+01
 7.500000000E-01 5.779364333E-02 3.218441772E+01
 7.500000000E-01 5.795242637E-02 2.857968903E+01
 7.500000000E-01 5.811443925E-02 2.487884521E+01
 7.500000000E-01 5.827975646E-02 2.111633492E+01
 7.500000000E-01 5.844844133E-02 1.734547615E+01
 7.500000000E-01 5.862056091E-02 1.364712334E+01
 7.500000000E-01 5.879618600E-02 1.014225674E+01
 7.500000000E-01 5.897539482E-02 7.004263878E+00
 7.500000000E-01 5.915825069E-02 4.444363117E+00
 7.500000000E-01 5.934483185E-02 2.679286957E+00
 7.500000000E-01 5.953521281E-02 1.513496161E+00
 7.500000000E-01 5.972947553E-02 7.217209935E-01
 7.500000000E-01 5.992769450E-02 2.132569849E-01
 7.500000000E-01 6.012995169E-02 3.895775974E-02
 7.500000000E-01 6.033632904E-02 7.637111936E-03
 7.500000000E-01 6.054691225E-02 3.384332638E-03
 7.500000000E-01 6.076178327E-02 2.876103157E-03
 7.500000000E-01 6.098103523E-02 2.829619916E-03
 7.500000000E-01 6.120475009E-02 2.836028580E-03
 7.500000000E-01 6.143302470E-02 2.847860102E-03
 7.500000000E-01 6.166595221E-02 2.859943081E-03
 7.500000000E-01 6.190362200E-02 2.871758537E-03
 7.500000000E-01 6.214613467E-02 2.883277601E-03
 7.500000000E-01 6.239358708E-02 2.894522157E-03
 7.500000000E-01 6.264608353E-02 2.905524103E-03
 7.500000000E-01 6.290372461E-02 2.916317899E-03
 7.500000000E-01 6.316661090E-02 2.926939866E-03
 7.500000000E-01 6.343485415E-02 2.937427489E-03
 7.500000000E-01 6.370855868E-02 2.947818954E-03
 7.500000000E-01 6.398784369E-02 2.958150115E-03
 7.500000000E-01 6.427282095E-02 2.968457062E-03
 7.500000000E-01 6.456360221E-02 2.978774486E-03
 7.500000000E-01 6.486030668E-02 2.989132889E-03
 7.500000000E-01 6.516305357E-02 2.999561373E-03
 7.500000000E-01 6.547196954E-02 3.010086948E-03
 7.500000000E-01 6.578718126E-02 3.020733362E-03
 7.500000000E-01 6.610881537E-02 3.031522967E-03
 7.500000000E-01 6.643699855E-02 3.042476019E-03
 7.500000000E-01 6.677187234E-02 3.053609515E-03
 7.500000000E-01 6.711356342E-02 3.064939519E-03
 7.500000000E-01 6.746221334E-02 3.076480934E-03
 7.500000000E-01 6.781797111E-02 3.088247729E-03
 7.500000000E-01 6.818097830E-02 3.100252012E-03
 7.500000000E-01 6.855138391E-02 3.112506121E-03
 7.500000000E-01 6.892932951E-02 3.125021234E-03
 7.500000000E-01 6.931497902E-02 3.137808526E-03
 7.500000000E-01 6.970848143E-02 3.150878940E-03
 7.500000000E-01 7.011000067E-02 3.164242720E-03
 7.500000000E-01 7.051970065E-02 3.177910345E-03
 7.500000000E-01 7.093774527E-02 3.191892058E-03
 7.500000000E-01 7.136431336E-02 3.206198104E-03
 7.500000000E-01 7.179956883E-02 3.220838727E-03
 7.500000000E-01 7.224369049E-02 3.235823475E-03
 7.500000000E-01 7.269686460E-02 3.251162823E-03
 7.500000000E-01 7.315926254E-02 3.266866319E-03
 7.500000000E-01 7.363108546E-02 3.282944439E-03
 7.500000000E-01 7.411251962E-02 3.299406962E-03
 7.500000000E-01 7.460376620E-02 3.316264134E-03
 7.500000000E-01 7.510501891E-02 3.333526198E-03
 7.500000000E-01 7.561648637E-02 3.351203399E-03
 7.500000000E-01 7.613836974E-02 3.369306214E-03
 7.500000000E-01 7.667088509E-02 3.387844656E-03
 7.500000000E-01 7.721424848E-02 3.406829899E-03
 7.500000000E-01 7.776868343E-02 3.426271724E-03
 7.500000000E-01 7.833441347E-02 3.446181538E-03
 7.500000000E-01 7.891167700E-02 3.466569586E-03
 7.500000000E-01 7.950069010E-02 3.487446811E-03
 7.500000000E-01 8.010170609E-02 3.508824157E-03
 7.500000000E-01 8.071497083E-02 3.530712798E-03
 7.500000000E-01 8.134072274E-02 3.553123446E-03
 7.500000000E-01 8.197923005E-02 3.576067509E-03
 7.500000000E-01 8.263073862E-02 3.599555930E-03
 7.500000000E-01 8.329552412E-02 3.623599885E-03
 7.500000000E-01 8.397385478E-02 3.648210550E-03
 7.500000000E-01 8.466600627E-02 3.673399333E-03
 7.500000000E-01 8.537225425E-02 3.699177178E-03
 7.500000000E-01 8.609288931E-02 3.725555260E-03
 7.500000000E-01 8.682820946E-02 3.752544755E-03
 7.500000000E-01 8.757851273E-02 3.780156607E-03
 7.500000000E-01 8.834409714E-02 3.808401758E-03
 7.500000000E-01 8.912528306E-02 3.837290686E-03
 7.500000000E-01 8.992238343E-02 3.866834333E-03
 7.500000000E-01 9.073571861E-02 3.897043178E-03
 7.500000000E-01 9.156563133E-02 3.927926999E-03
 7.500000000E-01 9.241244197E-02 3.959496040E-03
 7.500000000E-01 9.327650815E-02 3.991759382E-03
 7.500000000E-01 9.415818006E-02 4.024726339E-03
 7.500000000E-01 9.505781531E-02 4.058406223E-03
 7.500000000E-01 9.597577900E-02 4.092806485E-03
 7.500000000E-01 9.691244364E-02 4.127935506E-03
 7.500000000E-01 9.786818922E-02 4.163800273E-03
 7.500000000E-01 9.884340316E-02 4.200407304E-03
 7.500000000E-01 9.983849525E-02 4.237762187E-03
 7.500000000E-01 1.008538529E-01 4.275870509E-03
 7.500000000E-01 1.018898934E-01 4.314735532E-03
 7.500000000E-01 1.029470488E-01 4.354361910E-03
 7.500000000E-01 1.040257365E-01 4.394750576E-03
 7.500000000E-01 1.051264033E-01 4.435903393E-03
 7.500000000E-01 1.062494889E-01 4.477819894E-03
 7.500000000E-01 1.073954627E-01 4.520499147E-03
 7.500000000E-01 1.085647792E-01 4.563938826E-03
 7.500000000E-01 1.097579151E-01 4.608134273E-03
 7.500000000E-01 1.109753624E-01 4.653079901E-03
 7.500000000E-01 1.122176126E-01 4.698768724E-03
 7.500000000E-01 1.134851724E-01 4.745190963E-03
 7.500000000E-01 1.147785485E-01 4.792336375E-03
 7.500000000E-01 1.160982847E-01 4.840191919E-03
 7.500000000E-01 1.174449027E-01 4.888742231E-03
 7.500000000E-01 1.188189536E-01 4.937971011E-03
 7.500000000E-01 1.202210039E-01 4.987857770E-03
 7.500000000E-01 1.216516122E-01 5.038381554E-03
 7.500000000E-01 1.231113747E-01 5.089517683E-03
 7.500000000E-01 1.246008649E-01 5.141239613E-03
 7.500000000E-01 1.261207163E-01 5.193517543E-03
 7.500000000E-01 1.276715100E-01 5.246318877E-03
 7.500000000E-01 1.292539090E-01 5.299609154E-03
 7.500000000E-01 1.308685541E-01 5.353349261E-03
 7.500000000E-01 1.325160861E-01 5.407498218E-03
 7.500000000E-01 1.341971904E-01 5.462012254E-03
 7.500000000E-01 1.359125376E-01 5.516842939E-03
 7.500000000E-01 1.376628280E-01 5.571940448E-03
 7.500000000E-01 1.394487768E-01 5.627250299E-03
 7.500000000E-01 1.412711143E-01 5.682715680E-03
 7.500000000E-01 1.431305856E-01 5.738276057E-03
 7.500000000E-01 1.450279355E-01 5.793867633E-03
 7.500000000E-01 1.469639242E-01 5.849423353E-03
 7.500000000E-01 1.489393711E-01 5.904873833E-03
 7.500000000E-01 1.509550661E-01 5.960145965E-03
 7.500000000E-01 1.530118138E-01 6.015163381E-03
 7.500000000E-01 1.551104784E-01 6.069847383E-03
 7.500000000E-01 1.572518945E-01 6.124115549E-03
 7.500000000E-01 1.594369262E-01 6.177883130E-03
 7.500000000E-01 1.616664827E-01 6.231061649E-03
 7.500000000E-01 1.639414728E-01 6.283561233E-03
 7.500000000E-01 1.662627906E-01 6.335288286E-03
 7.500000000E-01 1.686314195E-01 6.386148278E-03
 7.500000000E-01 1.710482836E-01 6.436044350E-03
 7.500000000E-01 1.735143960E-01 6.484877318E-03
 7.500000000E-01 1.760307550E-01 6.532547530E-03
 7.500000000E-01 1.785983741E-01 6.578952540E-03
 7.500000000E-01 1.812183112E-01 6.623987574E-03
 7.500000000E-01 1.838916242E-01 6.667547394E-03
 7.500000000E-01 1.866193861E-01 6.709523965E-03
 7.500000000E-01 1.894027293E-01 6.749807857E-03
 7.500000000E-01 1.922427863E-01 6.788288243E-03
 7.500000000E-01 1.951406896E-01 6.824851967E-03
 7.500000000E-01 1.980976462E-01 6.859384477E-03
 7.500000000E-01 2.011148334E-01 6.891766563E-03
 7.500000000E-01 2.041934878E-01 6.921877619E-03
 7.500000000E-01 2.073348761E-01 6.949590985E-03
 7.500000000E-01 2.105402499E-01 6.974775344E-03
 7.500000000E-01 2.138109356E-01 6.997291464E-03
 7.500000000E-01 2.171482444E-01 7.016991731E-03
 7.500000000E-01 2.205535620E-01 7.033714093E-03
 7.500000000E-01 2.240282446E-01 7.047279272E-03
 7.500000000E-01 2.275737077E-01 7.057482377E-03
 7.500000000E-01 2.311914265E-01 7.064081728E-03
 7.500000000E-01 2.348828316E-01 7.066778373E-03
 7.500000000E-01 2.386494428E-01 7.065179758E-03
 7.500000000E-01 2.424927950E-01 7.058728486E-03
 7.500000000E-01 2.464144379E-01 7.046530489E-03
 7.500000000E-01 2.504159808E-01 7.026700769E-03
 7.500000000E-01 2.544990480E-01 6.989920512E-03
 7.500000000E-01 2.586653233E-01 6.941873115E-03
 7.500000000E-01 2.629164457E-01 6.895357277E-03
 7.500000000E-01 2.672542036E-01 6.851040758E-03
 7.500000000E-01 2.716802955E-01 6.808850914E-03
 7.500000000E-01 2.761965990E-01 6.768711377E-03
 7.500000000E-01 2.808049023E-01 6.730548106E-03
 7.500000000E-01 2.855070829E-01 6.694288459E-03
 7.500000000E-01 2.903050482E-01 6.659859326E-03
 7.500000000E-01 2.952007949E-01 6.627190858E-03
 7.500000000E-01 3.001962602E-01 6.596213672E-03
 7.500000000E-01 3.052935004E-01 6.566859782E-03
 7.500000000E-01 3.104945719E-01 6.539062597E-03
 7.500000000E-01 3.158016503E-01 6.512756925E-03
 7.500000000E-01 3.212168217E-01 6.487879902E-03
 7.500000000E-01 3.267422915E-01 6.464369129E-03
 7.500000000E-01 3.323803544E-01 6.442164537E-03
 7.500000000E-01 3.381333053E-01 6.421208382E-03
 7.500000000E-01 3.440034389E-01 6.401442457E-03
 7.500000000E-01 3.499931395E-01 6.382812280E-03
 7.500000000E-01 3.561049104E-01 6.365264300E-03
 7.500000000E-01 3.623411655E-01 6.348746363E-03
 7.500000000E-01 3.687044978E-01 6.333208643E-03
 7.500000000E-01 3.751974404E-01 6.318602245E-03
 7.500000000E-01 3.818227053E-01 6.304880604E-03
 7.500000000E-01 3.885829151E-01 6.291999016E-03
 7.500000000E-01 3.954808414E-01 6.279913243E-03
 7.500000000E-01 4.025193155E-01 6.268582307E-03
 7.500000000E-01 4.097011983E-01 6.257965695E-03
 7.500000000E-01 4.170293808E-01 6.248024292E-03
 7.500000000E-01 4.245068729E-01 6.238722242E-03
 7.500000000E-01 4.321366847E-01 6.230023224E-03
 7.500000000E-01 4.399219453E-01 6.221893709E-03
 7.500000000E-01 4.478658140E-01 6.214301102E-03
 7.500000000E-01 4.559715390E-01 6.207214668E-03
 7.500000000E-01 4.642423689E-01 6.200604606E-03
 7.500000000E-01 4.726817310E-01 6.194442976E-03
 7.500000000E-01 4.812930226E-01 6.188703235E-03
 7.500000000E-01 4.900797307E-01 6.183359306E-03
 7.500000000E-01 4.990454614E-01 6.178387441E-03
 7.500000000E-01 5.081938505E-01 6.173763890E-03
 7.500000000E-01 5.175286531E-01 6.169468164E-03
 7.500000000E-01 5.270535946E-01 6.165478379E-03
 7.500000000E-01 5.367726088E-01 6.161775440E-03
 7.500000000E-01 5.466895700E-01 6.158340722E-03
 7.500000000E-01 5.568086505E-01 6.155156996E-03
 7.500000000E-01 5.671338439E-01 6.152207032E-03
 7.500000000E-01 5.776693821E-01 6.149476394E-03
 7.500000000E-01 5.884196162E-01 6.146949250E-03
 7.500000000E-01 5.993887782E-01 6.144612562E-03
 7.500000000E-01 6.105814576E-01 6.142452825E-03
 7.500000000E-01 6.220021844E-01 6.140457932E-03
 7.500000000E-01 6.336556077E-01 6.138616707E-03
 7.500000000E-01 6.455463767E-01 6.136917975E-03
 7.500000000E-01 6.576794386E-01 6.135351956E-03
 7.500000000E-01 6.700596809E-01 6.133908872E-03
 7.500000000E-01 6.826921701E-01 6.132579874E-03
 7.500000000E-01 6.955819726E-01 6.131356582E-03
 7.500000000E-01 7.087343931E-01 6.130232010E-03
 7.500000000E-01 7.221547961E-01 6.129197776E-03
 7.500000000E-01 7.358485460E-01 6.128248293E-03
 7.500000000E-01 7.498213649E-01 6.127376109E-03
 7.500000000E-01 7.640787959E-01 6.126576569E-03
 7.500000000E-01 7.786266804E-01 6.125843152E-03
 7.500000000E-01 7.934709787E-01 6.125171203E-03
 7.500000000E-01 8.086177111E-01 6.124556530E-03
 7.500000000E-01 8.240730166E-01 6.123994011E-03
 7.500000000E-01 8.398432136E-01 6.123479921E-03
 7.500000000E-01 8.559346199E-01 6.123010535E-03
 7.500000000E-01 8.723539114E-01 6.122582126E-03
 7.500000000E-01 8.891077042E-01 6.122192368E-03
 7.500000000E-01 9.062028527E-01 6.121837068E-03
 7.500000000E-01 9.236462712E-01 6.121514831E-03
 7.500000000E-01 9.414450526E-01 6.121222395E-03
 7.500000000E-01 9.596064091E-01 6.120957434E-03
 7.500000000E-01 9.781377912E-01 6.120718550E-03
 7.500000000E-01 9.970467687E-01 6.120503880E-03
 7.500000000E-01 1.016340852E+00 6.120310631E-03
 7.500000000E-01 1.036028147E+00 6.120138802E-03
 7.500000000E-01 1.056116462E+00 6.119986065E-03
 7.500000000E-01 1.076614022E+00 6.119851489E-03
 7.500000000E-01 1.097529292E+00 6.119733676E-03
 7.500000000E-01 1.118870497E+00 6.119632628E-03
 7.500000000E-01 1.140646577E+00 6.119546015E-03
 7.500000000E-01 1.162866354E+00 6.119473837E-03
 7.500000000E-01 1.185538769E+00 6.119415164E-03
 7.500000000E-01 1.208673000E+00 6.119369064E-03
 7.500000000E-01 1.232278705E+00 6.119334139E-03
 7.500000000E-01 1.256365180E+00 6.119309459E-03
 7.500000000E-01 1.280942440E+00 6.119294092E-03
 7.500000000E-01 1.306020379E+00 6.119286176E-03
 7.500000000E-01 1.331609249E+00 6.119283848E-03
 7.500000000E-01 1.357719421E+00 6.119285710E-03
 7.500000000E-01 1.384361625E+00 6.119289435E-03
 7.500000000E-01 1.411546588E+00 6.119293626E-03
 7.500000000E-01 1.439285278E+00 6.119295955E-03
 7.500000000E-01 1.467589140E+00 6.119295955E-03
 7.500000000E-01 1.496469736E+00 6.119292229E-03
 7.500000000E-01 1.525938630E+00 6.119285244E-03
 7.500000000E-01 1.556007862E+00 6.119275000E-03
 7.500000000E-01 1.586689711E+00 6.119262893E-03
 7.500000000E-01 1.617996693E+00 6.119249389E-03
 7.500000000E-01 1.649941444E+00 6.119235884E-03
 7.500000000E-01 1.682536960E+00 6.119223312E-03
 7.500000000E-01 1.715796590E+00 6.119211204E-03
 7.500000000E-01 1.749733806E+00 6.119200960E-03
 7.500000000E-01 1.784362435E+00 6.119191181E-03
 7.500000000E-01 1.819696665E+00 6.119182799E-03
 7.500000000E-01 1.855750561E+00 6.119175348E-03
 7.500000000E-01 1.892539144E+00 6.119168829E-03
 7.500000000E-01 1.930077076E+00 6.119162776E-03
 7.500000000E-01 1.968379855E+00 6.119157653E-03
 7.500000000E-01 2.007462978E+00 6.119153462E-03
 7.500000000E-01 2.047342300E+00 6.119149271E-03
 7.500000000E-01 2.088034153E+00 6.119146012E-03
 7.500000000E-01 2.129554987E+00 6.119143218E-03
 7.500000000E-01 2.171921730E+00 6.119140424E-03
 7.500000000E-01 2.215151548E+00 6.119138561E-03
 7.500000000E-01 2.259262085E+00 6.119136699E-03
 7.500000000E-01 2.304271460E+00 6.119135302E-03
 7.500000000E-01 2.350197554E+00 6.119134370E-03
 7.500000000E-01 2.397059441E+00 6.119133439E-03
 7.500000000E-01 2.444876194E+00 6.119132973E-03
 7.500000000E-01 2.493666887E+00 6.119132508E-03
 7.500000000E-01 2.543451548E+00 6.119132973E-03
 7.500000000E-01 2.594250679E+00 6.119132973E-03
 7.500000000E-01 2.646084547E+00 6.119133905E-03
 7.500000000E-01 2.698974609E+00 6.119134370E-03
 7.500000000E-01 2.752942085E+00 6.119135767E-03
 7.500000000E-01 2.808009148E+00 6.119137164E-03
 7.500000000E-01 2.864197969E+00 6.119138561E-03
 7.500000000E-01 2.921531439E+00 6.119140424E-03
 7.500000000E-01 2.980033159E+00 6.119142752E-03
 7.500000000E-01 3.039726734E+00 6.119145546E-03
 7.500000000E-01 3.100636244E+00 6.119148340E-03
 7.500000000E-01 3.162786722E+00 6.119151134E-03
 7.500000000E-01 3.226203680E+00 6.119154394E-03
 7.500000000E-01 3.290912390E+00 6.119158119E-03
 7.500000000E-01 3.356939316E+00 6.119162310E-03
 7.500000000E-01 3.424311638E+00 6.119166501E-03
 7.500000000E-01 3.493056297E+00 6.119171623E-03
 7.500000000E-01 3.563201666E+00 6.119176280E-03
 7.500000000E-01 3.634775877E+00 6.119181868E-03
 7.500000000E-01 3.707808495E+00 6.119187921E-03
 7.500000000E-01 3.782329082E+00 6.119193975E-03
 7.500000000E-01 3.858367682E+00 6.119200494E-03
 7.500000000E-01 3.935955524E+00 6.119207479E-03
 7.500000000E-01 4.015123844E+00 6.119214930E-03
 7.500000000E-01 4.095905304E+00 6.119222846E-03
 7.500000000E-01 4.178332329E+00 6.119231228E-03
 7.500000000E-01 4.262438774E+00 6.119240075E-03
 7.500000000E-01 4.348258972E+00 6.119249389E-03
 7.500000000E-01 4.435827255E+00 6.119259167E-03
 7.500000000E-01 4.525179386E+00 6.119269412E-03
 7.500000000E-01 4.616352081E+00 6.119280122E-03
 7.500000000E-01 4.709382534E+00 6.119291298E-03
 7.500000000E-01 4.804307938E+00 6.119302940E-03
 7.500000000E-01 4.901167393E+00 6.119315512E-03
 7.500000000E-01 5.000000000E+00 6.119325757E-03
