VARIABLES= "x" "y" "z" "cfmag"
    0.5000000E+02    0.0000000E+00    0.5000000E+00    0.1826989E-02
    0.5000000E+02    0.0000000E+00    0.4895561E+00    0.1846065E-02
    0.5000000E+02    0.0000000E+00    0.4791123E+00    0.1876556E-02
    0.5000000E+02    0.0000000E+00    0.4699739E+00    0.1910442E-02
    0.5000000E+02    0.0000000E+00    0.4608355E+00    0.1942775E-02
    0.5000000E+02    0.0000000E+00    0.4516971E+00    0.1971602E-02
    0.5000000E+02    0.0000000E+00    0.4425587E+00    0.1996637E-02
    0.5000000E+02    0.0000000E+00    0.4334204E+00    0.2018219E-02
    0.5000000E+02    0.0000000E+00    0.4242820E+00    0.2036813E-02
    0.5000000E+02    0.0000000E+00    0.4164491E+00    0.2052840E-02
    0.5000000E+02    0.0000000E+00    0.4073107E+00    0.2066644E-02
    0.5000000E+02    0.0000000E+00    0.3994778E+00    0.2078505E-02
    0.5000000E+02    0.0000000E+00    0.3916449E+00    0.2088651E-02
    0.5000000E+02    0.0000000E+00    0.3838120E+00    0.2097273E-02
    0.5000000E+02    0.0000000E+00    0.3759791E+00    0.2104533E-02
    0.5000000E+02    0.0000000E+00    0.3681462E+00    0.2110571E-02
    0.5000000E+02    0.0000000E+00    0.3616188E+00    0.2115505E-02
    0.5000000E+02    0.0000000E+00    0.3537859E+00    0.2119440E-02
    0.5000000E+02    0.0000000E+00    0.3472585E+00    0.2122466E-02
    0.5000000E+02    0.0000000E+00    0.3394256E+00    0.2124663E-02
    0.5000000E+02    0.0000000E+00    0.3328982E+00    0.2126102E-02
    0.5000000E+02    0.0000000E+00    0.3263708E+00    0.2126846E-02
    0.5000000E+02    0.0000000E+00    0.3198433E+00    0.2126953E-02
    0.5000000E+02    0.0000000E+00    0.3133159E+00    0.2126472E-02
    0.5000000E+02    0.0000000E+00    0.3067885E+00    0.2125451E-02
    0.5000000E+02    0.0000000E+00    0.3002611E+00    0.2123929E-02
    0.5000000E+02    0.0000000E+00    0.2950392E+00    0.2121947E-02
    0.5000000E+02    0.0000000E+00    0.2885117E+00    0.2119537E-02
    0.5000000E+02    0.0000000E+00    0.2832898E+00    0.2116732E-02
    0.5000000E+02    0.0000000E+00    0.2767624E+00    0.2113561E-02
    0.5000000E+02    0.0000000E+00    0.2715405E+00    0.2110050E-02
    0.5000000E+02    0.0000000E+00    0.2663185E+00    0.2106223E-02
    0.5000000E+02    0.0000000E+00    0.2610966E+00    0.2102102E-02
    0.5000000E+02    0.0000000E+00    0.2558747E+00    0.2097708E-02
    0.5000000E+02    0.0000000E+00    0.2506527E+00    0.2093060E-02
    0.5000000E+02    0.0000000E+00    0.2454308E+00    0.2088176E-02
    0.5000000E+02    0.0000000E+00    0.2402089E+00    0.2083070E-02
    0.5000000E+02    0.0000000E+00    0.2362924E+00    0.2077758E-02
    0.5000000E+02    0.0000000E+00    0.2310705E+00    0.2072253E-02
    0.5000000E+02    0.0000000E+00    0.2258486E+00    0.2066568E-02
    0.5000000E+02    0.0000000E+00    0.2219321E+00    0.2060714E-02
    0.5000000E+02    0.0000000E+00    0.2167102E+00    0.2054702E-02
    0.5000000E+02    0.0000000E+00    0.2127937E+00    0.2048541E-02
    0.5000000E+02    0.0000000E+00    0.2088773E+00    0.2042241E-02
    0.5000000E+02    0.0000000E+00    0.2049608E+00    0.2035810E-02
    0.5000000E+02    0.0000000E+00    0.1997389E+00    0.2029255E-02
    0.5000000E+02    0.0000000E+00    0.1958225E+00    0.2022584E-02
    0.5000000E+02    0.0000000E+00    0.1919060E+00    0.2015805E-02
    0.5000000E+02    0.0000000E+00    0.1879896E+00    0.2008921E-02
    0.5000000E+02    0.0000000E+00    0.1840731E+00    0.2001941E-02
    0.5000000E+02    0.0000000E+00    0.1814621E+00    0.1994868E-02
    0.5000000E+02    0.0000000E+00    0.1775457E+00    0.1987708E-02
    0.5000000E+02    0.0000000E+00    0.1736292E+00    0.1980466E-02
    0.5000000E+02    0.0000000E+00    0.1697128E+00    0.1973146E-02
    0.5000000E+02    0.0000000E+00    0.1671018E+00    0.1965753E-02
    0.5000000E+02    0.0000000E+00    0.1631854E+00    0.1958289E-02
    0.5000000E+02    0.0000000E+00    0.1605744E+00    0.1950760E-02
    0.5000000E+02    0.0000000E+00    0.1566580E+00    0.1943168E-02
    0.5000000E+02    0.0000000E+00    0.1540470E+00    0.1935516E-02
    0.5000000E+02    0.0000000E+00    0.1501305E+00    0.1927809E-02
    0.5000000E+02    0.0000000E+00    0.1475196E+00    0.1920048E-02
    0.5000000E+02    0.0000000E+00    0.1449086E+00    0.1912236E-02
    0.5000000E+02    0.0000000E+00    0.1422977E+00    0.1904377E-02
    0.5000000E+02    0.0000000E+00    0.1383812E+00    0.1896473E-02
    0.5000000E+02    0.0000000E+00    0.1357702E+00    0.1888527E-02
    0.5000000E+02    0.0000000E+00    0.1331593E+00    0.1880540E-02
    0.5000000E+02    0.0000000E+00    0.1305483E+00    0.1872515E-02
    0.5000000E+02    0.0000000E+00    0.1279373E+00    0.1864455E-02
    0.5000000E+02    0.0000000E+00    0.1253264E+00    0.1856361E-02
    0.5000000E+02    0.0000000E+00    0.1227154E+00    0.1848235E-02
    0.5000000E+02    0.0000000E+00    0.1201044E+00    0.1840080E-02
    0.5000000E+02    0.0000000E+00    0.1174935E+00    0.1831897E-02
    0.5000000E+02    0.0000000E+00    0.1161880E+00    0.1823688E-02
    0.5000000E+02    0.0000000E+00    0.1135770E+00    0.1815455E-02
    0.5000000E+02    0.0000000E+00    0.1109661E+00    0.1807200E-02
    0.5000000E+02    0.0000000E+00    0.1083551E+00    0.1798924E-02
    0.5000000E+02    0.0000000E+00    0.1070496E+00    0.1790629E-02
    0.5000000E+02    0.0000000E+00    0.1044386E+00    0.1782317E-02
    0.5000000E+02    0.0000000E+00    0.1018277E+00    0.1773988E-02
    0.5000000E+02    0.0000000E+00    0.1005222E+00    0.1765645E-02
    0.5000000E+02    0.0000000E+00    0.9791123E-01    0.1757289E-02
    0.5000000E+02    0.0000000E+00    0.9660574E-01    0.1748922E-02
    0.5000000E+02    0.0000000E+00    0.9399478E-01    0.1740544E-02
    0.5000000E+02    0.0000000E+00    0.9268930E-01    0.1732156E-02
    0.5000000E+02    0.0000000E+00    0.9007833E-01    0.1723762E-02
    0.5000000E+02    0.0000000E+00    0.8877285E-01    0.1715360E-02
    0.5000000E+02    0.0000000E+00    0.8746736E-01    0.1706953E-02
    0.5000000E+02    0.0000000E+00    0.8485640E-01    0.1698542E-02
    0.5000000E+02    0.0000000E+00    0.8355091E-01    0.1690128E-02
    0.5000000E+02    0.0000000E+00    0.8224543E-01    0.1681712E-02
    0.5000000E+02    0.0000000E+00    0.7963446E-01    0.1673295E-02
    0.5000000E+02    0.0000000E+00    0.7832898E-01    0.1664878E-02
    0.5000000E+02    0.0000000E+00    0.7702350E-01    0.1656462E-02
    0.5000000E+02    0.0000000E+00    0.7571802E-01    0.1648047E-02
    0.5000000E+02    0.0000000E+00    0.7441253E-01    0.1639636E-02
    0.5000000E+02    0.0000000E+00    0.7180157E-01    0.1631229E-02
    0.5000000E+02    0.0000000E+00    0.7049608E-01    0.1622826E-02
    0.5000000E+02    0.0000000E+00    0.6919060E-01    0.1614429E-02
    0.5000000E+02    0.0000000E+00    0.6788512E-01    0.1606038E-02
    0.5000000E+02    0.0000000E+00    0.6657963E-01    0.1597654E-02
    0.5000000E+02    0.0000000E+00    0.6527415E-01    0.1589278E-02
    0.5000000E+02    0.0000000E+00    0.6396867E-01    0.1580911E-02
    0.5000000E+02    0.0000000E+00    0.6266319E-01    0.1572553E-02
    0.5000000E+02    0.0000000E+00    0.6135770E-01    0.1564204E-02
    0.5000000E+02    0.0000000E+00    0.6005222E-01    0.1555866E-02
    0.5000000E+02    0.0000000E+00    0.5874674E-01    0.1547540E-02
    0.5000000E+02    0.0000000E+00    0.5744125E-01    0.1539225E-02
    0.5000000E+02    0.0000000E+00    0.5613577E-01    0.1530922E-02
    0.5000000E+02    0.0000000E+00    0.5483029E-01    0.1514356E-02
    0.5000000E+02    0.0000000E+00    0.5352480E-01    0.1506094E-02
    0.5000000E+02    0.0000000E+00    0.5221932E-01    0.1497846E-02
    0.5000000E+02    0.0000000E+00    0.5091384E-01    0.1489613E-02
    0.5000000E+02    0.0000000E+00    0.4960836E-01    0.1481395E-02
    0.5000000E+02    0.0000000E+00    0.4830287E-01    0.1465006E-02
    0.5000000E+02    0.0000000E+00    0.4699739E-01    0.1456836E-02
    0.5000000E+02    0.0000000E+00    0.4569191E-01    0.1440548E-02
    0.5000000E+02    0.0000000E+00    0.4438642E-01    0.1432429E-02
    0.5000000E+02    0.0000000E+00    0.4308094E-01    0.1424329E-02
    0.5000000E+02    0.0000000E+00    0.4177546E-01    0.1408181E-02
    0.5000000E+02    0.0000000E+00    0.4046997E-01    0.1392108E-02
    0.5000000E+02    0.0000000E+00    0.3916449E-01    0.1384100E-02
    0.5000000E+02    0.0000000E+00    0.3785901E-01    0.1368141E-02
    0.5000000E+02    0.0000000E+00    0.3655352E-01    0.1352259E-02
    0.5000000E+02    0.0000000E+00    0.3524804E-01    0.1344348E-02
    0.5000000E+02    0.0000000E+00    0.3394256E-01    0.1328585E-02
    0.5000000E+02    0.0000000E+00    0.3263708E-01    0.1312902E-02
    0.5000000E+02    0.0000000E+00    0.3133159E-01    0.1297298E-02
    0.5000000E+02    0.0000000E+00    0.3002611E-01    0.1281774E-02
    0.5000000E+02    0.0000000E+00    0.2872063E-01    0.1266328E-02
    0.5000000E+02    0.0000000E+00    0.2741514E-01    0.1243303E-02
    0.5000000E+02    0.0000000E+00    0.2610966E-01    0.1228046E-02
    0.5000000E+02    0.0000000E+00    0.2480418E-01    0.1205291E-02
    0.5000000E+02    0.0000000E+00    0.2349869E-01    0.1190205E-02
    0.5000000E+02    0.0000000E+00    0.2219321E-01    0.1167697E-02
    0.5000000E+02    0.0000000E+00    0.2088773E-01    0.1145332E-02
    0.5000000E+02    0.0000000E+00    0.1958225E-01    0.1123112E-02
    0.5000000E+02    0.0000000E+00    0.1827676E-01    0.1101049E-02
    0.5000000E+02    0.0000000E+00    0.1697128E-01    0.1071903E-02
    0.5000000E+02    0.0000000E+00    0.1566580E-01    0.1043098E-02
    0.5000000E+02    0.0000000E+00    0.1436031E-01    0.1014639E-02
    0.5000000E+02    0.0000000E+00    0.1305483E-01    0.9794531E-03
    0.5000000E+02    0.0000000E+00    0.1174935E-01    0.9444017E-03
    0.5000000E+02    0.0000000E+00    0.1044386E-01    0.9017598E-03
    0.5000000E+02    0.0000000E+00    0.9138381E-02    0.8573285E-03
    0.5000000E+02    0.0000000E+00    0.7832898E-02    0.7931836E-03
    0.5000000E+02    0.0000000E+00    0.6527415E-02    0.7218992E-03
    0.5000000E+02    0.0000000E+00    0.5221932E-02    0.6141519E-03
    0.5000000E+02    0.0000000E+00    0.3916449E-02    0.4753328E-03
    0.5000000E+02    0.0000000E+00    0.2610966E-02    0.3238248E-03
    0.5000000E+02    0.0000000E+00    0.1305483E-02    0.1558218E-03
    0.5000000E+02    0.0000000E+00    0.6646133E-15    0.1648085E-06
