VARIABLES = "y" "uuprime" "wwprime" "vvprime"
ZONE T="CFL3D, SA-RC-QCR2013"
 4.999999987E-07 5.835106009E-11 4.705730250E-11 3.576354490E-11
 1.000465204E-06 5.033555239E-10 4.059318437E-10 3.085081357E-10
 1.501861107E-06 2.164160406E-09 1.745290357E-09 1.326420307E-09
 2.004654107E-06 6.437308908E-09 5.191377106E-09 3.945445304E-09
 2.509312253E-06 1.531396521E-08 1.234996905E-08 9.385972888E-09
 3.016304618E-06 3.141655469E-08 2.533592536E-08 1.925529425E-08
 3.526103228E-06 5.804681535E-08 4.681193388E-08 3.557704886E-08
 4.039182386E-06 9.924589506E-08 8.003697616E-08 6.082806436E-08
 4.556018666E-06 1.598672839E-07 1.289251657E-07 9.798305456E-08
 5.077094102E-06 2.456641255E-07 1.981161404E-07 1.505681411E-07
 5.602892543E-06 3.633908818E-07 2.930570133E-07 2.227231306E-07
 6.133903298E-06 5.209223559E-07 4.200984165E-07 3.192745055E-07
 6.670620678E-06 7.273908409E-07 5.866051538E-07 4.458194667E-07
 7.213543540E-06 9.933427236E-07 8.010823080E-07 6.088218925E-07
 7.763177564E-06 1.330918053E-06 1.073320163E-06 8.157223874E-07
 8.320033885E-06 1.754053301E-06 1.414557914E-06 1.075062642E-06
 8.884630006E-06 2.278711690E-06 1.837669174E-06 1.396626658E-06
 9.457491615E-06 2.923143711E-06 2.357371841E-06 1.791599971E-06
 1.003915168E-05 3.708179065E-06 2.990464054E-06 2.272749271E-06
 1.063015134E-05 4.657553291E-06 3.756087608E-06 2.854621926E-06
 1.123103993E-05 5.798274287E-06 4.676022854E-06 3.553770966E-06
 1.184237772E-05 7.161037502E-06 5.775023965E-06 4.389009973E-06
 1.246473221E-05 8.780670214E-06 7.081177046E-06 5.381684332E-06
 1.309868276E-05 1.069664086E-05 8.626312592E-06 6.555984328E-06
 1.374481872E-05 1.295361380E-05 1.044644978E-05 7.939284842E-06
 1.440374217E-05 1.560206329E-05 1.258229258E-05 9.562520972E-06
 1.507606521E-05 1.869892913E-05 1.507975958E-05 1.146059094E-05
 1.576241448E-05 2.230835889E-05 1.799058555E-05 1.367281129E-05
 1.646342571E-05 2.650245915E-05 2.137291631E-05 1.624337528E-05
 1.717975465E-05 3.136217128E-05 2.529203448E-05 1.922189404E-05
 1.791206523E-05 3.697812281E-05 2.982101796E-05 2.266391130E-05
 1.866104139E-05 4.345159687E-05 3.504154665E-05 2.663149826E-05
 1.942737617E-05 5.089538899E-05 4.104459367E-05 3.119379835E-05
 2.021178625E-05 5.943492215E-05 4.793129483E-05 3.642767115E-05
 2.101499740E-05 6.920904707E-05 5.581363439E-05 4.241822535E-05
 2.183776087E-05 8.037106454E-05 6.481524179E-05 4.925941903E-05
 2.268083881E-05 9.308940207E-05 7.507193368E-05 5.705446893E-05
 2.354501703E-05 1.075484179E-04 8.673240518E-05 6.591638521E-05
 2.443110134E-05 1.239488192E-04 9.995850269E-05 7.596816431E-05
 2.533991210E-05 1.425076625E-04 1.149252566E-04 8.734285075E-05
 2.627229696E-05 1.634583459E-04 1.318209106E-04 1.001834826E-04
 2.722912359E-05 1.870497363E-04 1.508461719E-04 1.146426002E-04
 2.821128328E-05 2.135449758E-04 1.722132147E-04 1.308814681E-04
 2.921968553E-05 2.432189940E-04 1.961438102E-04 1.490685972E-04
 3.025527258E-05 2.763560915E-04 2.228671510E-04 1.693782251E-04
 3.131900667E-05 3.132454876E-04 2.526165626E-04 1.919876231E-04
 3.241187733E-05 3.541763872E-04 2.856252249E-04 2.170740481E-04
 3.353489956E-05 3.994313302E-04 3.221209627E-04 2.448106534E-04
 3.468912109E-05 4.492790322E-04 3.623205412E-04 2.753621084E-04
 3.587561514E-05 5.039650714E-04 4.064219829E-04 3.088789235E-04
 3.709548400E-05 5.637020222E-04 4.545967386E-04 3.454914549E-04
 3.834985910E-05 6.286588032E-04 5.069809267E-04 3.853031085E-04
 3.963991549E-05 6.989494432E-04 5.636666319E-04 4.283838789E-04
 4.096685007E-05 7.746213814E-04 6.246920675E-04 4.747627827E-04
 4.233189611E-05 8.556449902E-04 6.900332519E-04 5.244215718E-04
 4.373632328E-05 9.419042035E-04 7.595966454E-04 5.772892036E-04
 4.518143760E-05 1.033189590E-03 8.332133875E-04 6.332373014E-04
 4.666858513E-05 1.129194046E-03 9.106357465E-04 6.920776214E-04
 4.819914830E-05 1.229511923E-03 9.915366536E-04 7.535614423E-04
 4.977455319E-05 1.333643100E-03 1.075512730E-03 8.173824172E-04
 5.139626228E-05 1.441000612E-03 1.162090572E-03 8.831805899E-04
 5.306578896E-05 1.550923218E-03 1.250736881E-03 9.505506605E-04
 5.478467938E-05 1.662690891E-03 1.340871095E-03 1.019051415E-03
 5.655453788E-05 1.775545185E-03 1.431881683E-03 1.088218065E-03
 5.837701246E-05 1.888709725E-03 1.523142215E-03 1.157574588E-03
 6.025379116E-05 2.001411980E-03 1.614029752E-03 1.226647408E-03
 6.218662747E-05 2.112905961E-03 1.703942893E-03 1.294979593E-03
 6.417731493E-05 2.222490730E-03 1.792316092E-03 1.362141338E-03
 6.622770888E-05 2.329527400E-03 1.878634444E-03 1.427741139E-03
 6.833971565E-05 2.433453221E-03 1.962443581E-03 1.491433824E-03
 7.051529974E-05 2.533789026E-03 2.043357585E-03 1.552926027E-03
 7.275648386E-05 2.630145755E-03 2.121062484E-03 1.611979096E-03
 7.506535621E-05 2.722224221E-03 2.195317298E-03 1.668409794E-03
 7.744405593E-05 2.809813479E-03 2.265951131E-03 1.722088666E-03
 7.989480946E-05 2.892785007E-03 2.332861302E-03 1.772937016E-03
 8.241988689E-05 2.971085254E-03 2.396003576E-03 1.820921781E-03
 8.502163837E-05 3.044726560E-03 2.455388894E-03 1.866050996E-03
 8.770249406E-05 3.113779007E-03 2.511073370E-03 1.908367150E-03
 9.046493506E-05 3.178358078E-03 2.563149901E-03 1.947941142E-03
 9.331152978E-05 3.238616977E-03 2.611742122E-03 1.984867034E-03
 9.624494123E-05 3.294737777E-03 2.656997181E-03 2.019256121E-03
 9.926789062E-05 3.346922342E-03 2.699077362E-03 2.051232383E-03
 1.023831865E-04 3.395385575E-03 2.738156589E-03 2.080927603E-03
 1.055937319E-04 3.440350061E-03 2.774413908E-03 2.108477755E-03
 1.089025172E-04 3.482040251E-03 2.808030695E-03 2.134020673E-03
 1.123126131E-04 3.520678496E-03 2.839185996E-03 2.157693030E-03
 1.158271916E-04 3.556482494E-03 2.868055133E-03 2.179627540E-03
 1.194495271E-04 3.589661792E-03 2.894807607E-03 2.199953189E-03
 1.231829810E-04 3.620417090E-03 2.919605002E-03 2.218792681E-03
 1.270310458E-04 3.648938145E-03 2.942600520E-03 2.236262430E-03
 1.309972722E-04 3.675403772E-03 2.963938052E-03 2.252471866E-03
 1.350853854E-04 3.699980909E-03 2.983752405E-03 2.267523669E-03
 1.392991544E-04 3.722824622E-03 3.002168844E-03 2.281512599E-03
 1.436425227E-04 3.744078800E-03 3.019303083E-03 2.294527134E-03
 1.481195213E-04 3.763875924E-03 3.035262227E-03 2.306648064E-03
 1.527343265E-04 3.782337997E-03 3.050144529E-03 2.317950595E-03
 1.574912167E-04 3.799576545E-03 3.064039862E-03 2.328502480E-03
 1.623946155E-04 3.815693548E-03 3.077030182E-03 2.338366583E-03
 1.674490923E-04 3.830781672E-03 3.089191159E-03 2.347599948E-03
 1.726593473E-04 3.844925901E-03 3.100590315E-03 2.356254263E-03
 1.780302409E-04 3.858203068E-03 3.111290280E-03 2.364376793E-03
 1.835667499E-04 3.870683024E-03 3.121347167E-03 2.372010611E-03
 1.892740256E-04 3.882429097E-03 3.130811965E-03 2.379193902E-03
 1.951573940E-04 3.893498797E-03 3.139730776E-03 2.385962056E-03
 2.012223267E-04 3.903943580E-03 3.148145741E-03 2.392346738E-03
 2.074744407E-04 3.913810477E-03 3.156094346E-03 2.398377052E-03
 2.139195858E-04 3.923142329E-03 3.163611051E-03 2.404078841E-03
 2.205637284E-04 3.931977320E-03 3.170726821E-03 2.409475390E-03
 2.274130820E-04 3.940349445E-03 3.177469363E-03 2.414588118E-03
 2.344739914E-04 3.948290832E-03 3.183864290E-03 2.419436118E-03
 2.417530341E-04 3.955829889E-03 3.189933952E-03 2.424036851E-03
 2.492569620E-04 3.962991294E-03 3.195699304E-03 2.428405685E-03
 2.569928183E-04 3.969799262E-03 3.201178974E-03 2.432557056E-03
 2.649677335E-04 3.976273816E-03 3.206389491E-03 2.436503768E-03
 2.731891291E-04 3.982434515E-03 3.211346455E-03 2.440256998E-03
 2.816647175E-04 3.988297656E-03 3.216063604E-03 2.443827689E-03
 2.904023277E-04 3.993879538E-03 3.220553044E-03 2.447224921E-03
 2.994100796E-04 3.999193665E-03 3.224826418E-03 2.450457308E-03
 3.086963843E-04 4.004252609E-03 3.228893736E-03 2.453532768E-03
 3.182698856E-04 4.009068012E-03 3.232764313E-03 2.456458053E-03
 3.281394893E-04 4.013651051E-03 3.236446530E-03 2.459239913E-03
 3.383143339E-04 4.018009640E-03 3.239947837E-03 2.461883705E-03
 3.488039365E-04 4.022153094E-03 3.243275220E-03 2.464394551E-03
 3.596180177E-04 4.026089795E-03 3.246434731E-03 2.466777340E-03
 3.707666765E-04 4.029825330E-03 3.249432193E-03 2.469036262E-03
 3.822602448E-04 4.033366684E-03 3.252272261E-03 2.471175278E-03
 3.941094328E-04 4.036719445E-03 3.254959825E-03 2.473197412E-03
 4.063252709E-04 4.039888736E-03 3.257499076E-03 2.475106157E-03
 4.189191386E-04 4.042879213E-03 3.259893274E-03 2.476904076E-03
 4.319027066E-04 4.045695066E-03 3.262145910E-03 2.478593728E-03
 4.452880821E-04 4.048339557E-03 3.264260013E-03 2.480177209E-03
 4.590877215E-04 4.050816409E-03 3.266238142E-03 2.481656615E-03
 4.733144306E-04 4.053127952E-03 3.268082626E-03 2.483033575E-03
 4.879814805E-04 4.055276979E-03 3.269795096E-03 2.484309487E-03
 5.031024921E-04 4.057265818E-03 3.271377645E-03 2.485485747E-03
 5.186916096E-04 4.059095867E-03 3.272831673E-03 2.486563288E-03
 5.347632105E-04 4.060768988E-03 3.274158109E-03 2.487543039E-03
 5.513323122E-04 4.062286578E-03 3.275358351E-03 2.488425700E-03
 5.684143398E-04 4.063648637E-03 3.276432632E-03 2.489211736E-03
 5.860251840E-04 4.064856563E-03 3.277381649E-03 2.489901613E-03
 6.041811430E-04 4.065910820E-03 3.278205637E-03 2.490495332E-03
 6.228992715E-04 4.066810943E-03 3.278904594E-03 2.490992891E-03
 6.421967992E-04 4.067557398E-03 3.279478522E-03 2.491394291E-03
 6.620918284E-04 4.068149254E-03 3.279926954E-03 2.491699066E-03
 6.826028111E-04 4.068585578E-03 3.280249191E-03 2.491906751E-03
 7.037487812E-04 4.068866372E-03 3.280444536E-03 2.492016647E-03
 7.255495293E-04 4.068989772E-03 3.280512057E-03 2.492028056E-03
 7.480251952E-04 4.068953916E-03 3.280450357E-03 2.491939813E-03
 7.711967919E-04 4.068757873E-03 3.280258039E-03 2.491750754E-03
 7.950857980E-04 4.068399779E-03 3.279933473E-03 2.491459949E-03
 8.197145071E-04 4.067876376E-03 3.279474797E-03 2.491065534E-03
 8.451058529E-04 4.067185335E-03 3.278879682E-03 2.490565879E-03
 8.712833514E-04 4.066323861E-03 3.278145799E-03 2.489959123E-03
 8.982714498E-04 4.065289162E-03 3.277270589E-03 2.489243168E-03
 9.260951774E-04 4.064077511E-03 3.276251256E-03 2.488415921E-03
 9.547804948E-04 4.062684253E-03 3.275084542E-03 2.487474820E-03
 9.843540611E-04 4.061106127E-03 3.273766953E-03 2.486417303E-03
 1.014843350E-03 4.059338477E-03 3.272294765E-03 2.485240577E-03
 1.046276768E-03 4.057376646E-03 3.270664252E-03 2.483941149E-03
 1.078683534E-03 4.055214580E-03 3.268870758E-03 2.482515760E-03
 1.112093800E-03 4.052846693E-03 3.266909858E-03 2.480961150E-03
 1.146538649E-03 4.050267395E-03 3.264776431E-03 2.479273127E-03
 1.182050211E-03 4.047469702E-03 3.262465121E-03 2.477447735E-03
 1.218661433E-03 4.044447094E-03 3.259970574E-03 2.475480549E-03
 1.256406307E-03 4.041191190E-03 3.257286269E-03 2.473366680E-03
 1.295320108E-03 4.037695006E-03 3.254405688E-03 2.471101470E-03
 1.335438923E-03 4.033949692E-03 3.251322079E-03 2.468679333E-03
 1.376800123E-03 4.029945936E-03 3.248027992E-03 2.466094447E-03
 1.419442124E-03 4.025673959E-03 3.244515741E-03 2.463340992E-03
 1.463404740E-03 4.021123517E-03 3.240776947E-03 2.460412448E-03
 1.508728717E-03 4.016284365E-03 3.236802528E-03 2.457302297E-03
 1.555456314E-03 4.011144396E-03 3.232583171E-03 2.454002853E-03
 1.603630953E-03 4.005691037E-03 3.228108864E-03 2.450506669E-03
 1.653297455E-03 3.999912180E-03 3.223369131E-03 2.446805593E-03
 1.704502036E-03 3.993792925E-03 3.218352795E-03 2.442891244E-03
 1.757292310E-03 3.987319302E-03 3.213047981E-03 2.438754309E-03
 1.811717520E-03 3.980475478E-03 3.207441885E-03 2.434385009E-03
 1.867828076E-03 3.973244689E-03 3.201521467E-03 2.429773333E-03
 1.925676246E-03 3.965610638E-03 3.195272293E-03 2.424908569E-03
 1.985315932E-03 3.957553767E-03 3.188679926E-03 2.419779310E-03
 2.046802780E-03 3.949054983E-03 3.181728069E-03 2.414373215E-03
 2.110193484E-03 3.940094262E-03 3.174400423E-03 2.408677945E-03
 2.175547648E-03 3.930648789E-03 3.166679526E-03 2.402679995E-03
 2.242925344E-03 3.920696676E-03 3.158546519E-03 2.396364929E-03
 2.312389901E-03 3.910212778E-03 3.149981610E-03 2.389718080E-03
 2.384005813E-03 3.899171250E-03 3.140964545E-03 2.382723382E-03
 2.457839437E-03 3.887546016E-03 3.131472971E-03 2.375364304E-03
 2.533959458E-03 3.875307506E-03 3.121483838E-03 2.367623150E-03
 2.612437122E-03 3.862425918E-03 3.110972932E-03 2.359481528E-03
 2.693345072E-03 3.848869354E-03 3.099914407E-03 2.350919647E-03
 2.776758745E-03 3.834603820E-03 3.088281257E-03 2.341917017E-03
 2.862755442E-03 3.819594160E-03 3.076044843E-03 2.332451986E-03
 2.951415488E-03 3.803802887E-03 3.063174896E-03 2.322501736E-03
 3.042821307E-03 3.787190421E-03 3.049639519E-03 2.312041819E-03
 3.137057880E-03 3.769715317E-03 3.035405651E-03 2.301046858E-03
 3.234212985E-03 3.751333570E-03 3.020437434E-03 2.289490541E-03
 3.334376728E-03 3.731999313E-03 3.004698316E-03 2.277344465E-03
 3.437642707E-03 3.711663419E-03 2.988148713E-03 2.264578827E-03
 3.544106614E-03 3.690275364E-03 2.970747883E-03 2.251163125E-03
 3.653867636E-03 3.667781129E-03 2.952452516E-03 2.237064298E-03
 3.767027752E-03 3.644124139E-03 2.933216980E-03 2.222247887E-03
 3.883692669E-03 3.619244788E-03 2.912993776E-03 2.206678269E-03
 4.003970418E-03 3.593081143E-03 2.891732613E-03 2.190317493E-03
 4.127973225E-03 3.565567080E-03 2.869381104E-03 2.173125977E-03
 4.255816340E-03 3.536634147E-03 2.845883835E-03 2.155062044E-03
 4.387618508E-03 3.506210400E-03 2.821183298E-03 2.136082156E-03
 4.523502663E-03 3.474220401E-03 2.795219421E-03 2.116141375E-03
 4.663594998E-03 3.440585220E-03 2.767928410E-03 2.095191739E-03
 4.808025900E-03 3.405222669E-03 2.739244606E-03 2.073184121E-03
 4.956929944E-03 3.368046368E-03 2.709099092E-03 2.050066600E-03
 5.110444967E-03 3.328967374E-03 2.677420620E-03 2.025785856E-03
 5.268714856E-03 3.287891857E-03 2.644134220E-03 2.000285778E-03
 5.431886297E-03 3.244723659E-03 2.609163057E-03 1.973508624E-03
 5.600110628E-03 3.199362429E-03 2.572427038E-03 1.945395139E-03
 5.773545243E-03 3.151704557E-03 2.533843741E-03 1.915883273E-03
 5.952350795E-03 3.101643641E-03 2.493327949E-03 1.884909812E-03
 6.136693992E-03 3.049070248E-03 2.450792817E-03 1.852409914E-03
 6.326746196E-03 2.993872622E-03 2.406149171E-03 1.818317454E-03
 6.522683892E-03 2.935936674E-03 2.359306673E-03 1.782565261E-03
 6.724690087E-03 2.875147620E-03 2.310173586E-03 1.745085465E-03
 6.932952441E-03 2.811389510E-03 2.258658176E-03 1.705810311E-03
 7.147664204E-03 2.744547091E-03 2.204669174E-03 1.664672513E-03
 7.369025610E-03 2.674506977E-03 2.148117172E-03 1.621605828E-03
 7.597242948E-03 2.601158805E-03 2.088914393E-03 1.576546580E-03
 7.832527161E-03 2.524397336E-03 2.026978647E-03 1.529434347E-03
 8.075099438E-03 2.444123849E-03 1.962231705E-03 1.480212668E-03
 8.325182833E-03 2.360250801E-03 1.894605928E-03 1.428832649E-03
 8.583012037E-03 2.272702986E-03 1.824042411E-03 1.375252730E-03
 8.848825470E-03 2.181422431E-03 1.750497380E-03 1.319442526E-03
 9.122870862E-03 2.086373512E-03 1.673944294E-03 1.261384925E-03
 9.405404329E-03 1.987547614E-03 1.594378497E-03 1.201079926E-03
 9.696686640E-03 1.884971512E-03 1.511824317E-03 1.138548716E-03
 9.996990673E-03 1.778713078E-03 1.426338917E-03 1.073838095E-03
 1.030659489E-02 1.668893965E-03 1.338022761E-03 1.007027226E-03
 1.062578708E-02 1.555699739E-03 1.247027423E-03 9.382338030E-04
 1.095486525E-02 1.439393265E-03 1.153566409E-03 8.676223806E-04
 1.129413396E-02 1.320333569E-03 1.057930640E-03 7.954154280E-04
 1.164390985E-02 1.198992366E-03 9.605009109E-04 7.219029940E-04
 1.200451888E-02 1.075979671E-03 8.617686108E-04 6.474578986E-04
 1.237629540E-02 9.520709282E-04 7.623573183E-04 5.725517985E-04
 1.275958586E-02 8.282372146E-04 6.630467833E-04 4.977730568E-04
 1.315474603E-02 7.056834293E-04 5.648030201E-04 4.238489491E-04
 1.356214564E-02 5.858839140E-04 4.688070621E-04 3.516667639E-04
 1.398216095E-02 4.706320469E-04 3.764937283E-04 2.823026443E-04
 1.441518404E-02 3.620700736E-04 2.895752259E-04 2.170385269E-04
 1.486161817E-02 2.627216163E-04 2.100670245E-04 1.573809714E-04
 1.532187872E-02 1.755004050E-04 1.402934722E-04 1.050644569E-04
 1.579639316E-02 1.035333116E-04 8.274655556E-05 6.194549496E-05
 1.628560200E-02 5.005131607E-05 3.999902765E-05 2.993702947E-05
 1.678996161E-02 1.737260754E-05 1.388801593E-05 1.039585550E-05
 1.730994321E-02 3.403943538E-06 2.725108516E-06 2.042160986E-06
 1.784602553E-02 2.076205305E-07 1.673171823E-07 1.261742852E-07
 1.839871332E-02 2.040724478E-09 1.844690067E-09 1.605412914E-09
 1.896851510E-02 2.179588593E-10 3.298416540E-10 4.333762238E-10
 1.955596358E-02 1.743610534E-10 2.896679563E-10 3.994380382E-10
 2.016160637E-02 1.731455257E-10 2.886228756E-10 3.990452691E-10
 2.078600600E-02 1.739516309E-10 2.899482321E-10 4.009597099E-10
 2.142974176E-02 1.749222295E-10 2.914568864E-10 4.030410450E-10
 2.209341526E-02 1.758929946E-10 2.929502474E-10 4.050704494E-10
 2.277764119E-02 1.767814783E-10 2.942971977E-10 4.068924642E-10
 2.348305658E-02 1.775102565E-10 2.954256284E-10 4.084364791E-10
 2.421032079E-02 1.781595704E-10 2.964579970E-10 4.098684447E-10
 2.496010624E-02 1.787423543E-10 2.974131219E-10 4.112111762E-10
 2.573311329E-02 1.793118432E-10 2.983486513E-10 4.125263187E-10
 2.653006092E-02 1.799370514E-10 2.993471859E-10 4.139096288E-10
 2.735168859E-02 1.805713357E-10 3.003472748E-10 4.152849731E-10
 2.819876187E-02 1.811546746E-10 3.012654570E-10 4.165467693E-10
 2.907206863E-02 1.816760492E-10 3.020882433E-10 4.176797797E-10
 2.997242101E-02 1.821508083E-10 3.028474971E-10 4.187311053E-10
 3.090065904E-02 1.825971180E-10 3.035663665E-10 4.197286407E-10
 3.185764328E-02 1.830251367E-10 3.042537056E-10 4.206801851E-10
 3.284426406E-02 1.834303820E-10 3.049042685E-10 4.215794935E-10
 3.386143968E-02 1.838089125E-10 3.055136977E-10 4.224220973E-10
 3.491012007E-02 1.841620884E-10 3.060843523E-10 4.232113548E-10
 3.599127382E-02 1.844920189E-10 3.066198684E-10 4.239524842E-10
 3.710591421E-02 1.848004944E-10 3.071228549E-10 4.246487606E-10
 3.825507313E-02 1.850890691E-10 3.075952548E-10 4.253027097E-10
 3.943981975E-02 1.853587284E-10 3.080387612E-10 4.259166908E-10
 4.066125676E-02 1.856103465E-10 3.084548450E-10 4.264929521E-10
 4.192052409E-02 1.858450477E-10 3.088451994E-10 4.270338250E-10
 4.321879148E-02 1.860639559E-10 3.092115730E-10 4.275416687E-10
 4.455726221E-02 1.862681398E-10 3.095555479E-10 4.280188148E-10
 4.593718797E-02 1.864586680E-10 3.098787893E-10 4.284674560E-10
 4.735985026E-02 1.866365396E-10 3.101828239E-10 4.288898403E-10
 4.882656783E-02 1.868027816E-10 3.104691781E-10 4.292880773E-10
 5.033871159E-02 1.869583238E-10 3.107392954E-10 4.296642486E-10
 5.189768597E-02 1.871040961E-10 3.109946189E-10 4.300202694E-10
 5.350494012E-02 1.872410144E-10 3.112364533E-10 4.303581103E-10
 5.516197160E-02 1.873698974E-10 3.114661584E-10 4.306796031E-10
 5.687032267E-02 1.874915917E-10 3.116849556E-10 4.309864965E-10
 5.863158032E-02 1.876068190E-10 3.118940384E-10 4.312804558E-10
 6.044737995E-02 1.877163425E-10 3.120944891E-10 4.315630631E-10
 6.231941655E-02 1.878208006E-10 3.122873349E-10 4.318357061E-10
 6.424943358E-02 1.879207623E-10 3.124735193E-10 4.320997449E-10
 6.623921543E-02 1.880167966E-10 3.126538750E-10 4.323563174E-10
 6.829062104E-02 1.881093337E-10 3.128290960E-10 4.326064784E-10
 7.040556520E-02 1.881988176E-10 3.129998760E-10 4.328510883E-10
 7.258599997E-02 1.882855816E-10 3.131667148E-10 4.330909520E-10
 7.483396679E-02 1.883699169E-10 3.133301396E-10 4.333267356E-10
 7.715155184E-02 1.884520734E-10 3.134905113E-10 4.335589943E-10
 7.954090834E-02 1.885322592E-10 3.136482185E-10 4.337881720E-10
 8.200427145E-02 1.886106410E-10 3.138034832E-10 4.340146575E-10
 8.454391360E-02 1.886873435E-10 3.139565274E-10 4.342387283E-10
 8.716221154E-02 1.887624917E-10 3.141075733E-10 4.344606341E-10
 8.986160159E-02 1.888361412E-10 3.142567317E-10 4.346805693E-10
 9.264458716E-02 1.889083473E-10 3.144041139E-10 4.348986171E-10
 9.551376104E-02 1.889791656E-10 3.145497751E-10 4.351148886E-10
 9.847179055E-02 1.890485823E-10 3.146937433E-10 4.353294114E-10
 1.015214324E-01 1.891166251E-10 3.148360739E-10 4.355421579E-10
 1.046655178E-01 1.891832524E-10 3.149766836E-10 4.357530725E-10
 1.079069749E-01 1.892484502E-10 3.151155448E-10 4.359620998E-10
 1.112488210E-01 1.893121493E-10 3.152526018E-10 4.361691008E-10
 1.146941632E-01 1.893742940E-10 3.153877437E-10 4.363739092E-10
 1.182462052E-01 1.894348151E-10 3.155208317E-10 4.365763862E-10
 1.219082549E-01 1.894936152E-10 3.156517270E-10 4.367762541E-10
 1.256837100E-01 1.895505697E-10 3.157802630E-10 4.369732909E-10
 1.295761019E-01 1.896055951E-10 3.159062179E-10 4.371672191E-10
 1.335890293E-01 1.896585250E-10 3.160293693E-10 4.373576501E-10
 1.377262473E-01 1.897092206E-10 3.161494677E-10 4.375442786E-10
 1.419915855E-01 1.897575153E-10 3.162662354E-10 4.377266882E-10
 1.463890225E-01 1.898032148E-10 3.163793671E-10 4.379044349E-10
 1.509226412E-01 1.898461249E-10 3.164884743E-10 4.380770191E-10
 1.555966735E-01 1.898860097E-10 3.165931961E-10 4.382439134E-10
 1.604154557E-01 1.899226471E-10 3.166931439E-10 4.384045349E-10
 1.653834581E-01 1.899557733E-10 3.167878182E-10 4.385582453E-10
 1.705053449E-01 1.899850971E-10 3.168767748E-10 4.387043784E-10
 1.757858396E-01 1.900102992E-10 3.169594864E-10 4.388421848E-10
 1.812298745E-01 1.900310603E-10 3.170353424E-10 4.389708597E-10
 1.868425012E-01 1.900470475E-10 3.171037599E-10 4.390895425E-10
 1.926289499E-01 1.900578445E-10 3.171640728E-10 4.391972896E-10
 1.985946149E-01 1.900630903E-10 3.172156149E-10 4.392931574E-10
 2.047450244E-01 1.900623131E-10 3.172575813E-10 4.393760633E-10
 2.110859156E-01 1.900550967E-10 3.172892227E-10 4.394449249E-10
 2.176231891E-01 1.900409274E-10 3.173096785E-10 4.394984932E-10
 2.243629098E-01 1.900193197E-10 3.173180330E-10 4.395355191E-10
 2.313113511E-01 1.899897323E-10 3.173133978E-10 4.395546982E-10
 2.384749949E-01 1.899515961E-10 3.172947183E-10 4.395545872E-10
 2.458604872E-01 1.899043284E-10 3.172609953E-10 4.395337150E-10
 2.534747124E-01 1.898473323E-10 3.172111185E-10 4.394905273E-10
 2.613247335E-01 1.897799418E-10 3.171439500E-10 4.394234143E-10
 2.694178820E-01 1.897015184E-10 3.170582685E-10 4.393306274E-10
 2.777616680E-01 1.896113683E-10 3.169528806E-10 4.392104458E-10
 2.863638699E-01 1.895088669E-10 3.168265650E-10 4.390611763E-10
 2.952324748E-01 1.893935148E-10 3.166784612E-10 4.388814590E-10
 3.043757379E-01 1.892643264E-10 3.165067375E-10 4.386687680E-10
 3.138021529E-01 1.891202750E-10 3.163095896E-10 4.384204666E-10
 3.235205114E-01 1.889608470E-10 3.160859907E-10 4.381350560E-10
 3.335398436E-01 1.887854040E-10 3.158346640E-10 4.378107599E-10
 3.438694775E-01 1.885932105E-10 3.155542494E-10 4.374455242E-10
 3.545189798E-01 1.883835588E-10 3.152434425E-10 4.370374063E-10
 3.654983342E-01 1.881557826E-10 3.149008276E-10 4.365844353E-10
 3.768177032E-01 1.879092298E-10 3.145252114E-10 4.360846961E-10
 3.884876370E-01 1.876433314E-10 3.141153171E-10 4.355364680E-10
 4.005189836E-01 1.873575878E-10 3.136701732E-10 4.349381133E-10
 4.129229188E-01 1.870516242E-10 3.131888360E-10 4.342882998E-10
 4.257110059E-01 1.867251215E-10 3.126705561E-10 4.335857784E-10
 4.388951659E-01 1.863778715E-10 3.121146674E-10 4.328294667E-10
 4.524875879E-01 1.860097493E-10 3.115206704E-10 4.320185321E-10
 4.665009975E-01 1.856207271E-10 3.108882318E-10 4.311523083E-10
 4.809483886E-01 1.852109438E-10 3.102172130E-10 4.302304069E-10
 4.958432019E-01 1.847806907E-10 3.095077250E-10 4.292528555E-10
 5.111992955E-01 1.843304953E-10 3.087602951E-10 4.282200150E-10
 5.270310044E-01 1.838611347E-10 3.079757838E-10 4.271329124E-10
 5.433530211E-01 1.833736635E-10 3.071554400E-10 4.259930186E-10
 5.601804852E-01 1.828694834E-10 3.063010956E-10 4.248025820E-10
 5.775290728E-01 1.823503293E-10 3.054151099E-10 4.235644890E-10
 5.954149961E-01 1.818183520E-10 3.045003971E-10 4.222824868E-10
 6.138547659E-01 1.812761607E-10 3.035606211E-10 4.209612381E-10
 6.328656673E-01 1.807268779E-10 3.026001949E-10 4.196062942E-10
 6.524653435E-01 1.801741534E-10 3.016243089E-10 4.182244273E-10
 6.726719737E-01 1.796221644E-10 3.006388194E-10 4.168229928E-10
 6.935044527E-01 1.790759208E-10 2.996510262E-10 4.154118993E-10
 7.149820328E-01 1.785416259E-10 2.986694225E-10 4.140007503E-10
 7.371248007E-01 1.780250530E-10 2.977031677E-10 4.126045894E-10
 7.599533200E-01 1.775364439E-10 2.967637247E-10 4.112293284E-10
 7.834888697E-01 1.770786434E-10 2.958618073E-10 4.099106610E-10
 8.077532649E-01 1.766848612E-10 2.950210076E-10 4.086175009E-10
 8.327691555E-01 1.763091756E-10 2.942349697E-10 4.074980353E-10
 8.585597277E-01 1.761268215E-10 2.935877097E-10 4.062432613E-10
 8.851490617E-01 1.757546192E-10 2.929311516E-10 4.056980030E-10
 9.125618339E-01 1.779416059E-10 2.938903843E-10 4.042923496E-10
 9.408236146E-01 1.780368908E-10 2.938625732E-10 4.062281067E-10
 9.699606299E-01 1.640768077E-10 2.801575638E-10 3.829591644E-10
 1.000000000E+00 0.000000000E+00 0.000000000E+00 0.000000000E+00
ZONE T="FUN3D, SA-RC-QCR2013"
 4.999999987E-07 2.277477686E-11 1.836675603E-11 1.395873261E-11
 1.000465204E-06 3.650705016E-10 2.944116617E-10 2.237528357E-10
 1.501861107E-06 1.853880494E-09 1.495064739E-09 1.136248984E-09
 2.004654107E-06 5.884545295E-09 4.745599913E-09 3.606654975E-09
 2.509312253E-06 1.444655151E-08 1.165044239E-08 8.854333267E-09
 3.016304618E-06 3.016017303E-08 2.432271451E-08 1.848525422E-08
 3.526103228E-06 5.632448463E-08 4.542295784E-08 3.452142749E-08
 4.039182386E-06 9.697741632E-08 7.820757020E-08 5.943771342E-08
 4.556018666E-06 1.569687811E-07 1.265876790E-07 9.620656272E-08
 5.077094102E-06 2.420471503E-07 1.951992346E-07 1.483512904E-07
 5.602892543E-06 3.589620405E-07 2.894853708E-07 2.200086726E-07
 6.133903298E-06 5.155825420E-07 4.157921012E-07 3.160016888E-07
 6.670620678E-06 7.210340982E-07 5.814787301E-07 4.419233903E-07
 7.213543540E-06 9.858558769E-07 7.950445138E-07 6.042331506E-07
 7.763177564E-06 1.322178946E-06 1.066272603E-06 8.103662026E-07
 8.320033885E-06 1.743930397E-06 1.406394404E-06 1.068858410E-06
 8.884630006E-06 2.267062882E-06 1.828275003E-06 1.389487124E-06
 9.457491615E-06 2.909814384E-06 2.346622296E-06 1.783430434E-06
 1.003915168E-05 3.693000281E-06 2.978223392E-06 2.263446277E-06
 1.063015134E-05 4.640342013E-06 3.742207355E-06 2.844073151E-06
 1.123103993E-05 5.778831110E-06 4.660342256E-06 3.541854312E-06
 1.184237772E-05 7.139140052E-06 5.757364761E-06 4.375589015E-06
 1.246473221E-05 8.756076568E-06 7.061344149E-06 5.366611276E-06
 1.309868276E-05 1.066908681E-05 8.604091818E-06 6.539096830E-06
 1.374481872E-05 1.292280831E-05 1.042160602E-05 7.920403732E-06
 1.440374217E-05 1.556768257E-05 1.255456573E-05 9.541448890E-06
 1.507606521E-05 1.866062303E-05 1.504886677E-05 1.143711324E-05
 1.576241448E-05 2.226573088E-05 1.795620665E-05 1.364668424E-05
 1.646342571E-05 2.645508721E-05 2.133471571E-05 1.621434239E-05
 1.717975465E-05 3.130958430E-05 2.524962474E-05 1.918966336E-05
 1.791206523E-05 3.691980965E-05 2.977398799E-05 2.262816997E-05
 1.866104139E-05 4.338696817E-05 3.498942897E-05 2.659188794E-05
 1.942737617E-05 5.082385178E-05 4.098690260E-05 3.114995343E-05
 2.021178625E-05 5.935578884E-05 4.786748104E-05 3.637917325E-05
 2.101499740E-05 6.912160461E-05 5.574311945E-05 4.236463064E-05
 2.183776087E-05 8.027449803E-05 6.473736721E-05 4.920023275E-05
 2.268083881E-05 9.298290388E-05 7.498605555E-05 5.698919995E-05
 2.354501703E-05 1.074311003E-04 8.663778863E-05 6.584448420E-05
 2.443110134E-05 1.238196855E-04 9.985435463E-05 7.588902372E-05
 2.533991210E-05 1.423657523E-04 1.148108204E-04 8.725587395E-05
 2.627229696E-05 1.633026550E-04 1.316953567E-04 1.000880584E-04
 2.722912359E-05 1.868792169E-04 1.507086563E-04 1.145380957E-04
 2.821128328E-05 2.133585367E-04 1.720628643E-04 1.307671919E-04
 2.921968553E-05 2.430157037E-04 1.959798683E-04 1.489440183E-04
 3.025527258E-05 2.761349897E-04 2.226888610E-04 1.692427322E-04
 3.131900667E-05 3.130057012E-04 2.524231968E-04 1.918406779E-04
 3.241187733E-05 3.539171303E-04 2.854161430E-04 2.169151703E-04
 3.353489956E-05 3.991521662E-04 3.218958445E-04 2.446395520E-04
 3.468912109E-05 4.489795829E-04 3.620790667E-04 2.751785796E-04
 3.587561514E-05 5.036453367E-04 4.061641230E-04 3.086829965E-04
 3.709548400E-05 5.633624969E-04 4.543229006E-04 3.452833625E-04
 3.834985910E-05 6.283004186E-04 5.066919257E-04 3.850835201E-04
 3.963991549E-05 6.985735963E-04 5.633635446E-04 4.281535803E-04
 4.096685007E-05 7.742302259E-04 6.243765820E-04 4.745230544E-04
 4.233189611E-05 8.552414947E-04 6.897078711E-04 5.241743638E-04
 4.373632328E-05 9.414923843E-04 7.592646289E-04 5.770369316E-04
 4.518143760E-05 1.032774569E-03 8.328787517E-04 6.329830503E-04
 4.666858513E-05 1.128782169E-03 9.103036718E-04 6.918252911E-04
 4.819914830E-05 1.229110989E-03 9.912133683E-04 7.533158641E-04
 4.977455319E-05 1.333262306E-03 1.075205626E-03 8.171491208E-04
 5.139626228E-05 1.440650667E-03 1.161808381E-03 8.829660947E-04
 5.306578896E-05 1.550615882E-03 1.250489033E-03 9.503623587E-04
 5.478467938E-05 1.662439434E-03 1.340668416E-03 1.018897397E-03
 5.655453788E-05 1.775363460E-03 1.431735116E-03 1.088106656E-03
 5.837701246E-05 1.888611703E-03 1.523063285E-03 1.157514635E-03
 6.025379116E-05 2.001411980E-03 1.614029752E-03 1.226647408E-03
 6.218662747E-05 2.113016322E-03 1.704032067E-03 1.295047347E-03
 6.417731493E-05 2.222723095E-03 1.792503637E-03 1.362283831E-03
 6.622770888E-05 2.329891082E-03 1.878927578E-03 1.427963842E-03
 6.833971565E-05 2.433953574E-03 1.962847309E-03 1.491740695E-03
 7.051529974E-05 2.534429776E-03 2.043874469E-03 1.553318696E-03
 7.275648386E-05 2.630925737E-03 2.121691825E-03 1.612457214E-03
 7.506535621E-05 2.723139478E-03 2.196055371E-03 1.668970915E-03
 7.744405593E-05 2.810856560E-03 2.266792580E-03 1.722728019E-03
 7.989480946E-05 2.893944969E-03 2.333796583E-03 1.773647848E-03
 8.241988689E-05 2.972348593E-03 2.397022443E-03 1.821696060E-03
 8.502163837E-05 3.046077909E-03 2.456478542E-03 1.866879058E-03
 8.770249406E-05 3.115200205E-03 2.512219595E-03 1.909238286E-03
 9.046493506E-05 3.179831430E-03 2.564338036E-03 1.948844176E-03
 9.331152978E-05 3.240123624E-03 2.612957265E-03 1.985790674E-03
 9.624494123E-05 3.296258859E-03 2.658223966E-03 2.020188840E-03
 9.926789062E-05 3.348439932E-03 2.700301353E-03 2.052162774E-03
 1.023831865E-04 3.396882443E-03 2.739364048E-03 2.081845189E-03
 1.055937319E-04 3.441810375E-03 2.775591798E-03 2.109373221E-03
 1.089025172E-04 3.483450040E-03 2.809167607E-03 2.134885173E-03
 1.123126131E-04 3.522024956E-03 2.840271918E-03 2.158518648E-03
 1.158271916E-04 3.557754681E-03 2.869081218E-03 2.180407755E-03
 1.194495271E-04 3.590850625E-03 2.895766636E-03 2.200682182E-03
 1.231829810E-04 3.621515352E-03 2.920490690E-03 2.219466260E-03
 1.270310458E-04 3.649940249E-03 2.943408675E-03 2.236877102E-03
 1.309972722E-04 3.676305292E-03 2.964665182E-03 2.253025072E-03
 1.350853854E-04 3.700779052E-03 2.984396415E-03 2.268013312E-03
 1.392991544E-04 3.723518457E-03 3.002728336E-03 2.281938447E-03
 1.436425227E-04 3.744667862E-03 3.019778291E-03 2.294888720E-03
 1.481195213E-04 3.764361143E-03 3.035653848E-03 2.306946088E-03
 1.527343265E-04 3.782721004E-03 3.050453495E-03 2.318185754E-03
 1.574912167E-04 3.799859434E-03 3.064268269E-03 2.328676637E-03
 1.623946155E-04 3.815879114E-03 3.077180358E-03 2.338481136E-03
 1.674490923E-04 3.830873640E-03 3.089265665E-03 2.347656991E-03
 1.726593473E-04 3.844928229E-03 3.100592643E-03 2.356256591E-03
 1.780302409E-04 3.858119715E-03 3.111223457E-03 2.364326501E-03
 1.835667499E-04 3.870517947E-03 3.121214453E-03 2.371910261E-03
 1.892740256E-04 3.882186953E-03 3.130616853E-03 2.379046055E-03
 1.951573940E-04 3.893183544E-03 3.139476990E-03 2.385769738E-03
 2.012223267E-04 3.903559642E-03 3.147836542E-03 2.392112510E-03
 2.074744407E-04 3.913362511E-03 3.155733459E-03 2.398103476E-03
 2.139195858E-04 3.922633827E-03 3.163201734E-03 2.403768478E-03
 2.205637284E-04 3.931412473E-03 3.170272335E-03 2.409130801E-03
 2.274130820E-04 3.939732909E-03 3.176972736E-03 2.414211631E-03
 2.344739914E-04 3.947626334E-03 3.183328547E-03 2.419030061E-03
 2.417530341E-04 3.955120221E-03 3.189362353E-03 2.423603320E-03
 2.492569620E-04 3.962240648E-03 3.195094410E-03 2.427947009E-03
 2.569928183E-04 3.969010431E-03 3.200543579E-03 2.432075096E-03
 2.649677335E-04 3.975450527E-03 3.205726156E-03 2.436000388E-03
 2.731891291E-04 3.981579095E-03 3.210657276E-03 2.439734293E-03
 2.816647175E-04 3.987412900E-03 3.215350909E-03 2.443287056E-03
 2.904023277E-04 3.992968239E-03 3.219818929E-03 2.446667990E-03
 2.994100796E-04 3.998257685E-03 3.224072512E-03 2.449885709E-03
 3.086963843E-04 4.003294744E-03 3.228122136E-03 2.452947898E-03
 3.182698856E-04 4.008090589E-03 3.231976880E-03 2.455861075E-03
 3.281394893E-04 4.012655467E-03 3.235644661E-03 2.458631760E-03
 3.383143339E-04 4.016998224E-03 3.239133162E-03 2.461265773E-03
 3.488039365E-04 4.021127708E-03 3.242448671E-03 2.463768004E-03
 3.596180177E-04 4.025050905E-03 3.245598171E-03 2.466143109E-03
 3.707666765E-04 4.028775264E-03 3.248586319E-03 2.468395280E-03
 3.822602448E-04 4.032306373E-03 3.251418704E-03 2.470528008E-03
 3.941094328E-04 4.035650752E-03 3.254099051E-03 2.472545020E-03
 4.063252709E-04 4.038812593E-03 3.256632248E-03 2.474449342E-03
 4.189191386E-04 4.041797016E-03 3.259021556E-03 2.476243302E-03
 4.319027066E-04 4.044607282E-03 3.261269769E-03 2.477929695E-03
 4.452880821E-04 4.047247581E-03 3.263380378E-03 2.479510615E-03
 4.590877215E-04 4.049720243E-03 3.265355714E-03 2.480987925E-03
 4.733144306E-04 4.052028991E-03 3.267197637E-03 2.482363256E-03
 4.879814805E-04 4.054176155E-03 3.268908942E-03 2.483638003E-03
 5.031024921E-04 4.056163598E-03 3.270490095E-03 2.484813565E-03
 5.186916096E-04 4.057992715E-03 3.271943657E-03 2.485890873E-03
 5.347632105E-04 4.059665836E-03 3.273270326E-03 2.486870391E-03
 5.513323122E-04 4.061183892E-03 3.274470568E-03 2.487753751E-03
 5.684143398E-04 4.062546417E-03 3.275545547E-03 2.488540253E-03
 5.860251840E-04 4.063756205E-03 3.276495961E-03 2.489231294E-03
 6.041811430E-04 4.064812325E-03 3.277321346E-03 2.489825943E-03
 6.228992715E-04 4.065714311E-03 3.278022399E-03 2.490325365E-03
 6.421967992E-04 4.066463560E-03 3.278598422E-03 2.490728395E-03
 6.620918284E-04 4.067057744E-03 3.279049182E-03 2.491035033E-03
 6.826028111E-04 4.067497794E-03 3.279374447E-03 2.491244813E-03
 7.037487812E-04 4.067782313E-03 3.279572586E-03 2.491357271E-03
 7.255495293E-04 4.067909438E-03 3.279643366E-03 2.491371008E-03
 7.480251952E-04 4.067878239E-03 3.279584926E-03 2.491285559E-03
 7.711967919E-04 4.067686386E-03 3.279396333E-03 2.491099760E-03
 7.950857980E-04 4.067332018E-03 3.279075492E-03 2.490811748E-03
 8.197145071E-04 4.066813737E-03 3.278620774E-03 2.490420360E-03
 8.451058529E-04 4.066127818E-03 3.278029617E-03 2.489923965E-03
 8.712833514E-04 4.065271933E-03 3.277300159E-03 2.489320701E-03
 8.982714498E-04 4.064242356E-03 3.276429372E-03 2.488608472E-03
 9.260951774E-04 4.063035827E-03 3.275414696E-03 2.487784717E-03
 9.547804948E-04 4.061648622E-03 3.274252638E-03 2.486847341E-03
 9.843540611E-04 4.060076550E-03 3.272939939E-03 2.485793782E-03
 1.014843350E-03 4.058314953E-03 3.271472640E-03 2.484620782E-03
 1.046276768E-03 4.056358710E-03 3.269847250E-03 2.483325312E-03
 1.078683534E-03 4.054202698E-03 3.268058877E-03 2.481904346E-03
 1.112093800E-03 4.051841795E-03 3.266103566E-03 2.480353694E-03
 1.146538649E-03 4.049269017E-03 3.263975494E-03 2.478670096E-03
 1.182050211E-03 4.046477843E-03 3.261670005E-03 2.476849360E-03
 1.218661433E-03 4.043462221E-03 3.259180812E-03 2.474886365E-03
 1.256406307E-03 4.040213767E-03 3.256502328E-03 2.472777385E-03
 1.295320108E-03 4.036724567E-03 3.253627801E-03 2.470516833E-03
 1.335438923E-03 4.032986239E-03 3.250550479E-03 2.468099585E-03
 1.376800123E-03 4.028989933E-03 3.247262677E-03 2.465519821E-03
 1.419442124E-03 4.024726339E-03 3.243756713E-03 2.462771488E-03
 1.463404740E-03 4.020183813E-03 3.240024671E-03 2.459848532E-03
 1.508728717E-03 4.015353043E-03 3.236057237E-03 2.456743736E-03
 1.555456314E-03 4.010221455E-03 3.231844865E-03 2.453449881E-03
 1.603630953E-03 4.004777409E-03 3.227378009E-03 2.449959517E-03
 1.653297455E-03 3.999007400E-03 3.222645959E-03 2.446264494E-03
 1.704502036E-03 3.992897924E-03 3.217637539E-03 2.442356432E-03
 1.757292310E-03 3.986434080E-03 3.212340875E-03 2.438226016E-03
 1.811717520E-03 3.979600500E-03 3.206743626E-03 2.433863701E-03
 1.867828076E-03 3.972381353E-03 3.200831823E-03 2.429259010E-03
 1.925676246E-03 3.964758012E-03 3.194592195E-03 2.424401697E-03
 1.985315932E-03 3.956713248E-03 3.188009374E-03 2.419280121E-03
 2.046802780E-03 3.948227037E-03 3.181067994E-03 2.413882408E-03
 2.110193484E-03 3.939279355E-03 3.173751291E-03 2.408195753E-03
 2.175547648E-03 3.929847851E-03 3.166041570E-03 2.402206650E-03
 2.242925344E-03 3.919909708E-03 3.157920670E-03 2.395900898E-03
 2.312389901E-03 3.909441177E-03 3.149368567E-03 2.389263827E-03
 2.384005813E-03 3.898415947E-03 3.140364308E-03 2.382279607E-03
 2.457839437E-03 3.886807477E-03 3.130886937E-03 2.374931704E-03
 2.533959458E-03 3.874587128E-03 3.120912705E-03 2.367201960E-03
 2.612437122E-03 3.861724399E-03 3.110417398E-03 2.359072678E-03
 2.693345072E-03 3.848187858E-03 3.099375404E-03 2.350523602E-03
 2.776758745E-03 3.833943745E-03 3.087759484E-03 2.341534477E-03
 2.862755442E-03 3.818956437E-03 3.075541463E-03 2.332083881E-03
 2.951415488E-03 3.803188913E-03 3.062690608E-03 2.322148532E-03
 3.042821307E-03 3.786601359E-03 3.049175721E-03 2.311704447E-03
 3.137057880E-03 3.769152565E-03 3.034963505E-03 2.300726250E-03
 3.234212985E-03 3.750798758E-03 3.020018106E-03 2.289187862E-03
 3.334376728E-03 3.731493838E-03 3.004302969E-03 2.277060412E-03
 3.437642707E-03 3.711189143E-03 2.987778746E-03 2.264314331E-03
 3.544106614E-03 3.689833917E-03 2.970404690E-03 2.250919119E-03
 3.653867636E-03 3.667374374E-03 2.952137263E-03 2.236842178E-03
 3.767027752E-03 3.643753706E-03 2.932931297E-03 2.222048817E-03
 3.883692669E-03 3.618913004E-03 2.912739292E-03 2.206503181E-03
 4.003970418E-03 3.592789639E-03 2.891511191E-03 2.190167550E-03
 4.127973225E-03 3.565317951E-03 2.869194141E-03 2.173002576E-03
 4.255816340E-03 3.536430188E-03 2.845733427E-03 2.154966583E-03
 4.387618508E-03 3.506053705E-03 2.821071073E-03 2.136016265E-03
 4.523502663E-03 3.474113066E-03 2.795147244E-03 2.116105985E-03
 4.663594998E-03 3.440529807E-03 2.767898375E-03 2.095188713E-03
 4.808025900E-03 3.405221738E-03 2.739258809E-03 2.073214855E-03
 4.956929944E-03 3.368102945E-03 2.709159628E-03 2.050132491E-03
 5.110444967E-03 3.329083323E-03 2.677529352E-03 2.025888534E-03
 5.268714856E-03 3.288070671E-03 2.644293709E-03 2.000427106E-03
 5.431886297E-03 3.244967898E-03 2.609375166E-03 1.973690232E-03
 5.600110628E-03 3.199674888E-03 2.572694328E-03 1.945618656E-03
 5.773545243E-03 3.152088495E-03 2.534168074E-03 1.916150330E-03
 5.952350795E-03 3.102101618E-03 2.493712120E-03 1.885222155E-03
 6.136693992E-03 3.049605293E-03 2.451238921E-03 1.852769172E-03
 6.326746196E-03 2.994487295E-03 2.406659536E-03 1.818725374E-03
 6.522683892E-03 2.936634002E-03 2.359883394E-03 1.783023239E-03
 6.724690087E-03 2.875930397E-03 2.310818760E-03 1.745595247E-03
 6.932952441E-03 2.812260063E-03 2.259373898E-03 1.706373296E-03
 7.147664204E-03 2.745508216E-03 2.205457306E-03 1.665289747E-03
 7.369025610E-03 2.675560303E-03 2.148978878E-03 1.622278709E-03
 7.597242948E-03 2.602306195E-03 2.089851303E-03 1.577276038E-03
 7.832527161E-03 2.525639487E-03 2.027991461E-03 1.530220616E-03
 8.075099438E-03 2.445462393E-03 1.963321352E-03 1.481056446E-03
 8.325182833E-03 2.361685270E-03 1.895772060E-03 1.429733587E-03
 8.583012037E-03 2.274232684E-03 1.825284562E-03 1.376210246E-03
 8.848825470E-03 2.183045493E-03 1.751813688E-03 1.320455340E-03
 9.122870862E-03 2.088087145E-03 1.675332314E-03 1.262450824E-03
 9.405404329E-03 1.989347627E-03 1.595834852E-03 1.202196348E-03
 9.696686640E-03 1.886851504E-03 1.513343654E-03 1.139711589E-03
 9.996990673E-03 1.780665247E-03 1.427915064E-03 1.075042412E-03
 1.030659489E-02 1.670907834E-03 1.339646988E-03 1.008266350E-03
 1.062578708E-02 1.557761803E-03 1.248688786E-03 9.394995868E-04
 1.095486525E-02 1.441487228E-03 1.155251870E-03 8.689047536E-04
 1.129413396E-02 1.322438358E-03 1.059623319E-03 7.967015263E-04
 1.164390985E-02 1.201083302E-03 9.621808422E-04 7.231776253E-04
 1.200451888E-02 1.078027068E-03 8.634118130E-04 6.487031351E-04
 1.237629540E-02 9.540382889E-04 7.639347459E-04 5.737456959E-04
 1.275958586E-02 8.300819318E-04 6.645240937E-04 4.988898872E-04
 1.315474603E-02 7.073539891E-04 5.661392934E-04 4.248579207E-04
 1.356214564E-02 5.873222835E-04 4.699559067E-04 3.525331849E-04
 1.398216095E-02 4.717682896E-04 3.773994104E-04 2.829848381E-04
 1.441518404E-02 3.628272971E-04 2.901766857E-04 2.174909750E-04
 1.486161817E-02 2.630169911E-04 2.102984290E-04 1.575546048E-04
 1.532187872E-02 1.752333919E-04 1.400751935E-04 1.049001949E-04
 1.579639316E-02 1.026697137E-04 8.205224003E-05 6.142392522E-05
 1.628560200E-02 4.854841609E-05 3.879462383E-05 2.903300447E-05
 1.678996161E-02 1.535645242E-05 1.227624034E-05 9.188062904E-06
 1.730994321E-02 2.028572908E-06 1.627370693E-06 1.219994601E-06
 1.784602553E-02 3.112102576E-08 2.573669278E-08 1.977406505E-08
 1.839871332E-02 1.028304664E-09 1.018281459E-09 9.797754830E-10
 1.896851510E-02 2.222570877E-10 3.396355419E-10 4.483647897E-10
 1.955596358E-02 1.838343783E-10 3.071546906E-10 4.246867302E-10
 2.016160637E-02 1.858990600E-10 3.086804146E-10 4.263517595E-10
 2.078600600E-02 1.862023868E-10 3.092991419E-10 4.274180732E-10
 2.142974176E-02 1.866026639E-10 3.100255330E-10 4.284940736E-10
 2.209341526E-02 1.870398558E-10 3.107605562E-10 4.295240552E-10
 2.277764119E-02 1.874585348E-10 3.114586644E-10 4.304941403E-10
 2.348305658E-02 1.878537326E-10 3.121178871E-10 4.314089919E-10
 2.421032079E-02 1.882274475E-10 3.127412496E-10 4.322738001E-10
 2.496010624E-02 1.885806372E-10 3.133306947E-10 4.330917014E-10
 2.573311329E-02 1.889145784E-10 3.138884430E-10 4.338658044E-10
 2.653006092E-02 1.892304924E-10 3.144164928E-10 4.345988847E-10
 2.735168859E-02 1.895295310E-10 3.149167593E-10 4.352936067E-10
 2.819876187E-02 1.898127766E-10 3.153910189E-10 4.359524408E-10
 2.907206863E-02 1.900812147E-10 3.158409645E-10 4.365777739E-10
 2.997242101E-02 1.903358166E-10 3.162681783E-10 4.371717433E-10
 3.090065904E-02 1.905774427E-10 3.166741869E-10 4.377363749E-10
 3.185764328E-02 1.908069813E-10 3.170602947E-10 4.382736951E-10
 3.284426406E-02 1.910252234E-10 3.174279450E-10 4.387854802E-10
 3.386143968E-02 1.912328906E-10 3.177782759E-10 4.392734232E-10
 3.491012007E-02 1.914306630E-10 3.181124530E-10 4.397391618E-10
 3.599127382E-02 1.916192344E-10 3.184316422E-10 4.401842224E-10
 3.710591421E-02 1.917991876E-10 3.187367870E-10 4.406099929E-10
 3.825507313E-02 1.919711473E-10 3.190289144E-10 4.410178611E-10
 3.943981975E-02 1.921356269E-10 3.193088849E-10 4.414090760E-10
 4.066125676E-02 1.922931397E-10 3.195776144E-10 4.417848309E-10
 4.192052409E-02 1.924441995E-10 3.198358522E-10 4.421462085E-10
 4.321879148E-02 1.925892085E-10 3.200844034E-10 4.424942912E-10
 4.455726221E-02 1.927286386E-10 3.203239618E-10 4.428300782E-10
 4.593718797E-02 1.928628646E-10 3.205551380E-10 4.431544576E-10
 4.735985026E-02 1.929922333E-10 3.207785981E-10 4.434683454E-10
 4.882656783E-02 1.931171334E-10 3.209949251E-10 4.437724910E-10
 5.033871159E-02 1.932378563E-10 3.212046462E-10 4.440677270E-10
 5.189768597E-02 1.933547072E-10 3.214082889E-10 4.443547197E-10
 5.350494012E-02 1.934679639E-10 3.216063249E-10 4.446340796E-10
 5.516197160E-02 1.935779176E-10 3.217991429E-10 4.449065283E-10
 5.687032267E-02 1.936847488E-10 3.219872147E-10 4.451725377E-10
 5.863158032E-02 1.937886934E-10 3.221708733E-10 4.454326907E-10
 6.044737995E-02 1.938900013E-10 3.223504796E-10 4.456874592E-10
 6.231941655E-02 1.939887556E-10 3.225263112E-10 4.459372593E-10
 6.424943358E-02 1.940851507E-10 3.226986456E-10 4.461824521E-10
 6.623921543E-02 1.941793532E-10 3.228677325E-10 4.464234538E-10
 6.829062104E-02 1.942714739E-10 3.230338497E-10 4.466605419E-10
 7.040556520E-02 1.943615963E-10 3.231971080E-10 4.468940218E-10
 7.258599997E-02 1.944498312E-10 3.233577295E-10 4.471241155E-10
 7.483396679E-02 1.945362482E-10 3.235158252E-10 4.473510451E-10
 7.715155184E-02 1.946209305E-10 3.236715895E-10 4.475750048E-10
 7.954090834E-02 1.947039058E-10 3.238250501E-10 4.477961890E-10
 8.200427145E-02 1.947852435E-10 3.239763735E-10 4.480146809E-10
 8.454391360E-02 1.948649436E-10 3.241255875E-10 4.482306193E-10
 8.716221154E-02 1.949430339E-10 3.242727198E-10 4.484440319E-10
 8.986160159E-02 1.950194728E-10 3.244177982E-10 4.486549743E-10
 9.264458716E-02 1.950942879E-10 3.245607949E-10 4.488634464E-10
 9.551376104E-02 1.951674100E-10 3.247017100E-10 4.490693928E-10
 9.847179055E-02 1.952388112E-10 3.248404601E-10 4.492727856E-10
 1.015214324E-01 1.953084222E-10 3.249769620E-10 4.494735140E-10
 1.046655178E-01 1.953761458E-10 3.251111047E-10 4.496714112E-10
 1.079069749E-01 1.954419127E-10 3.252428049E-10 4.498663386E-10
 1.112488210E-01 1.955056117E-10 3.253718406E-10 4.500581019E-10
 1.146941632E-01 1.955670903E-10 3.254980174E-10 4.502463957E-10
 1.182462052E-01 1.956262513E-10 3.256211967E-10 4.504310258E-10
 1.219082549E-01 1.956829282E-10 3.257411285E-10 4.506116313E-10
 1.256837100E-01 1.957368850E-10 3.258574799E-10 4.507878515E-10
 1.295761019E-01 1.957879969E-10 3.259699732E-10 4.509592699E-10
 1.335890293E-01 1.958360418E-10 3.260783032E-10 4.511254703E-10
 1.377262473E-01 1.958807838E-10 3.261821091E-10 4.512858975E-10
 1.419915855E-01 1.959219870E-10 3.262809467E-10 4.514401075E-10
 1.463890225E-01 1.959593737E-10 3.263744552E-10 4.515874341E-10
 1.509226412E-01 1.959926804E-10 3.264621073E-10 4.517272389E-10
 1.555966735E-01 1.960215740E-10 3.265434312E-10 4.518588836E-10
 1.604154557E-01 1.960457768E-10 3.266179271E-10 4.519815633E-10
 1.653834581E-01 1.960648865E-10 3.266849291E-10 4.520945007E-10
 1.705053449E-01 1.960785839E-10 3.267438820E-10 4.521968633E-10
 1.757858396E-01 1.960864804E-10 3.267940918E-10 4.522877073E-10
 1.812298745E-01 1.960881596E-10 3.268349202E-10 4.523660058E-10
 1.868425012E-01 1.960831914E-10 3.268655624E-10 4.524308150E-10
 1.926289499E-01 1.960711316E-10 3.268852689E-10 4.524809694E-10
 1.985946149E-01 1.960515222E-10 3.268932347E-10 4.525153308E-10
 2.047450244E-01 1.960238638E-10 3.268885718E-10 4.525326780E-10
 2.110859156E-01 1.959876567E-10 3.268704196E-10 4.525317621E-10
 2.176231891E-01 1.959424012E-10 3.268378623E-10 4.525113062E-10
 2.243629098E-01 1.958877505E-10 3.267902338E-10 4.524703390E-10
 2.313113511E-01 1.958237184E-10 3.267275617E-10 4.524088326E-10
 2.384749949E-01 1.957509294E-10 3.266506787E-10 4.523279806E-10
 2.458604872E-01 1.956685369E-10 3.265581694E-10 4.522256181E-10
 2.534747124E-01 1.955736822E-10 3.264451764E-10 4.520951113E-10
 2.613247335E-01 1.954645473E-10 3.263085080E-10 4.519318531E-10
 2.694178820E-01 1.953403966E-10 3.261468318E-10 4.517340946E-10
 2.777616680E-01 1.952009110E-10 3.259595649E-10 4.515007257E-10
 2.863638699E-01 1.950456741E-10 3.257457637E-10 4.512306084E-10
 2.952324748E-01 1.948740475E-10 3.255043179E-10 4.509219664E-10
 3.043757379E-01 1.946854206E-10 3.252340619E-10 4.505731344E-10
 3.138021529E-01 1.944791550E-10 3.249337188E-10 4.501823359E-10
 3.235205114E-01 1.942546540E-10 3.246021785E-10 4.497478223E-10
 3.335398436E-01 1.940112238E-10 3.242381086E-10 4.492677896E-10
 3.438694775E-01 1.937482397E-10 3.238402879E-10 4.487402949E-10
 3.545189798E-01 1.934649940E-10 3.234073565E-10 4.481634230E-10
 3.654983342E-01 1.931608484E-10 3.229380652E-10 4.475353699E-10
 3.768177032E-01 1.928351784E-10 3.224311096E-10 4.468542203E-10
 3.884876370E-01 1.924874288E-10 3.218854350E-10 4.461183090E-10
 4.005189836E-01 1.921170861E-10 3.212998756E-10 4.453259428E-10
 4.129229188E-01 1.917237064E-10 3.206735155E-10 4.444757062E-10
 4.257110059E-01 1.913069425E-10 3.200054943E-10 4.435662948E-10
 4.388951659E-01 1.908665864E-10 3.192952014E-10 4.425967093E-10
 4.524875879E-01 1.904025965E-10 3.185423314E-10 4.415663390E-10
 4.665009975E-01 1.899152224E-10 3.177469399E-10 4.404751286E-10
 4.809483886E-01 1.894049917E-10 3.169096374E-10 4.393236885E-10
 4.958432019E-01 1.888727091E-10 3.160313677E-10 4.381132679E-10
 5.111992955E-01 1.883193324E-10 3.151134909E-10 4.368453654E-10
 5.270310044E-01 1.877460132E-10 3.141574501E-10 4.355219241E-10
 5.433530211E-01 1.871542088E-10 3.131652992E-10 4.341455251E-10
 5.601804852E-01 1.865457094E-10 3.121396197E-10 4.327194159E-10
 5.775290728E-01 1.859227355E-10 3.110836033E-10 4.312478430E-10
 5.954149961E-01 1.852878823E-10 3.100010804E-10 4.297358303E-10
 6.138547659E-01 1.846440500E-10 3.088964362E-10 4.281890953E-10
 6.328656673E-01 1.839945973E-10 3.077746669E-10 4.266142994E-10
 6.524653435E-01 1.833433683E-10 3.066416565E-10 4.250192975E-10
 6.726719737E-01 1.826949841E-10 3.055046494E-10 4.234137763E-10
 6.935044527E-01 1.820554402E-10 3.043729713E-10 4.218103367E-10
 7.149820328E-01 1.814289829E-10 3.032528950E-10 4.202172776E-10
 7.371248007E-01 1.808202893E-10 3.021525807E-10 4.186459790E-10
 7.599533200E-01 1.802307609E-10 3.010786342E-10 4.171081258E-10
 7.834888697E-01 1.796599119E-10 3.000369397E-10 4.156159583E-10
 8.077532649E-01 1.791307935E-10 2.990521442E-10 4.141953724E-10
 8.327691555E-01 1.787285459E-10 2.982006864E-10 4.129138975E-10
 8.585597277E-01 1.784418863E-10 2.974880897E-10 4.117930719E-10
 8.851490617E-01 1.774753400E-10 2.962794454E-10 4.103597184E-10
 9.125618339E-01 1.748660244E-10 2.938044807E-10 4.080359106E-10
 9.408236146E-01 1.735689370E-10 2.923420950E-10 4.064260040E-10
 9.699606299E-01 1.931434318E-10 3.061771114E-10 4.145385979E-10
 1.000000000E+00 2.297040058E-10 3.309443275E-10 4.275753362E-10
ZONE T="OVERFLOW, SA-RC-QCR2013"
 0.000000000E+00 0.000000000E+00 0.000000000E+00 0.000000000E+00
 4.999999987E-07 2.275074920E-11 1.834737917E-11 1.394399006E-11
 1.000464977E-06 3.646964120E-10 2.941099864E-10 2.235235053E-10
 1.501860993E-06 1.852028975E-09 1.493571045E-09 1.135114003E-09
 2.004654107E-06 5.878800113E-09 4.740967174E-09 3.603134013E-09
 2.509312026E-06 1.443271991E-08 1.163929042E-08 8.845858268E-09
 3.016305072E-06 3.013180105E-08 2.429982970E-08 1.846786013E-08
 3.526103001E-06 5.627225974E-08 4.538084042E-08 3.448942110E-08
 4.039181931E-06 9.688861269E-08 7.813594038E-08 5.938327874E-08
 4.556019121E-06 1.568265020E-07 1.264728979E-07 9.611935070E-08
 5.077094102E-06 2.418294969E-07 1.950237021E-07 1.482178931E-07
 5.602892088E-06 3.586413015E-07 2.892267048E-07 2.198120939E-07
 6.133902843E-06 5.151239861E-07 4.154223916E-07 3.157207118E-07
 6.670621133E-06 7.203950076E-07 5.809633876E-07 4.415317107E-07
 7.213543995E-06 9.849836715E-07 7.943410765E-07 6.036985951E-07
 7.763176654E-06 1.321010018E-06 1.065330025E-06 8.096498050E-07
 8.320033885E-06 1.742388008E-06 1.405151011E-06 1.067912990E-06
 8.884630006E-06 2.265054945E-06 1.826655989E-06 1.388257033E-06
 9.457490705E-06 2.907233011E-06 2.344540007E-06 1.781848027E-06
 1.003914986E-05 3.689714958E-06 2.975574034E-06 2.261433110E-06
 1.063015043E-05 4.636200174E-06 3.738867008E-06 2.841534979E-06
 1.123103993E-05 5.773653811E-06 4.656168130E-06 3.538681995E-06
 1.184238045E-05 7.132719929E-06 5.752187008E-06 4.371654995E-06
 1.246473039E-05 8.748171240E-06 7.054968137E-06 5.361765943E-06
 1.309868003E-05 1.065940978E-05 8.596290172E-06 6.533167834E-06
 1.374481963E-05 1.291104036E-05 1.041211999E-05 7.913193258E-06
 1.440374035E-05 1.555345079E-05 1.254308972E-05 9.532727745E-06
 1.507606976E-05 1.864350088E-05 1.503505973E-05 1.142662040E-05
 1.576241084E-05 2.224523087E-05 1.793967022E-05 1.363411957E-05
 1.646342935E-05 2.643065091E-05 2.131501060E-05 1.619937029E-05
 1.717974919E-05 3.128058961E-05 2.522623981E-05 1.917189911E-05
 1.791207069E-05 3.688556171E-05 2.974637027E-05 2.260718065E-05
 1.866103958E-05 4.334667028E-05 3.495693090E-05 2.656718971E-05
 1.942737981E-05 5.077661990E-05 4.094880933E-05 3.112100967E-05
 2.021178989E-05 5.930065163E-05 4.782302130E-05 3.634538007E-05
 2.101499922E-05 6.905748160E-05 5.569140922E-05 4.232532956E-05
 2.183776087E-05 8.020023233E-05 6.467747153E-05 4.915471072E-05
 2.268084063E-05 9.289720037E-05 7.491692668E-05 5.693667117E-05
 2.354502067E-05 1.073325984E-04 8.655832789E-05 6.578410103E-05
 2.443109952E-05 1.237068936E-04 9.976338333E-05 7.581988757E-05
 2.533991028E-05 1.422370988E-04 1.147071016E-04 8.717703895E-05
 2.627230060E-05 1.631565974E-04 1.315776026E-04 9.999854228E-05
 2.722911995E-05 1.867140963E-04 1.505755063E-04 1.144369016E-04
 2.821127964E-05 2.131726942E-04 1.719129941E-04 1.306532940E-04
 2.921968917E-05 2.428074949E-04 1.958119974E-04 1.488163980E-04
 3.025527076E-05 2.759030031E-04 2.225017961E-04 1.691005018E-04
 3.131901030E-05 3.127485106E-04 2.522158029E-04 1.916829933E-04
 3.241188097E-05 3.536336881E-04 2.851875906E-04 2.167414059E-04
 3.353489956E-05 3.988415992E-04 3.216454061E-04 2.444492129E-04
 3.468912109E-05 4.486416001E-04 3.618065093E-04 2.749713894E-04
 3.587561150E-05 5.032800254E-04 4.058695049E-04 3.084590135E-04
 3.709548037E-05 5.629705847E-04 4.540068912E-04 3.450431104E-04
 3.834985910E-05 6.278834771E-04 5.063557182E-04 3.848278138E-04
 3.963991912E-05 6.981337792E-04 5.630088272E-04 4.278837878E-04
 4.096685007E-05 7.737706183E-04 6.240059156E-04 4.742410965E-04
 4.233188884E-05 8.547661128E-04 6.893245154E-04 5.238826852E-04
 4.373631964E-05 9.410061175E-04 7.588724256E-04 5.767385010E-04
 4.518144124E-05 1.032282948E-03 8.324824157E-04 6.326814764E-04
 4.666858149E-05 1.128291944E-03 9.099083254E-04 6.915244157E-04
 4.819914830E-05 1.228629029E-03 9.908247739E-04 7.530202274E-04
 4.977454955E-05 1.332796994E-03 1.074829954E-03 8.168632048E-04
 5.139625864E-05 1.440208987E-03 1.161452034E-03 8.826947887E-04
 5.306578896E-05 1.550205983E-03 1.250157948E-03 9.501104942E-04
 5.478467938E-05 1.662067953E-03 1.340368995E-03 1.018670038E-03
 5.655454152E-05 1.775039011E-03 1.431472949E-03 1.087907003E-03
 5.837700883E-05 1.888339990E-03 1.522843959E-03 1.157346996E-03
 6.025379116E-05 2.001198009E-03 1.613856992E-03 1.226515975E-03
 6.218662747E-05 2.112864982E-03 1.703909948E-03 1.294955029E-03
 6.417732220E-05 2.222638112E-03 1.792434952E-03 1.362232026E-03
 6.622770888E-05 2.329874085E-03 1.878913958E-03 1.427953946E-03
 6.833972293E-05 2.434006892E-03 1.962889917E-03 1.491772942E-03
 7.051529974E-05 2.534552012E-03 2.043972956E-03 1.553394017E-03
 7.275647658E-05 2.631118055E-03 2.121845959E-03 1.612575026E-03
 7.506534894E-05 2.723399084E-03 2.196263988E-03 1.669130055E-03
 7.744406321E-05 2.811180893E-03 2.267054049E-03 1.722926972E-03
 7.989480946E-05 2.894331934E-03 2.334108111E-03 1.773884986E-03
 8.241988689E-05 2.972793998E-03 2.397381933E-03 1.821969054E-03
 8.502163837E-05 3.046578960E-03 2.456882969E-03 1.867186045E-03
 8.770248678E-05 3.115754109E-03 2.512665000E-03 1.909577055E-03
 9.046492778E-05 3.180433065E-03 2.564823022E-03 1.949212980E-03
 9.331152978E-05 3.240769962E-03 2.613478107E-03 1.986186020E-03
 9.624494123E-05 3.296947107E-03 2.658778103E-03 2.020610031E-03
 9.926789062E-05 3.349164966E-03 2.700885991E-03 2.052607015E-03
 1.023832010E-04 3.397641936E-03 2.739975927E-03 2.082309918E-03
 1.055937028E-04 3.442601999E-03 2.776229056E-03 2.109857043E-03
 1.089025027E-04 3.484270070E-03 2.809827914E-03 2.135385992E-03
 1.123125985E-04 3.522871062E-03 2.840952948E-03 2.159035066E-03
 1.158271989E-04 3.558624070E-03 2.869781107E-03 2.180939075E-03
 1.194494980E-04 3.591740970E-03 2.896483056E-03 2.201226074E-03
 1.231829956E-04 3.622425022E-03 2.921222942E-03 2.220022026E-03
 1.270310022E-04 3.650866915E-03 2.944154898E-03 2.237443114E-03
 1.309973013E-04 3.677247092E-03 2.965423977E-03 2.253599931E-03
 1.350854000E-04 3.701735055E-03 2.985165920E-03 2.268597018E-03
 1.392991981E-04 3.724487033E-03 3.003509017E-03 2.282530069E-03
 1.436424936E-04 3.745648079E-03 3.020568052E-03 2.295487095E-03
 1.481195068E-04 3.765352070E-03 3.036451060E-03 2.307550982E-03
 1.527342974E-04 3.783721011E-03 3.051259089E-03 2.318796003E-03
 1.574912021E-04 3.800868057E-03 3.065079916E-03 2.329292009E-03
 1.623946009E-04 3.816895885E-03 3.077998990E-03 2.339100931E-03
 1.674491068E-04 3.831898095E-03 3.090089886E-03 2.348281909E-03
 1.726594055E-04 3.845958970E-03 3.101421986E-03 2.356885001E-03
 1.780301973E-04 3.859156976E-03 3.112057922E-03 2.364957938E-03
 1.835667063E-04 3.871561028E-03 3.122053109E-03 2.372544957E-03
 1.892739965E-04 3.883234924E-03 3.131459933E-03 2.379684011E-03
 1.951573940E-04 3.894235939E-03 3.140324028E-03 2.386410953E-03
 2.012222976E-04 3.904616926E-03 3.148687072E-03 2.392756054E-03
 2.074743970E-04 3.914424218E-03 3.156587016E-03 2.398750046E-03
 2.139196004E-04 3.923700191E-03 3.164059017E-03 2.404416911E-03
 2.205636993E-04 3.932483029E-03 3.171133110E-03 2.409781097E-03
 2.274130966E-04 3.940807190E-03 3.177836072E-03 2.414864022E-03
 2.344740060E-04 3.948703874E-03 3.184194909E-03 2.419685014E-03
 2.417530050E-04 3.956201021E-03 3.190231044E-03 2.424259903E-03
 2.492569911E-04 3.963325173E-03 3.195965895E-03 2.428605920E-03
 2.569927892E-04 3.970098216E-03 3.201418091E-03 2.432736102E-03
 2.649677044E-04 3.976541106E-03 3.206602996E-03 2.436663024E-03
 2.731891000E-04 3.982672933E-03 3.211536910E-03 2.440398093E-03
 2.816646884E-04 3.988510929E-03 3.216233104E-03 2.443952952E-03
 2.904022986E-04 3.994069062E-03 3.220702987E-03 2.447335981E-03
 2.994101087E-04 3.999361768E-03 3.224958898E-03 2.450555097E-03
 3.086964134E-04 4.004402086E-03 3.229012014E-03 2.453618916E-03
 3.182698856E-04 4.009201191E-03 3.232869087E-03 2.456533955E-03
 3.281394893E-04 4.013768863E-03 3.236538963E-03 2.459306037E-03
 3.383143048E-04 4.018114880E-03 3.240030026E-03 2.461941913E-03
 3.488039074E-04 4.022248089E-03 3.243348096E-03 2.464446006E-03
 3.596179886E-04 4.026175011E-03 3.246499924E-03 2.466822974E-03
 3.707667056E-04 4.029903095E-03 3.249491099E-03 2.469077008E-03
 3.822601866E-04 4.033437930E-03 3.252326045E-03 2.471210901E-03
 3.941094037E-04 4.036785103E-03 3.255008953E-03 2.473230008E-03
 4.063253000E-04 4.039951134E-03 3.257544944E-03 2.475135960E-03
 4.189191095E-04 4.042937886E-03 3.259937046E-03 2.476932015E-03
 4.319027066E-04 4.045751877E-03 3.262188053E-03 2.478620037E-03
 4.452881112E-04 4.048395902E-03 3.264300991E-03 2.480203053E-03
 4.590876924E-04 4.050873220E-03 3.266280051E-03 2.481681993E-03
 4.733144015E-04 4.053186160E-03 3.268125001E-03 2.483059885E-03
 4.879815097E-04 4.055337049E-03 3.269839101E-03 2.484336030E-03
 5.031024921E-04 4.057329148E-03 3.271423047E-03 2.485513920E-03
 5.186916096E-04 4.059161991E-03 3.272880102E-03 2.486593090E-03
 5.347632105E-04 4.060838837E-03 3.274209099E-03 2.487574937E-03
 5.513323122E-04 4.062361084E-03 3.275413066E-03 2.488459926E-03
 5.684142816E-04 4.063729197E-03 3.276491072E-03 2.489248989E-03
 5.860251840E-04 4.064943176E-03 3.277444979E-03 2.489941893E-03
 6.041812012E-04 4.066003021E-03 3.278274089E-03 2.490539104E-03
 6.228992715E-04 4.066910129E-03 3.278977936E-03 2.491041087E-03
 6.421967992E-04 4.067663103E-03 3.279556986E-03 2.491445979E-03
 6.620918284E-04 4.068262875E-03 3.280011937E-03 2.491754945E-03
 6.826028111E-04 4.068707116E-03 3.280339995E-03 2.491967054E-03
 7.037487812E-04 4.068995826E-03 3.280542092E-03 2.492082072E-03
 7.255494711E-04 4.069128074E-03 3.280615900E-03 2.492097905E-03
 7.480251952E-04 4.069101065E-03 3.280560952E-03 2.492014086E-03
 7.711967919E-04 4.068914801E-03 3.280376084E-03 2.491831081E-03
 7.950857980E-04 4.068565089E-03 3.280058969E-03 2.491544932E-03
 8.197145071E-04 4.068051931E-03 3.279607976E-03 2.491156105E-03
 8.451057947E-04 4.067370202E-03 3.279020078E-03 2.490662038E-03
 8.712832932E-04 4.066518974E-03 3.278294113E-03 2.490059938E-03
 8.982713916E-04 4.065494053E-03 3.277427051E-03 2.489350038E-03
 9.260951774E-04 4.064292181E-03 3.276414936E-03 2.488527913E-03
 9.547804948E-04 4.062910099E-03 3.275255905E-03 2.487593098E-03
 9.843539447E-04 4.061342217E-03 3.273946932E-03 2.486540936E-03
 1.014843001E-03 4.059584811E-03 3.272482892E-03 2.485370031E-03
 1.046277001E-03 4.057633225E-03 3.270860063E-03 2.484075958E-03
 1.078683999E-03 4.055480938E-03 3.269074950E-03 2.482657088E-03
 1.112094033E-03 4.053124227E-03 3.267121967E-03 2.481108066E-03
 1.146538998E-03 4.050555173E-03 3.264995990E-03 2.479424933E-03
 1.182049979E-03 4.047766794E-03 3.262693062E-03 2.477604896E-03
 1.218660967E-03 4.044753965E-03 3.260205965E-03 2.475643065E-03
 1.256405958E-03 4.041508771E-03 3.257529112E-03 2.473535016E-03
 1.295319991E-03 4.038021900E-03 3.254655981E-03 2.471274929E-03
 1.335439039E-03 4.034285899E-03 3.251580056E-03 2.468856983E-03
 1.376800006E-03 4.030290991E-03 3.248292953E-03 2.466277918E-03
 1.419442007E-03 4.026027862E-03 3.244786989E-03 2.463528886E-03
 1.463404973E-03 4.021487199E-03 3.241054947E-03 2.460604999E-03
 1.508728950E-03 4.016655963E-03 3.237087047E-03 2.457499038E-03
 1.555455965E-03 4.011523910E-03 3.232873045E-03 2.454203088E-03
 1.603630953E-03 4.006078001E-03 3.228405025E-03 2.450711094E-03
 1.653296989E-03 4.000306129E-03 3.223669948E-03 2.447013045E-03
 1.704502036E-03 3.994193859E-03 3.218658967E-03 2.443101956E-03
 1.757291961E-03 3.987725824E-03 3.213358112E-03 2.438968047E-03
 1.811717055E-03 3.980888054E-03 3.207755974E-03 2.434601076E-03
 1.867827959E-03 3.973661922E-03 3.201839048E-03 2.429991029E-03
 1.925676013E-03 3.966032062E-03 3.195592901E-03 2.425127896E-03
 1.985315932E-03 3.957978915E-03 3.189003095E-03 2.420000033E-03
 2.046803012E-03 3.949482925E-03 3.182053100E-03 2.414593939E-03
 2.110193949E-03 3.940524068E-03 3.174725920E-03 2.408898901E-03
 2.175548114E-03 3.931079060E-03 3.167005023E-03 2.402900951E-03
 2.242925111E-03 3.921126947E-03 3.158872016E-03 2.396584954E-03
 2.312389901E-03 3.910642117E-03 3.150305012E-03 2.389936009E-03
 2.384006046E-03 3.899598029E-03 3.141286084E-03 2.382938983E-03
 2.457838971E-03 3.887969069E-03 3.131791018E-03 2.375575947E-03
 2.533959923E-03 3.875725903E-03 3.121796995E-03 2.367831068E-03
 2.612436889E-03 3.862838028E-03 3.111280967E-03 2.359684091E-03
 2.693345072E-03 3.849273082E-03 3.100214992E-03 2.351115923E-03
 2.776758978E-03 3.834998002E-03 3.088572994E-03 2.342107007E-03
 2.862754976E-03 3.819976933E-03 3.076327033E-03 2.332632896E-03
 2.951415954E-03 3.804171924E-03 3.063444979E-03 2.322673099E-03
 3.042821074E-03 3.787542926E-03 3.049897030E-03 2.312202938E-03
 3.137058113E-03 3.770049894E-03 3.035648027E-03 2.301196102E-03
 3.234212985E-03 3.751647891E-03 3.020662116E-03 2.289624885E-03
 3.334376961E-03 3.732289886E-03 3.004903905E-03 2.277463907E-03
 3.437642939E-03 3.711927915E-03 2.988331951E-03 2.264681039E-03
 3.544107080E-03 3.690510057E-03 2.970906906E-03 2.251246013E-03
 3.653868102E-03 3.667982994E-03 2.952584065E-03 2.237125998E-03
 3.767027985E-03 3.644288983E-03 2.933318960E-03 2.222286072E-03
 3.883692902E-03 3.619368887E-03 2.913061995E-03 2.206691075E-03
 4.003969952E-03 3.593161004E-03 2.891764045E-03 2.190300962E-03
 4.127973225E-03 3.565597115E-03 2.869372023E-03 2.173078014E-03
 4.255815875E-03 3.536609933E-03 2.845830983E-03 2.154980088E-03
 4.387618043E-03 3.506126115E-03 2.821082016E-03 2.135962946E-03
 4.523503128E-03 3.474069992E-03 2.795063891E-03 2.115980955E-03
 4.663594998E-03 3.440364031E-03 2.767714905E-03 2.094987081E-03
 4.808025900E-03 3.404922085E-03 2.738968004E-03 2.072931034E-03
 4.956929944E-03 3.367661033E-03 2.708753105E-03 2.049759962E-03
 5.110444967E-03 3.328487976E-03 2.676998964E-03 2.025421942E-03
 5.268714856E-03 3.287312109E-03 2.643631073E-03 1.999859000E-03
 5.431885831E-03 3.244033083E-03 2.608570969E-03 1.973015023E-03
 5.600111093E-03 3.198553110E-03 2.571738092E-03 1.944827964E-03
 5.773544777E-03 3.150765086E-03 2.533050021E-03 1.915237051E-03
 5.952350795E-03 3.100564005E-03 2.492421074E-03 1.884178026E-03
 6.136693992E-03 3.047839040E-03 2.449763939E-03 1.851584995E-03
 6.326746196E-03 2.992477035E-03 2.404988045E-03 1.817393000E-03
 6.522683892E-03 2.934363903E-03 2.358003054E-03 1.781533007E-03
 6.724690087E-03 2.873383928E-03 2.308716998E-03 1.743937028E-03
 6.932951976E-03 2.809419995E-03 2.257036045E-03 1.704538008E-03
 7.147664204E-03 2.742355922E-03 2.202868927E-03 1.663265051E-03
 7.369026076E-03 2.672076924E-03 2.146125073E-03 1.620054943E-03
 7.597242948E-03 2.598473104E-03 2.086716937E-03 1.574840979E-03
 7.832528092E-03 2.521436894E-03 2.024560934E-03 1.527562970E-03
 8.075099438E-03 2.440869110E-03 1.959579065E-03 1.478165039E-03
 8.325182833E-03 2.356681973E-03 1.891701017E-03 1.426595962E-03
 8.583012037E-03 2.268797951E-03 1.820867998E-03 1.372813946E-03
 8.848824538E-03 2.177160000E-03 1.747037051E-03 1.316788956E-03
 9.122870862E-03 2.081731101E-03 1.670180005E-03 1.258503995E-03
 9.405404329E-03 1.982501941E-03 1.590291969E-03 1.197958016E-03
 9.696686640E-03 1.879499992E-03 1.507397043E-03 1.135171973E-03
 9.996990673E-03 1.772794058E-03 1.421554014E-03 1.070193946E-03
 1.030659024E-02 1.662504976E-03 1.332863001E-03 1.003102981E-03
 1.062578987E-02 1.548822038E-03 1.241476974E-03 9.340186953E-04
 1.095485967E-02 1.432009973E-03 1.147613046E-03 8.631065721E-04
 1.129413024E-02 1.312430948E-03 1.051562955E-03 7.905914099E-04
 1.164390985E-02 1.190562965E-03 9.537144215E-04 7.167672156E-04
 1.200451981E-02 1.067025005E-03 8.545643068E-04 6.420115824E-04
 1.237630006E-02 9.426025790E-04 7.547445130E-04 5.668026861E-04
 1.275958959E-02 8.182816091E-04 6.550470716E-04 4.917373881E-04
 1.315474976E-02 6.952849799E-04 5.564527237E-04 4.175548966E-04
 1.356215030E-02 5.751157878E-04 4.601649125E-04 3.451581870E-04
 1.398216002E-02 4.595979117E-04 3.676431952E-04 2.756433096E-04
 1.441518031E-02 3.509217058E-04 2.806381090E-04 2.103191946E-04
 1.486162003E-02 2.516721142E-04 2.012139012E-04 1.507309062E-04
 1.532187965E-02 1.648258039E-04 1.317455026E-04 9.864819731E-05
 1.579638943E-02 9.367153689E-05 7.485395327E-05 5.602624879E-05
 1.628560014E-02 4.150340101E-05 3.316068978E-05 2.481072988E-05
 1.678995974E-02 1.087454984E-05 8.693114069E-06 6.504947123E-06
 1.730993949E-02 7.707868122E-07 6.192054229E-07 4.652293057E-07
 1.784602925E-02 6.462975932E-09 5.369250822E-09 4.199438131E-09
 1.839870960E-02 1.575187064E-10 2.443255043E-10 3.193121045E-10
 1.896852069E-02 1.355927037E-10 2.169211061E-10 2.971436985E-10
 1.955595985E-02 1.251262011E-10 2.075957045E-10 2.849958880E-10
 2.016161010E-02 1.306073028E-10 2.127204940E-10 2.931362930E-10
 2.078600973E-02 1.271126954E-10 2.099670021E-10 2.885424955E-10
 2.142973989E-02 1.305567043E-10 2.133526966E-10 2.938309041E-10
 2.209340967E-02 1.286085960E-10 2.119277948E-10 2.913941033E-10
 2.277763933E-02 1.307854935E-10 2.141642003E-10 2.948412903E-10
 2.348306030E-02 1.297395941E-10 2.134973032E-10 2.936434984E-10
 2.421032079E-02 1.311439984E-10 2.150186973E-10 2.959539003E-10
 2.496010996E-02 1.306232067E-10 2.147856060E-10 2.954692879E-10
 2.573310956E-02 1.315547948E-10 2.158584977E-10 2.970723945E-10
 2.653006092E-02 1.313358033E-10 2.158679069E-10 2.969902935E-10
 2.735169046E-02 1.319754028E-10 2.166546942E-10 2.981470903E-10
 2.819876000E-02 1.319265946E-10 2.167944019E-10 2.982847025E-10
 2.907207049E-02 1.323832988E-10 2.173951019E-10 2.991545067E-10
 2.997241914E-02 1.324274024E-10 2.175997021E-10 2.994053894E-10
 3.090066090E-02 1.327676996E-10 2.180760017E-10 3.000862059E-10
 3.185763955E-02 1.328599036E-10 2.183083020E-10 3.003892135E-10
 3.284426033E-02 1.331242061E-10 2.186991005E-10 3.009422989E-10
 3.386143968E-02 1.332386007E-10 2.189382009E-10 3.012627925E-10
 3.491012007E-02 1.334519995E-10 2.192682980E-10 3.017270045E-10
 3.599127010E-02 1.335741934E-10 2.195029020E-10 3.020463879E-10
 3.710591048E-02 1.337523009E-10 2.197886040E-10 3.024465123E-10
 3.825506940E-02 1.338743005E-10 2.200132021E-10 3.027552098E-10
 3.943981975E-02 1.340270950E-10 2.202653060E-10 3.031077889E-10
 4.066126049E-02 1.341449035E-10 2.204775945E-10 3.034016927E-10
 4.192053154E-02 1.342787964E-10 2.207035943E-10 3.037179119E-10
 4.321879148E-02 1.343904987E-10 2.209031014E-10 3.039956897E-10
 4.455725849E-02 1.345099032E-10 2.211083955E-10 3.042834873E-10
 4.593719169E-02 1.346146944E-10 2.212954958E-10 3.045453889E-10
 4.735985026E-02 1.347227052E-10 2.214839978E-10 3.048105102E-10
 4.882657155E-02 1.348206963E-10 2.216595935E-10 3.050577013E-10
 5.033871159E-02 1.349192980E-10 2.218343009E-10 3.053043929E-10
 5.189768970E-02 1.350109052E-10 2.219995993E-10 3.055382058E-10
 5.350494012E-02 1.351016937E-10 2.221628020E-10 3.057697984E-10
 5.516197160E-02 1.351874029E-10 2.223188994E-10 3.059917875E-10
 5.687031895E-02 1.352715023E-10 2.224723045E-10 3.062106957E-10
 5.863158032E-02 1.353517021E-10 2.226202001E-10 3.064223875E-10
 6.044737995E-02 1.354300977E-10 2.227654033E-10 3.066306931E-10
 6.231942028E-02 1.355053986E-10 2.229060964E-10 3.068333088E-10
 6.424943358E-02 1.355787010E-10 2.230440971E-10 3.070325105E-10
 6.623920798E-02 1.356495055E-10 2.231784063E-10 3.072271881E-10
 6.829062104E-02 1.357183949E-10 2.233101065E-10 3.074185906E-10
 7.040555775E-02 1.357849944E-10 2.234386981E-10 3.076061073E-10
 7.258599997E-02 1.358498036E-10 2.235646945E-10 3.077904875E-10
 7.483396679E-02 1.359125035E-10 2.236880958E-10 3.079715094E-10
 7.715155184E-02 1.359734964E-10 2.238089991E-10 3.081497002E-10
 7.954090834E-02 1.360325047E-10 2.239272934E-10 3.083246991E-10
 8.200427145E-02 1.360898061E-10 2.240433949E-10 3.084968947E-10
 8.454391360E-02 1.361452062E-10 2.241569985E-10 3.086660927E-10
 8.716221154E-02 1.361988994E-10 2.242682012E-10 3.088324041E-10
 8.986160159E-02 1.362507052E-10 2.243770031E-10 3.089956901E-10
 9.264458716E-02 1.363007068E-10 2.244834041E-10 3.091560896E-10
 9.551376104E-02 1.363487934E-10 2.245871961E-10 3.093132972E-10
 9.847179055E-02 1.363950064E-10 2.246884068E-10 3.094672019E-10
 1.015214026E-01 1.364390961E-10 2.247868003E-10 3.096176926E-10
 1.046655029E-01 1.364812013E-10 2.248824044E-10 3.097646029E-10
 1.079069972E-01 1.365210028E-10 2.249748998E-10 3.099075996E-10
 1.112487987E-01 1.365585006E-10 2.250641062E-10 3.100464885E-10
 1.146942005E-01 1.365935975E-10 2.251498987E-10 3.101809087E-10
 1.182461977E-01 1.366260993E-10 2.252319026E-10 3.103104995E-10
 1.219082996E-01 1.366558949E-10 2.253098957E-10 3.104347890E-10
 1.256836951E-01 1.366827068E-10 2.253836007E-10 3.105534996E-10
 1.295761019E-01 1.367062991E-10 2.254526010E-10 3.106659929E-10
 1.335889995E-01 1.367266023E-10 2.255166054E-10 3.107719082E-10
 1.377262026E-01 1.367432972E-10 2.255751003E-10 3.108704127E-10
 1.419916004E-01 1.367561064E-10 2.256275999E-10 3.109610902E-10
 1.463889927E-01 1.367646968E-10 2.256737019E-10 3.110431079E-10
 1.509225965E-01 1.367689018E-10 2.257127957E-10 3.111156888E-10
 1.555967033E-01 1.367683050E-10 2.257443954E-10 3.111781111E-10
 1.604153961E-01 1.367625041E-10 2.257677933E-10 3.112294866E-10
 1.653835028E-01 1.367511937E-10 2.257824067E-10 3.112687053E-10
 1.705053002E-01 1.367339991E-10 2.257874027E-10 3.112951008E-10
 1.757857949E-01 1.367102959E-10 2.257820042E-10 3.113070912E-10
 1.812299043E-01 1.366798064E-10 2.257655035E-10 3.113040936E-10
 1.868425012E-01 1.366419061E-10 2.257369985E-10 3.112843039E-10
 1.926289946E-01 1.365962066E-10 2.256955040E-10 3.112468894E-10
 1.985946000E-01 1.365419999E-10 2.256400067E-10 3.111899072E-10
 2.047449946E-01 1.364788005E-10 2.255696047E-10 3.111126079E-10
 2.110859007E-01 1.364059005E-10 2.254829934E-10 3.110122992E-10
 2.176232040E-01 1.363228003E-10 2.253792014E-10 3.108887869E-10
 2.243628949E-01 1.362285007E-10 2.252567022E-10 3.107387125E-10
 2.313113958E-01 1.361227936E-10 2.251147047E-10 3.105619095E-10
 2.384749949E-01 1.360043050E-10 2.249510994E-10 3.103542978E-10
 2.458605021E-01 1.358728963E-10 2.247653036E-10 3.101167101E-10
 2.534747124E-01 1.357270962E-10 2.245549996E-10 3.098434009E-10
 2.613247037E-01 1.355669049E-10 2.243196046E-10 3.095363965E-10
 2.694179118E-01 1.353902962E-10 2.240560931E-10 3.091880918E-10
 2.777616978E-01 1.351978945E-10 2.237647012E-10 3.088027056E-10
 2.863638997E-01 1.349868967E-10 2.234414043E-10 3.083696076E-10
 2.952325046E-01 1.347587042E-10 2.230872015E-10 3.078959865E-10
 3.043757081E-01 1.345096950E-10 2.226969026E-10 3.073672983E-10
 3.138022125E-01 1.342420064E-10 2.222726031E-10 3.067953114E-10
 3.235205114E-01 1.339510031E-10 2.218076972E-10 3.061595977E-10
 3.335398138E-01 1.336402933E-10 2.213060984E-10 3.054785036E-10
 3.438695073E-01 1.333033961E-10 2.207588001E-10 3.047234964E-10
 3.545190096E-01 1.329461957E-10 2.201723942E-10 3.039229979E-10
 3.654983044E-01 1.325596022E-10 2.195346960E-10 3.030360962E-10
 3.768177032E-01 1.321528026E-10 2.188562942E-10 3.021060069E-10
 3.884876072E-01 1.317130988E-10 2.181206049E-10 3.010738048E-10
 4.005190134E-01 1.312542991E-10 2.173436014E-10 3.000051041E-10
 4.129228890E-01 1.307582931E-10 2.165022051E-10 2.988143066E-10
 4.257110059E-01 1.302461056E-10 2.156211043E-10 2.975996116E-10
 4.388951957E-01 1.296917990E-10 2.146677003E-10 2.962367018E-10
 4.524875879E-01 1.291260987E-10 2.136782973E-10 2.948715994E-10
 4.665009975E-01 1.285125062E-10 2.126078064E-10 2.933233934E-10
 4.809483886E-01 1.278953055E-10 2.115086023E-10 2.918078001E-10
 4.958432019E-01 1.272233013E-10 2.103178048E-10 2.900611973E-10
 5.111992955E-01 1.265591937E-10 2.091103957E-10 2.884014971E-10
 5.270310044E-01 1.258325943E-10 2.077995970E-10 2.864442017E-10
 5.433530211E-01 1.251296983E-10 2.064900056E-10 2.846552993E-10
 5.601804852E-01 1.243559977E-10 2.050637993E-10 2.824755985E-10
 5.775290728E-01 1.236267061E-10 2.036634056E-10 2.805846944E-10
 5.954149961E-01 1.228193935E-10 2.021328938E-10 2.781712916E-10
 6.138548255E-01 1.220808038E-10 2.006599054E-10 2.762221007E-10
 6.328657269E-01 1.212620976E-10 1.990455994E-10 2.735640048E-10
 6.524652839E-01 1.205365946E-10 1.975254960E-10 2.716216974E-10
 6.726719737E-01 1.197414945E-10 1.958616047E-10 2.687075007E-10
 6.935043931E-01 1.190560012E-10 1.943278038E-10 2.668660015E-10
 7.149819732E-01 1.183391024E-10 1.926680065E-10 2.636826868E-10
 7.371248007E-01 1.177268977E-10 1.911635017E-10 2.620746953E-10
 7.599533200E-01 1.171702041E-10 1.895897050E-10 2.586056924E-10
 7.834889293E-01 1.166857028E-10 1.881770018E-10 2.574211955E-10
 8.077533245E-01 1.164009028E-10 1.868030036E-10 2.536363897E-10
 8.327690959E-01 1.162408989E-10 1.856540061E-10 2.531992949E-10
 8.585597277E-01 1.163499991E-10 1.846146985E-10 2.490299078E-10
 8.851491213E-01 1.177374032E-10 1.846697933E-10 2.502605068E-10
 9.125618935E-01 1.186949011E-10 1.843556002E-10 2.457092030E-10
 9.408236146E-01 1.318243015E-10 1.930675064E-10 2.536761079E-10
 9.699605703E-01 1.070019004E-10 1.736294997E-10 2.349301864E-10
 1.000000000E+00 7.836251786E-11 1.476666012E-10 1.922438042E-10
