variables="dum1","dum2","dum3","dum4","dum5","dum6","dum7","D,mm","T,degF","P,Pa","dum8","phase,deg"
0.08407	2.92136	0.04978	-1.22481	-3.26496	0.08407	-0.07705	-353.0938	84.07	-531.24103	28.92778	0
0.08407	2.9126	0.04497	-1.13514	-3.48463	0.08407	-0.0714	-377.95999	84.07	-492.28565	28.92778	5
0.08407	2.89176	-5.35E-04	-1.07868	-3.67567	0.08407	-0.06784	-399.69005	84.07	-467.74031	28.92778	10
0.08407	2.86234	-5.23E-05	-1.05923	-3.80641	0.08407	-0.06661	-414.61737	84.07	-459.25976	28.92778	15
0.08407	2.82068	-3.28E-04	-1.07875	-3.91526	0.08407	-0.06784	-427.0802	84.07	-467.74031	28.92778	20
0.08407	2.76877	-3.71E-04	-1.1499	-3.99337	0.08407	-0.07233	-436.04293	84.07	-498.69777	28.92778	25
0.08407	2.70485	-3.98E-04	-1.26516	-4.04075	0.08407	-0.07959	-441.48748	84.07	-548.75371	28.92778	30
0.08407	2.6308	-1.44E-04	-1.43282	-4.05435	0.08407	-0.09016	-443.0514	84.07	-621.63129	28.92778	35
0.08407	2.55419	-5.51E-04	-1.61948	-4.04239	0.08407	-0.10192	-441.67605	84.07	-702.71363	28.92778	40
0.08407	2.46797	-4.73E-04	-1.84712	-4.00223	0.08407	-0.11626	-437.0606	84.07	-801.58445	28.92778	45
0.08407	2.37728	-4.16E-04	-2.08745	-3.9389	0.08407	-0.13141	-429.79105	84.07	-906.04002	28.92778	50
0.08407	2.2697	-3.28E-04	-2.34529	-3.84876	0.08407	-0.14766	-419.4625	84.07	-1018.07982	28.92778	55
0.08407	2.16514	-4.10E-04	-2.58016	-3.74283	0.08407	-0.16246	-407.35239	84.07	-1120.12222	28.92778	60
0.08407	2.05147	-1.68E-04	-2.79611	-3.61552	0.08407	-0.17607	-392.83771	84.07	-1213.95986	28.92778	65
0.08407	1.94017	-3.90E-04	-2.94552	-3.4809	0.08407	-0.18549	-377.53669	84.07	-1278.90848	28.92778	70
0.08407	1.82824	-2.28E-04	-3.05043	-3.33836	0.08407	-0.1921	-361.3882	84.07	-1324.48282	28.92778	75
0.08407	1.69647	1.43E-04	-3.0813	-3.16025	0.08407	-0.19404	-341.28618	84.07	-1337.85865	28.92778	80
0.08407	1.57213	-4.01E-04	-3.02643	-2.98351	0.08407	-0.19058	-321.4225	84.07	-1314.00279	28.92778	85
0.08407	1.45782	-2.49E-04	-2.9088	-2.81268	0.08407	-0.18317	-302.30229	84.07	-1262.91264	28.92778	90
0.08407	1.32686	-3.97E-04	-2.68674	-2.60758	0.08407	-0.16918	-279.44931	84.07	-1166.45499	28.92778	95
0.08407	1.21094	-3.92E-04	-2.41876	-2.41674	0.08407	-0.15229	-258.28608	84.07	-1050.00254	28.92778	100
0.08407	1.09684	-4.79E-05	-2.0933	-2.22086	0.08407	-0.13178	-236.66506	84.07	-908.59108	28.92778	105
0.08407	0.97859	-5.04E-04	-1.69495	-2.00693	0.08407	-0.10668	-213.16871	84.07	-735.53268	28.92778	110
0.08407	0.86321	-6.61E-04	-1.27217	-1.78313	0.08407	-0.08003	-188.71908	84.07	-551.7874	28.92778	115
0.08407	0.7615	3.61E-05	-0.87146	-1.57515	0.08407	-0.05478	-166.11762	84.07	-377.69479	28.92778	120
0.08407	0.65887	-1.57E-04	-0.43952	-1.34753	0.08407	-0.02756	-141.51419	84.07	-190.0195	28.92778	125
0.08407	0.56217	-5.45E-04	-0.02676	-1.11117	0.08407	-0.00155	-116.11243	84.07	-10.68687	28.92778	130
0.08407	0.47374	-2.55E-04	0.35432	-0.87479	0.08407	0.02247	-90.85768	84.07	154.92519	28.92778	135
0.08407	0.39864	-4.76E-04	0.67685	-0.65021	0.08407	0.0428	-67.00181	84.07	295.0956	28.92778	140
0.08407	0.32928	-5.80E-04	0.95631	-0.41387	0.08407	0.06041	-42.04215	84.07	416.51227	28.92778	145
0.08407	0.26658	-1.36E-04	1.19896	-0.16935	0.08407	0.0757	-16.37554	84.07	521.9331	28.92778	150
0.08407	0.2147	-7.14E-05	1.38627	0.06708	0.08407	0.0875	8.2901	84.07	603.29124	28.92778	155
0.08407	0.17325	4.29E-05	1.5256	0.29939	0.08407	0.09628	32.38058	84.07	663.8272	28.92778	160
0.08407	0.14003	-3.49E-04	1.62988	0.54016	0.08407	0.10286	57.19632	84.07	709.19471	28.92778	165
0.08407	0.11968	0.02742	1.68351	0.73264	0.08407	0.10624	76.92359	84.07	732.49898	28.92778	170
0.08407	0.11178	0.72492	1.70166	0.82955	0.08407	0.10738	86.81846	84.07	740.35901	28.92778	175
0.08407	0.11107	4.3422	1.72041	0.94877	0.08407	0.10856	98.95687	84.07	748.49482	28.92778	180
0.08407	0.11973	4.40137	1.74444	1.17017	0.08407	0.11008	121.3981	84.07	758.97485	28.92778	185
0.08407	0.14084	4.40233	1.76768	1.34716	0.08407	0.11154	139.2438	84.07	769.0412	28.92778	190
0.08407	0.17206	4.40238	1.80917	1.48702	0.08407	0.11415	153.28656	84.07	787.03651	28.92778	195
0.08407	0.21429	4.40253	1.87047	1.59172	0.08407	0.11802	163.76489	84.07	813.71922	28.92778	200
0.08407	0.26502	4.40238	1.95045	1.66537	0.08407	0.12306	171.11821	84.07	848.4688	28.92778	205
0.08407	0.32831	4.40248	2.08086	1.7113	0.08407	0.13128	175.69659	84.07	905.1437	28.92778	210
0.08407	0.40206	4.40275	2.23994	1.72682	0.08407	0.1413	177.24238	84.07	974.22916	28.92778	215
0.08407	0.47834	4.40251	2.41646	1.71482	0.08407	0.15243	176.04724	84.07	1050.96781	28.92778	220
0.08407	0.55939	4.40267	2.60571	1.68171	0.08407	0.16435	172.74765	84.07	1133.15331	28.92778	225
0.08407	0.66132	4.40273	2.80805	1.61725	0.08407	0.1771	166.31548	84.07	1221.06146	28.92778	230
0.08407	0.76137	4.40268	2.99016	1.5329	0.08407	0.18858	157.88181	84.07	1300.21328	28.92778	235
0.08407	0.86343	4.40302	3.14505	1.43658	0.08407	0.19834	148.22811	84.07	1367.5061	28.92778	240
0.08407	0.98145	4.4028	3.2689	1.31238	0.08407	0.20615	135.74357	84.07	1421.35416	28.92778	245
0.08407	1.09375	4.40273	3.32215	1.18282	0.08407	0.2095	122.67636	84.07	1444.45159	28.92778	250
0.08407	1.21164	4.40298	3.31644	1.03942	0.08407	0.20914	108.16103	84.07	1441.96948	28.92778	255
0.08407	1.33247	4.40252	3.25388	0.88315	0.08407	0.2052	92.28045	84.07	1414.80414	28.92778	260
0.08407	1.45758	4.40304	3.11793	0.71281	0.08407	0.19663	74.89579	84.07	1355.71607	28.92778	265
0.08407	1.57998	4.40315	2.92119	0.54219	0.08407	0.18423	57.40489	84.07	1270.22108	28.92778	270
0.08407	1.70043	4.403	2.66671	0.36534	0.08407	0.1682	39.19332	84.07	1159.69813	28.92778	275
0.08407	1.8234	4.40287	2.33064	0.17503	0.08407	0.14702	19.5024	84.07	1013.66717	28.92778	280
0.08407	1.94273	4.4029	1.95079	-0.01983	0.08407	0.12308	-0.75947	84.07	848.60669	28.92778	285
0.08407	2.05678	4.40299	1.54956	-0.2177	0.08407	0.09779	-21.43805	84.07	674.23829	28.92778	290
0.08407	2.16263	4.4031	1.12664	-0.41554	0.08407	0.07114	-42.21799	84.07	490.49301	28.92778	295
0.08407	2.26766	4.403	0.70745	-0.6275	0.08407	0.04472	-64.59695	84.07	308.33353	28.92778	300
0.08407	2.36938	4.40312	0.28815	-0.84966	0.08407	0.0183	-88.18157	84.07	126.17405	28.92778	305
0.08407	2.46794	4.40295	-0.12389	-1.0873	0.08407	-0.00767	-113.5554	84.07	-52.88279	28.92778	310
0.08407	2.55757	4.40291	-0.49864	-1.33102	0.08407	-0.03128	-139.735	84.07	-215.668	28.92778	315
0.08407	2.6336	4.403	-0.79686	-1.56	0.08407	-0.05008	-164.47576	84.07	-345.28943	28.92778	320
0.08407	2.70052	4.40309	-1.03129	-1.78991	0.08407	-0.06485	-189.45782	84.07	-447.12499	28.92778	325
0.08407	2.76171	4.40319	-1.20283	-2.0294	0.08407	-0.07566	-215.63089	84.07	-521.65731	28.92778	330
0.08407	2.8171	4.40293	-1.31722	-2.28994	0.08407	-0.08287	-244.27834	84.07	-571.36851	28.92778	335
0.08407	2.8597	4.40275	-1.36346	-2.53319	0.08407	-0.08578	-271.18826	84.07	-591.43226	28.92778	340
0.08407	2.89196	4.403	-1.35371	-2.77624	0.08407	-0.08517	-298.23381	84.07	-587.22645	28.92778	345
0.08407	2.9117	4.37532	-1.31299	-2.98554	0.08407	-0.0826	-321.65017	84.07	-569.50693	28.92778	350
0.08407	2.91819	4.24027	-1.27339	-3.07424	0.08407	-0.08011	-331.60916	84.07	-552.33898	28.92778	355
