VARIABLES = "x","cf"
ZONE T="CFL3D"
 -2.454554749E+01 0.000000000E+00
 -2.409935760E+01 0.000000000E+00
 -2.366127586E+01 0.000000000E+00
 -2.323115921E+01 0.000000000E+00
 -2.280886269E+01 0.000000000E+00
 -2.239424133E+01 0.000000000E+00
 -2.198715591E+01 0.000000000E+00
 -2.158747101E+01 9.740042747E-31
 -2.119505310E+01 0.000000000E+00
 -2.080976677E+01 0.000000000E+00
 -2.043148422E+01 0.000000000E+00
 -2.006007957E+01 0.000000000E+00
 -1.969542503E+01 0.000000000E+00
 -1.933740044E+01 0.000000000E+00
 -1.898588371E+01 0.000000000E+00
 -1.864075470E+01 0.000000000E+00
 -1.830190277E+01 0.000000000E+00
 -1.796920776E+01 0.000000000E+00
 -1.764256096E+01 0.000000000E+00
 -1.732185364E+01 0.000000000E+00
 -1.700697517E+01 0.000000000E+00
 -1.669782066E+01 0.000000000E+00
 -1.639428520E+01 0.000000000E+00
 -1.609626770E+01 0.000000000E+00
 -1.580366802E+01 0.000000000E+00
 -1.551638699E+01 0.000000000E+00
 -1.523432827E+01 0.000000000E+00
 -1.495739651E+01 0.000000000E+00
 -1.468549919E+01 0.000000000E+00
 -1.441854382E+01 0.000000000E+00
 -1.415644169E+01 0.000000000E+00
 -1.389910412E+01 0.000000000E+00
 -1.364644432E+01 0.000000000E+00
 -1.339837646E+01 0.000000000E+00
 -1.315481949E+01 0.000000000E+00
 -1.291568851E+01 0.000000000E+00
 -1.268090534E+01 0.000000000E+00
 -1.245038986E+01 0.000000000E+00
 -1.222406483E+01 0.000000000E+00
 -1.200185299E+01 0.000000000E+00
 -1.178368187E+01 0.000000000E+00
 -1.156947613E+01 1.160224615E-28
 -1.135916328E+01 0.000000000E+00
 -1.115267467E+01 0.000000000E+00
 -1.094993877E+01 0.000000000E+00
 -1.075088882E+01 2.496107764E-28
 -1.055545712E+01 0.000000000E+00
 -1.036357784E+01 0.000000000E+00
 -1.017518616E+01 0.000000000E+00
 -9.990220070E+00 0.000000000E+00
 -9.808614731E+00 0.000000000E+00
 -9.630311966E+00 0.000000000E+00
 -9.455249786E+00 0.000000000E+00
 -9.283370018E+00 0.000000000E+00
 -9.114614487E+00 0.000000000E+00
 -8.948925972E+00 0.000000000E+00
 -8.786250114E+00 0.000000000E+00
 -8.626531601E+00 0.000000000E+00
 -8.469716072E+00 0.000000000E+00
 -8.315751076E+00 0.000000000E+00
 -8.164585114E+00 0.000000000E+00
 -8.016166687E+00 0.000000000E+00
 -7.870445728E+00 0.000000000E+00
 -7.727374077E+00 0.000000000E+00
 -7.586903095E+00 0.000000000E+00
 -7.448986053E+00 0.000000000E+00
 -7.313575268E+00 0.000000000E+00
 -7.180626392E+00 0.000000000E+00
 -7.050094128E+00 0.000000000E+00
 -6.921934605E+00 0.000000000E+00
 -6.796104908E+00 0.000000000E+00
 -6.672562599E+00 0.000000000E+00
 -6.551265717E+00 0.000000000E+00
 -6.432173729E+00 0.000000000E+00
 -6.315246582E+00 0.000000000E+00
 -6.200444698E+00 0.000000000E+00
 -6.087729931E+00 0.000000000E+00
 -5.977064133E+00 0.000000000E+00
 -5.868409634E+00 0.000000000E+00
 -5.761730671E+00 0.000000000E+00
 -5.656990528E+00 0.000000000E+00
 -5.554154396E+00 0.000000000E+00
 -5.453187466E+00 0.000000000E+00
 -5.354055882E+00 0.000000000E+00
 -5.256726265E+00 0.000000000E+00
 -5.161166191E+00 0.000000000E+00
 -5.067342758E+00 0.000000000E+00
 -4.975224972E+00 0.000000000E+00
 -4.884781361E+00 0.000000000E+00
 -4.795981884E+00 0.000000000E+00
 -4.708796501E+00 0.000000000E+00
 -4.623196125E+00 0.000000000E+00
 -4.539151669E+00 0.000000000E+00
 -4.456634998E+00 0.000000000E+00
 -4.375617981E+00 0.000000000E+00
 -4.296073914E+00 0.000000000E+00
 -4.217975616E+00 0.000000000E+00
 -4.141296864E+00 0.000000000E+00
 -4.066011906E+00 0.000000000E+00
 -3.992095470E+00 0.000000000E+00
 -3.919522524E+00 0.000000000E+00
 -3.848268747E+00 0.000000000E+00
 -3.778310299E+00 0.000000000E+00
 -3.709623337E+00 0.000000000E+00
 -3.642184973E+00 0.000000000E+00
 -3.575972319E+00 0.000000000E+00
 -3.510963202E+00 0.000000000E+00
 -3.447135687E+00 0.000000000E+00
 -3.384468317E+00 0.000000000E+00
 -3.322940111E+00 0.000000000E+00
 -3.262530327E+00 0.000000000E+00
 -3.203218460E+00 0.000000000E+00
 -3.144984961E+00 0.000000000E+00
 -3.087809563E+00 0.000000000E+00
 -3.031673670E+00 0.000000000E+00
 -2.976557970E+00 0.000000000E+00
 -2.922444105E+00 0.000000000E+00
 -2.869313717E+00 0.000000000E+00
 -2.817149162E+00 0.000000000E+00
 -2.765932560E+00 0.000000000E+00
 -2.715646982E+00 0.000000000E+00
 -2.666275501E+00 0.000000000E+00
 -2.617801189E+00 0.000000000E+00
 -2.570208073E+00 0.000000000E+00
 -2.523479939E+00 0.000000000E+00
 -2.477601051E+00 0.000000000E+00
 -2.432555914E+00 0.000000000E+00
 -2.388329744E+00 0.000000000E+00
 -2.344907045E+00 0.000000000E+00
 -2.302273989E+00 0.000000000E+00
 -2.260415554E+00 0.000000000E+00
 -2.219317675E+00 0.000000000E+00
 -2.178966999E+00 0.000000000E+00
 -2.139349699E+00 0.000000000E+00
 -2.100452185E+00 0.000000000E+00
 -2.062261820E+00 0.000000000E+00
 -2.024765491E+00 0.000000000E+00
 -1.987950563E+00 0.000000000E+00
 -1.951804757E+00 0.000000000E+00
 -1.916315794E+00 0.000000000E+00
 -1.881471753E+00 0.000000000E+00
 -1.847261071E+00 0.000000000E+00
 -1.813671947E+00 0.000000000E+00
 -1.780693293E+00 0.000000000E+00
 -1.748314023E+00 0.000000000E+00
 -1.716523051E+00 0.000000000E+00
 -1.685309887E+00 0.000000000E+00
 -1.654663801E+00 0.000000000E+00
 -1.624574780E+00 0.000000000E+00
 -1.595032454E+00 0.000000000E+00
 -1.566026926E+00 0.000000000E+00
 -1.537548423E+00 0.000000000E+00
 -1.509587407E+00 0.000000000E+00
 -1.482134581E+00 0.000000000E+00
 -1.455180407E+00 0.000000000E+00
 -1.428716063E+00 0.000000000E+00
 -1.402732611E+00 2.357749199E-25
 -1.377221227E+00 0.000000000E+00
 -1.352173448E+00 0.000000000E+00
 -1.327580571E+00 0.000000000E+00
 -1.303434610E+00 0.000000000E+00
 -1.279727340E+00 5.147603862E-25
 -1.256450772E+00 5.238440209E-25
 -1.233597040E+00 0.000000000E+00
 -1.211158514E+00 0.000000000E+00
 -1.189127684E+00 0.000000000E+00
 -1.167496920E+00 0.000000000E+00
 -1.146259189E+00 0.000000000E+00
 -1.125407219E+00 0.000000000E+00
 -1.104933977E+00 0.000000000E+00
 -1.084832668E+00 0.000000000E+00
 -1.065096498E+00 0.000000000E+00
 -1.045718670E+00 0.000000000E+00
 -1.026692867E+00 0.000000000E+00
 -1.008012652E+00 0.000000000E+00
 -9.716637135E-01 0.000000000E+00
 -9.539828300E-01 0.000000000E+00
 -9.366229773E-01 0.000000000E+00
 -9.195784330E-01 0.000000000E+00
 -9.028432965E-01 0.000000000E+00
 -8.864120841E-01 0.000000000E+00
 -8.702791333E-01 0.000000000E+00
 -8.544391394E-01 0.000000000E+00
 -8.388866782E-01 0.000000000E+00
 -8.236165643E-01 0.000000000E+00
 -8.086236715E-01 0.000000000E+00
 -7.939029336E-01 0.000000000E+00
 -7.794493437E-01 8.205854396E-25
 -7.652581334E-01 0.000000000E+00
 -7.513244748E-01 0.000000000E+00
 -7.376436591E-01 8.634531272E-25
 -7.242110968E-01 8.781937821E-25
 -7.110222578E-01 0.000000000E+00
 -6.980727911E-01 0.000000000E+00
 -6.853582263E-01 0.000000000E+00
 -6.728742719E-01 0.000000000E+00
 -6.606168747E-01 0.000000000E+00
 -6.485817432E-01 0.000000000E+00
 -6.367649436E-01 0.000000000E+00
 -6.251624227E-01 0.000000000E+00
 -6.137703061E-01 0.000000000E+00
 -6.025847793E-01 0.000000000E+00
 -5.916020870E-01 0.000000000E+00
 -5.808184743E-01 0.000000000E+00
 -5.702303052E-01 0.000000000E+00
 -5.598340631E-01 0.000000000E+00
 -5.496262908E-01 0.000000000E+00
 -5.396034718E-01 0.000000000E+00
 -5.297622681E-01 0.000000000E+00
 -5.200993419E-01 0.000000000E+00
 -5.106114745E-01 0.000000000E+00
 -5.012954473E-01 0.000000000E+00
 -4.921481311E-01 0.000000000E+00
 -4.831664860E-01 0.000000000E+00
 -4.743474126E-01 0.000000000E+00
 -4.656880200E-01 0.000000000E+00
 -4.571853280E-01 0.000000000E+00
 -4.488365352E-01 0.000000000E+00
 -4.406387806E-01 0.000000000E+00
 -4.325893521E-01 0.000000000E+00
 -4.246855080E-01 0.000000000E+00
 -4.169245660E-01 0.000000000E+00
 -4.093039930E-01 0.000000000E+00
 -4.018211365E-01 0.000000000E+00
 -3.944735229E-01 0.000000000E+00
 -3.872586787E-01 0.000000000E+00
 -3.801741898E-01 0.000000000E+00
 -3.732176125E-01 0.000000000E+00
 -3.663866818E-01 0.000000000E+00
 -3.596790433E-01 0.000000000E+00
 -3.530924618E-01 0.000000000E+00
 -3.466247022E-01 0.000000000E+00
 -3.402736187E-01 0.000000000E+00
 -3.340370655E-01 0.000000000E+00
 -3.279129267E-01 0.000000000E+00
 -3.218991458E-01 0.000000000E+00
 -3.159936965E-01 0.000000000E+00
 -3.101946115E-01 0.000000000E+00
 -3.044999242E-01 0.000000000E+00
 -2.989077270E-01 0.000000000E+00
 -2.934161127E-01 0.000000000E+00
 -2.880232632E-01 0.000000000E+00
 -2.827273309E-01 0.000000000E+00
 -2.775265872E-01 0.000000000E+00
 -2.724192142E-01 0.000000000E+00
 -2.674035430E-01 0.000000000E+00
 -2.624778748E-01 0.000000000E+00
 -2.576405406E-01 0.000000000E+00
 -2.528899014E-01 0.000000000E+00
 -2.482243925E-01 0.000000000E+00
 -2.436424345E-01 0.000000000E+00
 -2.391424626E-01 0.000000000E+00
 -2.347229719E-01 0.000000000E+00
 -2.303824872E-01 0.000000000E+00
 -2.261195332E-01 0.000000000E+00
 -2.219326943E-01 0.000000000E+00
 -2.178205401E-01 0.000000000E+00
 -2.137816995E-01 0.000000000E+00
 -2.098148018E-01 0.000000000E+00
 -2.059185207E-01 0.000000000E+00
 -2.020915598E-01 0.000000000E+00
 -1.983325928E-01 0.000000000E+00
 -1.946403831E-01 0.000000000E+00
 -1.910136938E-01 0.000000000E+00
 -1.874512732E-01 0.000000000E+00
 -1.839519590E-01 0.000000000E+00
 -1.805145442E-01 0.000000000E+00
 -1.771378815E-01 0.000000000E+00
 -1.738208532E-01 0.000000000E+00
 -1.705623120E-01 0.000000000E+00
 -1.673611701E-01 0.000000000E+00
 -1.642163694E-01 0.000000000E+00
 -1.611268222E-01 0.000000000E+00
 -1.580915153E-01 0.000000000E+00
 -1.551094055E-01 0.000000000E+00
 -1.521795094E-01 0.000000000E+00
 -1.493008286E-01 0.000000000E+00
 -1.464723945E-01 0.000000000E+00
 -1.436932534E-01 0.000000000E+00
 -1.409624815E-01 0.000000000E+00
 -1.382791400E-01 0.000000000E+00
 -1.356423497E-01 0.000000000E+00
 -1.330512166E-01 0.000000000E+00
 -1.305048466E-01 0.000000000E+00
 -1.280024052E-01 0.000000000E+00
 -1.255430430E-01 0.000000000E+00
 -1.231259406E-01 0.000000000E+00
 -1.207502708E-01 0.000000000E+00
 -1.184152439E-01 0.000000000E+00
 -1.161200702E-01 0.000000000E+00
 -1.138639748E-01 0.000000000E+00
 -1.116462052E-01 0.000000000E+00
 -1.094660088E-01 0.000000000E+00
 -1.073226556E-01 0.000000000E+00
 -1.052154228E-01 0.000000000E+00
 -1.031436026E-01 0.000000000E+00
 -1.011064947E-01 0.000000000E+00
 -9.910341352E-02 0.000000000E+00
 -9.713368863E-02 0.000000000E+00
 -9.519665688E-02 0.000000000E+00
 -9.329166263E-02 0.000000000E+00
 -9.141806513E-02 0.000000000E+00
 -8.957523853E-02 0.000000000E+00
 -8.776255697E-02 0.000000000E+00
 -8.597940952E-02 0.000000000E+00
 -8.422520012E-02 0.000000000E+00
 -8.249934018E-02 0.000000000E+00
 -8.080124855E-02 0.000000000E+00
 -7.913035154E-02 0.000000000E+00
 -7.748608291E-02 0.000000000E+00
 -7.586789131E-02 0.000000000E+00
 -7.427524030E-02 0.000000000E+00
 -7.270757854E-02 0.000000000E+00
 -7.116439939E-02 0.000000000E+00
 -6.964515895E-02 0.000000000E+00
 -6.814936548E-02 0.000000000E+00
 -6.667650491E-02 0.000000000E+00
 -6.522608548E-02 0.000000000E+00
 -6.379762292E-02 0.000000000E+00
 -6.239062548E-02 0.000000000E+00
 -6.100463122E-02 0.000000000E+00
 -5.963916704E-02 0.000000000E+00
 -5.829377472E-02 0.000000000E+00
 -5.696799979E-02 0.000000000E+00
 -5.566140264E-02 0.000000000E+00
 -5.437353626E-02 0.000000000E+00
 -5.310396850E-02 0.000000000E+00
 -5.185227469E-02 0.000000000E+00
 -5.061803013E-02 0.000000000E+00
 -4.940082505E-02 1.233538248E-23
 -4.820024595E-02 0.000000000E+00
 -4.701588675E-02 0.000000000E+00
 -4.584735259E-02 0.000000000E+00
 -4.469424859E-02 0.000000000E+00
 -4.355618730E-02 0.000000000E+00
 -4.243278503E-02 0.000000000E+00
 -4.132366180E-02 0.000000000E+00
 -4.022844881E-02 0.000000000E+00
 -3.914677724E-02 1.357801905E-23
 -3.807827830E-02 0.000000000E+00
 -3.702259436E-02 0.000000000E+00
 -3.597937152E-02 0.000000000E+00
 -3.494825587E-02 0.000000000E+00
 -3.392890468E-02 0.000000000E+00
 -3.292097151E-02 0.000000000E+00
 -3.192412108E-02 0.000000000E+00
 -3.093801253E-02 0.000000000E+00
 -2.996231616E-02 0.000000000E+00
 -2.899670415E-02 0.000000000E+00
 -2.804085240E-02 0.000000000E+00
 -2.615714073E-02 0.000000000E+00
 -2.522864752E-02 0.000000000E+00
 -2.430864610E-02 0.000000000E+00
 -2.339682542E-02 0.000000000E+00
 -2.249288000E-02 0.000000000E+00
 -2.159650251E-02 0.000000000E+00
 -2.070739679E-02 0.000000000E+00
 -1.982525736E-02 0.000000000E+00
 -1.894979179E-02 0.000000000E+00
 -1.808070391E-02 0.000000000E+00
 -1.721770130E-02 0.000000000E+00
 -1.636049338E-02 0.000000000E+00
 -1.550879143E-02 0.000000000E+00
 -1.466230955E-02 0.000000000E+00
 -1.382076181E-02 0.000000000E+00
 -1.298386604E-02 0.000000000E+00
 -1.215134002E-02 0.000000000E+00
 -1.132290438E-02 0.000000000E+00
 -1.049827877E-02 0.000000000E+00
 -9.677186608E-03 7.644445874E-23
 -8.859351277E-03 0.000000000E+00
 -8.044498041E-03 0.000000000E+00
 -7.232351694E-03 0.000000000E+00
 -6.422639824E-03 0.000000000E+00
 -5.615089089E-03 0.000000000E+00
 -4.809428938E-03 0.000000000E+00
 -4.005386960E-03 0.000000000E+00
 -3.202693071E-03 0.000000000E+00
 -2.401077189E-03 0.000000000E+00
 -1.600269228E-03 0.000000000E+00
 -7.999999798E-04 0.000000000E+00
 2.780639759E-16 1.704540849E-02
 7.999999798E-04 2.185588889E-02
 1.606264967E-03 8.567488752E-03
 2.418837277E-03 7.303910330E-03
 3.237759229E-03 6.604711991E-03
 4.063073546E-03 6.108923350E-03
 4.894822836E-03 5.734571721E-03
 5.733050406E-03 5.432315636E-03
 6.577799562E-03 5.181177985E-03
 7.429112680E-03 4.967898596E-03
 8.287033997E-03 4.784426186E-03
 9.151606821E-03 4.624999594E-03
 1.002287492E-02 4.485454410E-03
 1.090088207E-02 4.362637643E-03
 1.178567298E-02 4.254151601E-03
 1.267729141E-02 4.158155993E-03
 1.357578207E-02 4.073242191E-03
 1.448118873E-02 3.998338711E-03
 1.539355703E-02 3.932646941E-03
 1.631293073E-02 3.875593189E-03
 1.723935641E-02 3.826792352E-03
 1.817287691E-02 3.786017885E-03
 1.911354065E-02 3.753175959E-03
 2.006139047E-02 3.728278680E-03
 2.101647109E-02 3.711411497E-03
 2.197883092E-02 3.702692222E-03
 2.294851467E-02 3.702217247E-03
 2.392556891E-02 3.709991695E-03
 2.491003834E-02 3.725849325E-03
 2.590196952E-02 3.749374533E-03
 2.690140903E-02 3.779846476E-03
 2.790840343E-02 3.816224867E-03
 2.892299928E-02 3.857184900E-03
 2.994524129E-02 3.901202232E-03
 3.097517975E-02 3.946670331E-03
 3.201285750E-02 3.992029931E-03
 3.305832669E-02 4.035884980E-03
 3.411163017E-02 4.077084828E-03
 3.517281637E-02 4.114765208E-03
 3.624192998E-02 4.148355685E-03
 3.731902316E-02 4.177545663E-03
 3.840414062E-02 4.202242941E-03
 3.949733078E-02 4.222525749E-03
 4.059864208E-02 4.238603637E-03
 4.170811921E-02 4.250776488E-03
 4.282581061E-02 4.259402864E-03
 4.395176470E-02 4.264870659E-03
 4.508602992E-02 4.267568234E-03
 4.622865468E-02 4.267868586E-03
 4.737968370E-02 4.266121425E-03
 4.853916913E-02 4.262644332E-03
 4.970715567E-02 4.257720429E-03
 5.088369548E-02 4.251598846E-03
 5.206883326E-02 4.244499374E-03
 5.326262116E-02 4.236611072E-03
 5.446510017E-02 4.228094593E-03
 5.567632616E-02 4.219085444E-03
 5.689634383E-02 4.209698644E-03
 5.812519789E-02 4.200029187E-03
 5.936294422E-02 4.190156702E-03
 6.060962752E-02 4.180147313E-03
 6.186529621E-02 4.170053639E-03
 6.312999874E-02 4.159920849E-03
 6.440377980E-02 4.149783403E-03
 6.568669528E-02 4.139669240E-03
 6.697878242E-02 4.129599780E-03
 6.828010082E-02 4.119592253E-03
 6.959069520E-02 4.109659698E-03
 7.091061771E-02 4.099811893E-03
 7.223990560E-02 4.090054426E-03
 7.357861102E-02 4.080391955E-03
 7.492678612E-02 4.070825875E-03
 7.628447562E-02 4.061356187E-03
 7.765173167E-02 4.051982425E-03
 7.902859896E-02 4.042702727E-03
 8.041512221E-02 4.033514764E-03
 8.181135356E-02 4.024415277E-03
 8.321733773E-02 4.015400074E-03
 8.463312685E-02 4.006466363E-03
 8.605875820E-02 3.997609485E-03
 8.749429882E-02 3.988826182E-03
 8.893977106E-02 3.980112262E-03
 9.039524198E-02 3.971463535E-03
 9.186074883E-02 3.962876275E-03
 9.333634377E-02 3.954347689E-03
 9.482206404E-02 3.945873585E-03
 9.631796926E-02 3.937451169E-03
 9.782408923E-02 3.929077648E-03
 9.934049100E-02 3.920749761E-03
 1.008672044E-01 3.912465181E-03
 1.024042815E-01 3.904221812E-03
 1.039517671E-01 3.896017326E-03
 1.055097058E-01 3.887849860E-03
 1.070781425E-01 3.879717551E-03
 1.086571217E-01 3.871618770E-03
 1.102466956E-01 3.863551887E-03
 1.118469015E-01 3.855515970E-03
 1.134577915E-01 3.847509623E-03
 1.150793955E-01 3.839531681E-03
 1.167117655E-01 3.831580980E-03
 1.183549538E-01 3.823657054E-03
 1.200089902E-01 3.815758508E-03
 1.216739267E-01 3.807884641E-03
 1.233498007E-01 3.800034989E-03
 1.250366569E-01 3.792208387E-03
 1.267345399E-01 3.784404602E-03
 1.284434944E-01 3.776622936E-03
 1.301635504E-01 3.768862458E-03
 1.318947524E-01 3.761122702E-03
 1.336371601E-01 3.753402969E-03
 1.353907883E-01 3.745702794E-03
 1.371556818E-01 3.738021711E-03
 1.389319003E-01 3.730359022E-03
 1.407194734E-01 3.722713795E-03
 1.425184160E-01 3.715086030E-03
 1.443288028E-01 3.707474796E-03
 1.461506635E-01 3.699879395E-03
 1.479840279E-01 3.692299360E-03
 1.498289257E-01 3.684733994E-03
 1.516854167E-01 3.677182598E-03
 1.535535157E-01 3.669644706E-03
 1.554332823E-01 3.662119387E-03
 1.573247313E-01 3.654605942E-03
 1.592279077E-01 3.647104139E-03
 1.611428410E-01 3.639612580E-03
 1.630695611E-01 3.632130800E-03
 1.650081277E-01 3.624657867E-03
 1.669585407E-01 3.617193317E-03
 1.689208597E-01 3.609735984E-03
 1.708951145E-01 3.602285171E-03
 1.728813201E-01 3.594840178E-03
 1.748795062E-01 3.587399609E-03
 1.768897325E-01 3.579962999E-03
 1.789119989E-01 3.572528949E-03
 1.809463501E-01 3.565096762E-03
 1.829928160E-01 3.557665739E-03
 1.850514114E-01 3.550234251E-03
 1.871221811E-01 3.542801365E-03
 1.892051548E-01 3.535365686E-03
 1.913003325E-01 3.527924651E-03
 1.934077740E-01 3.520475468E-03
 1.955274791E-01 3.513015574E-03
 1.976594776E-01 3.505528672E-03
 1.998037994E-01 3.498038277E-03
 2.041295022E-01 3.483192762E-03
 2.063109279E-01 3.475700971E-03
 2.085047662E-01 3.468166105E-03
 2.107110322E-01 3.460621461E-03
 2.129297554E-01 3.453061916E-03
 2.151609361E-01 3.445485141E-03
 2.174046040E-01 3.437888576E-03
 2.196607888E-01 3.430269426E-03
 2.219294906E-01 3.422625130E-03
 2.242107242E-01 3.414952895E-03
 2.265045196E-01 3.407250857E-03
 2.288108766E-01 3.399516223E-03
 2.311298251E-01 3.391746664E-03
 2.334613651E-01 3.383939387E-03
 2.358054966E-01 3.376091598E-03
 2.381622493E-01 3.368200501E-03
 2.405316383E-01 3.360263072E-03
 2.429136485E-01 3.352275817E-03
 2.453083098E-01 3.344235243E-03
 2.477156222E-01 3.336137626E-03
 2.501356006E-01 3.327979473E-03
 2.525682449E-01 3.319756361E-03
 2.550135255E-01 3.311464097E-03
 2.574715018E-01 3.303097794E-03
 2.599421442E-01 3.294651862E-03
 2.624254823E-01 3.286121180E-03
 2.649214864E-01 3.277499694E-03
 2.674301565E-01 3.268781584E-03
 2.699515224E-01 3.259959631E-03
 2.724855542E-01 3.251026385E-03
 2.750322521E-01 3.241973696E-03
 2.775916159E-01 3.232792253E-03
 2.801636457E-01 3.223472275E-03
 2.827483416E-01 3.214003053E-03
 2.853456736E-01 3.204372246E-03
 2.879556417E-01 3.194565186E-03
 2.905782461E-01 3.184564644E-03
 2.932134569E-01 3.174350364E-03
 2.958613038E-01 3.163897200E-03
 2.985217273E-01 3.153176280E-03
 3.011947274E-01 3.142155008E-03
 3.038803041E-01 3.130810568E-03
 3.065784574E-01 3.119146684E-03
 3.092890978E-01 3.107182914E-03
 3.120122850E-01 3.094942309E-03
 3.147479594E-01 3.082446754E-03
 3.174961209E-01 3.069716971E-03
 3.202567399E-01 3.056772752E-03
 3.230297565E-01 3.043632954E-03
 3.258152306E-01 3.030316904E-03
 3.286130428E-01 3.016841365E-03
 3.314232230E-01 3.003227524E-03
 3.342457414E-01 2.989515197E-03
 3.370805681E-01 2.975718584E-03
 3.399276435E-01 2.961820457E-03
 3.427869678E-01 2.947843634E-03
 3.456584811E-01 2.933801385E-03
 3.485421836E-01 2.919752616E-03
 3.514380157E-01 2.905771369E-03
 3.543459177E-01 2.891794778E-03
 3.572659194E-01 2.877768129E-03
 3.601979017E-01 2.863806440E-03
 3.631418645E-01 2.850047080E-03
 3.660977483E-01 2.836396918E-03
 3.690654933E-01 2.822730225E-03
 3.720450699E-01 2.809324302E-03
 3.750364482E-01 2.796274377E-03
 3.780395389E-01 2.783229342E-03
 3.810542822E-01 2.770505147E-03
 3.840806186E-01 2.758259885E-03
 3.871185184E-01 2.746139187E-03
 3.901678622E-01 2.734516282E-03
 3.932286203E-01 2.723249607E-03
 3.963007331E-01 2.712406451E-03
 3.993840814E-01 2.702274825E-03
 4.024785757E-01 2.692489419E-03
 4.055841863E-01 2.683312399E-03
 4.087007940E-01 2.674763091E-03
 4.118283093E-01 2.666840097E-03
 4.149666429E-01 2.659651451E-03
 4.181156456E-01 2.653146163E-03
 4.212752879E-01 2.647457877E-03
 4.244453907E-01 2.642509062E-03
 4.276258647E-01 2.638452454E-03
 4.308166206E-01 2.635195386E-03
 4.340174794E-01 2.632869640E-03
 4.372283220E-01 2.631517127E-03
 4.404490292E-01 2.630997915E-03
 4.436794519E-01 2.631708747E-03
 4.469194710E-01 2.633172320E-03
 4.501688778E-01 2.635718556E-03
 4.534275532E-01 2.639453625E-03
 4.566953778E-01 2.643993823E-03
 4.599721134E-01 2.649987815E-03
 4.632576406E-01 2.656830708E-03
 4.665518105E-01 2.664638218E-03
 4.698544145E-01 2.674112096E-03
 4.731652737E-01 2.684335923E-03
 4.764842689E-01 2.695519943E-03
 4.798111618E-01 2.708381508E-03
 4.831458032E-01 2.722230274E-03
 4.864880145E-01 2.736851340E-03
 4.898376465E-01 2.752992325E-03
 4.931944907E-01 2.770600375E-03
 4.965583980E-01 2.788936486E-03
 4.999292195E-01 2.808302175E-03
 5.033067465E-01 2.829284174E-03
 5.066908002E-01 2.851518104E-03
 5.100812912E-01 2.874577185E-03
 5.134780407E-01 2.898618113E-03
 5.168808699E-01 2.924161032E-03
 5.202897191E-01 2.951163333E-03
 5.237043500E-01 2.978966339E-03
 5.271247625E-01 3.007670399E-03
 5.305507779E-01 3.037517425E-03
 5.339823365E-01 3.068711376E-03
 5.374191999E-01 3.101238515E-03
 5.408614874E-01 3.134567291E-03
 5.443089604E-01 3.168791765E-03
 5.477616787E-01 3.204122884E-03
 5.512195230E-01 3.240499180E-03
 5.546824932E-01 3.278097836E-03
 5.581504703E-01 3.316859948E-03
 5.616235137E-01 3.356447909E-03
 5.651015639E-01 3.396927845E-03
 5.685847402E-01 3.438422689E-03
 5.720728636E-01 3.480884945E-03
 5.755661130E-01 3.524303669E-03
 5.790644884E-01 3.568669781E-03
 5.825679898E-01 3.613989335E-03
 5.860767365E-01 3.660170594E-03
 5.895906687E-01 3.707113443E-03
 5.931099653E-01 3.754829755E-03
 5.966346264E-01 3.803314874E-03
 6.001648307E-01 3.852517344E-03
 6.037005186E-01 3.902385943E-03
 6.072419286E-01 3.952868748E-03
 6.107890606E-01 4.003905691E-03
 6.143419743E-01 4.055431113E-03
 6.179008484E-01 4.107371904E-03
 6.214657426E-01 4.159646109E-03
 6.250367761E-01 4.212169442E-03
 6.286140084E-01 4.264850635E-03
 6.321974993E-01 4.317587707E-03
 6.357874274E-01 4.370274954E-03
 6.393837333E-01 4.422795959E-03
 6.429865360E-01 4.475020804E-03
 6.465959549E-01 4.526821431E-03
 6.502119303E-01 4.578061868E-03
 6.538345814E-01 4.628585652E-03
 6.574639082E-01 4.678232595E-03
 6.610997915E-01 4.726848099E-03
 6.647424102E-01 4.774262197E-03
 6.683915854E-01 4.820291419E-03
 6.720473170E-01 4.864759743E-03
 6.757094860E-01 4.907482769E-03
 6.793780923E-01 4.948275629E-03
 6.830529571E-01 4.986963235E-03
 6.867339015E-01 5.023363512E-03
 6.904208660E-01 5.057283677E-03
 6.941135526E-01 5.088543519E-03
 6.978118420E-01 5.116431508E-03
 7.015154362E-01 5.140797701E-03
 7.052240968E-01 5.162391812E-03
 7.089375854E-01 5.180925131E-03
 7.126555443E-01 5.195889156E-03
 7.163776159E-01 5.207227543E-03
 7.201035023E-01 5.214849021E-03
 7.238328457E-01 5.218320061E-03
 7.275652289E-01 5.217072088E-03
 7.313002348E-01 5.211789627E-03
 7.350375056E-01 5.203188397E-03
 7.387765050E-01 5.190818571E-03
 7.425169349E-01 5.174363963E-03
 7.462582588E-01 5.154013168E-03
 7.537417412E-01 5.099864211E-03
 7.574830651E-01 5.068040453E-03
 7.612234950E-01 5.033366382E-03
 7.649624944E-01 4.995199386E-03
 7.686997652E-01 4.953921773E-03
 7.724347711E-01 4.909335636E-03
 7.761671543E-01 4.861074500E-03
 7.798964977E-01 4.809577484E-03
 7.836223841E-01 4.754938185E-03
 7.873444557E-01 4.696223885E-03
 7.910624146E-01 4.632979166E-03
 7.947759032E-01 4.565344658E-03
 7.984845638E-01 4.493739922E-03
 8.021881580E-01 4.418296274E-03
 8.058864474E-01 4.339411855E-03
 8.095791340E-01 4.258338362E-03
 8.132660985E-01 4.175502807E-03
 8.169470429E-01 4.090912640E-03
 8.206219077E-01 4.004958086E-03
 8.242905140E-01 3.917967435E-03
 8.279526830E-01 3.830275498E-03
 8.316084146E-01 3.742202884E-03
 8.352575898E-01 3.654053668E-03
 8.389002085E-01 3.566115862E-03
 8.425360918E-01 3.478666302E-03
 8.461654186E-01 3.391962964E-03
 8.497880697E-01 3.306254512E-03
 8.534040451E-01 3.221778432E-03
 8.570134640E-01 3.138753586E-03
 8.606162667E-01 3.057377180E-03
 8.642125726E-01 2.977838507E-03
 8.678025007E-01 2.900317078E-03
 8.713859916E-01 2.824967261E-03
 8.749632239E-01 2.751927823E-03
 8.785342574E-01 2.681329148E-03
 8.820991516E-01 2.613287885E-03
 8.856580257E-01 2.547906479E-03
 8.892109394E-01 2.485266654E-03
 8.927580714E-01 2.425399842E-03
 8.962994814E-01 2.368225949E-03
 8.998351693E-01 2.313486300E-03
 9.033653736E-01 2.260951092E-03
 9.068900347E-01 2.210604958E-03
 9.104093313E-01 2.162545687E-03
 9.139232635E-01 2.116877120E-03
 9.174320102E-01 2.073686570E-03
 9.209355116E-01 2.033048775E-03
 9.244338870E-01 1.994960010E-03
 9.279271364E-01 1.959391404E-03
 9.314152598E-01 1.926344819E-03
 9.348984361E-01 1.895800582E-03
 9.383764863E-01 1.867738902E-03
 9.418495297E-01 1.842088182E-03
 9.453175068E-01 1.818871824E-03
 9.487804770E-01 1.798143610E-03
 9.522383213E-01 1.779710408E-03
 9.556910396E-01 1.763468725E-03
 9.591385126E-01 1.749444753E-03
 9.625808001E-01 1.737509272E-03
 9.660176635E-01 1.727698022E-03
 9.694492221E-01 1.720085857E-03
 9.728752375E-01 1.714368816E-03
 9.762956500E-01 1.710437005E-03
 9.797102809E-01 1.708254917E-03
 9.831191301E-01 1.707857358E-03
 9.865219593E-01 1.709338627E-03
 9.899187088E-01 1.712334808E-03
 9.933091998E-01 1.716655213E-03
 9.966932535E-01 1.722417888E-03
 1.000070810E+00 1.729707816E-03
 1.003441572E+00 1.738321269E-03
 1.006805539E+00 1.747896778E-03
 1.010162354E+00 1.758570434E-03
 1.013512015E+00 1.770538976E-03
 1.016854167E+00 1.783402869E-03
 1.020188808E+00 1.796925091E-03
 1.023515701E+00 1.811407157E-03
 1.026834726E+00 1.826797728E-03
 1.030145645E+00 1.842581085E-03
 1.033448219E+00 1.858995995E-03
 1.036742330E+00 1.876214636E-03
 1.040027857E+00 1.893618377E-03
 1.043304682E+00 1.911461120E-03
 1.046572447E+00 1.929808524E-03
 1.049831152E+00 1.948224381E-03
 1.053080559E+00 1.967018237E-03
 1.056320548E+00 1.985903829E-03
 1.059551001E+00 2.004855545E-03
 1.062771678E+00 2.024031710E-03
 1.065982580E+00 2.043081680E-03
 1.069183350E+00 2.062172396E-03
 1.072374105E+00 2.081157407E-03
 1.075554609E+00 2.099999692E-03
 1.078724742E+00 2.118717181E-03
 1.081884384E+00 2.137199510E-03
 1.085033417E+00 2.155485097E-03
 1.088171721E+00 2.173465211E-03
 1.091299176E+00 2.191176638E-03
 1.094415784E+00 2.208530903E-03
 1.097521424E+00 2.225552220E-03
 1.100615978E+00 2.242183080E-03
 1.103699327E+00 2.258378314E-03
 1.106771350E+00 2.274292521E-03
 1.109832168E+00 2.289637225E-03
 1.112881541E+00 2.304542344E-03
 1.115919352E+00 2.319014398E-03
 1.118945718E+00 2.332920441E-03
 1.121960521E+00 2.346490044E-03
 1.124963522E+00 2.359454986E-03
 1.127954960E+00 2.371863229E-03
 1.130934477E+00 2.383920131E-03
 1.133902311E+00 2.395386342E-03
 1.136858106E+00 2.406270243E-03
 1.139802098E+00 2.416738542E-03
 1.142734051E+00 2.426721621E-03
 1.145654082E+00 2.436134033E-03
 1.148561954E+00 2.445037011E-03
 1.151457787E+00 2.453511115E-03
 1.154341459E+00 2.461528871E-03
 1.157212973E+00 2.469038125E-03
 1.160072327E+00 2.476078225E-03
 1.162919402E+00 2.482690848E-03
 1.165754199E+00 2.488894155E-03
 1.168576717E+00 2.494711895E-03
 1.171386957E+00 2.500138246E-03
 1.174184799E+00 2.505186247E-03
 1.176970243E+00 2.509888727E-03
 1.179743290E+00 2.514269203E-03
 1.182503939E+00 2.518350957E-03
 1.185252070E+00 2.522159135E-03
 1.187987685E+00 2.525719814E-03
 1.190710902E+00 2.529061399E-03
 1.193421602E+00 2.532215323E-03
 1.196119666E+00 2.535215579E-03
 1.198805213E+00 2.538099186E-03
 1.201478243E+00 2.540905727E-03
 1.204138756E+00 2.543665469E-03
 1.206786513E+00 2.546390519E-03
 1.209421754E+00 2.549082739E-03
 1.212044358E+00 2.551741432E-03
 1.214654326E+00 2.554365667E-03
 1.217251658E+00 2.556954511E-03
 1.219836354E+00 2.559506800E-03
 1.222408414E+00 2.562021837E-03
 1.224967718E+00 2.564499155E-03
 1.227514505E+00 2.566938056E-03
 1.230048537E+00 2.569337841E-03
 1.232569814E+00 2.571698045E-03
 1.235078573E+00 2.574018203E-03
 1.237574458E+00 2.576298313E-03
 1.240057826E+00 2.578538144E-03
 1.242528439E+00 2.580737462E-03
 1.244986415E+00 2.582896268E-03
 1.247431755E+00 2.585014328E-03
 1.249864459E+00 2.587092109E-03
 1.252284408E+00 2.589129377E-03
 1.254691720E+00 2.591126598E-03
 1.257086396E+00 2.593083773E-03
 1.259468317E+00 2.595001366E-03
 1.261837721E+00 2.596879844E-03
 1.264194489E+00 2.598719206E-03
 1.266538620E+00 2.600520151E-03
 1.268870234E+00 2.602283377E-03
 1.271189094E+00 2.604008885E-03
 1.273495436E+00 2.605697839E-03
 1.275789261E+00 2.607350470E-03
 1.278070450E+00 2.608967712E-03
 1.280339241E+00 2.610550029E-03
 1.282595396E+00 2.612098819E-03
 1.284839034E+00 2.613615477E-03
 1.287070274E+00 2.615102334E-03
 1.289288998E+00 2.616563113E-03
 1.291495204E+00 2.617993159E-03
 1.293689013E+00 2.619406907E-03
 1.295870543E+00 2.620788524E-03
 1.300196171E+00 2.623218577E-03
 1.302340508E+00 2.624438610E-03
 1.304472566E+00 2.625676570E-03
 1.306592226E+00 2.626886591E-03
 1.308699608E+00 2.628069604E-03
 1.310794830E+00 2.629223745E-03
 1.312877774E+00 2.630349714E-03
 1.314948559E+00 2.631448442E-03
 1.317007184E+00 2.632520627E-03
 1.319053650E+00 2.633567434E-03
 1.321087956E+00 2.634589560E-03
 1.323110223E+00 2.635587938E-03
 1.325120449E+00 2.636562800E-03
 1.327118635E+00 2.637515310E-03
 1.329104900E+00 2.638445469E-03
 1.331079125E+00 2.639354439E-03
 1.333041430E+00 2.640242223E-03
 1.334991932E+00 2.641109750E-03
 1.336930394E+00 2.641957486E-03
 1.338857174E+00 2.642785665E-03
 1.340772152E+00 2.643595217E-03
 1.342675328E+00 2.644386142E-03
 1.344566703E+00 2.645159373E-03
 1.346446514E+00 2.645915141E-03
 1.348314643E+00 2.646653913E-03
 1.350171089E+00 2.647376154E-03
 1.352015972E+00 2.648082329E-03
 1.353849292E+00 2.648772905E-03
 1.355671167E+00 2.649448114E-03
 1.357481599E+00 2.650108654E-03
 1.359280586E+00 2.650754759E-03
 1.361068130E+00 2.651386894E-03
 1.362844348E+00 2.652005292E-03
 1.364609241E+00 2.652610419E-03
 1.366362810E+00 2.653202973E-03
 1.368105292E+00 2.653782954E-03
 1.369836450E+00 2.654350596E-03
 1.371556520E+00 2.654906828E-03
 1.373265505E+00 2.655451419E-03
 1.374963284E+00 2.655985067E-03
 1.376650214E+00 2.656508004E-03
 1.378326058E+00 2.657020465E-03
 1.379991055E+00 2.657523146E-03
 1.381645083E+00 2.658015816E-03
 1.383288264E+00 2.658499172E-03
 1.384920597E+00 2.658973448E-03
 1.386542201E+00 2.659438876E-03
 1.388153076E+00 2.659895690E-03
 1.389753342E+00 2.660344588E-03
 1.391342878E+00 2.660785336E-03
 1.392921805E+00 2.661218634E-03
 1.394490242E+00 2.661644481E-03
 1.396048188E+00 2.662063343E-03
 1.397595763E+00 2.662475221E-03
 1.399132848E+00 2.662880812E-03
 1.400659561E+00 2.663280116E-03
 1.402175903E+00 2.663673367E-03
 1.403681993E+00 2.664061030E-03
 1.405177951E+00 2.664443105E-03
 1.406663656E+00 2.664820058E-03
 1.408139229E+00 2.665192122E-03
 1.409604788E+00 2.665559528E-03
 1.411060214E+00 2.665922279E-03
 1.412505746E+00 2.666281071E-03
 1.413941264E+00 2.666635672E-03
 1.415366888E+00 2.666986780E-03
 1.416782618E+00 2.667334396E-03
 1.418188691E+00 2.667678753E-03
 1.419584870E+00 2.668020315E-03
 1.420971394E+00 2.668359084E-03
 1.422348261E+00 2.668695292E-03
 1.423715472E+00 2.669029403E-03
 1.425073266E+00 2.669361420E-03
 1.426421404E+00 2.669692039E-03
 1.427760124E+00 2.670020796E-03
 1.429089427E+00 2.670348622E-03
 1.430409312E+00 2.670675516E-03
 1.431719899E+00 2.671001479E-03
 1.433021188E+00 2.671327209E-03
 1.434313297E+00 2.671652939E-03
 1.435596228E+00 2.671978669E-03
 1.436869979E+00 2.672304632E-03
 1.438134670E+00 2.672631526E-03
 1.439390421E+00 2.672959352E-03
 1.440637112E+00 2.673288574E-03
 1.441874743E+00 2.673619427E-03
 1.443103671E+00 2.673952142E-03
 1.444323659E+00 2.674287185E-03
 1.445534945E+00 2.674625022E-03
 1.446737409E+00 2.674965886E-03
 1.447931170E+00 2.675310010E-03
 1.449116349E+00 2.675658092E-03
 1.450292826E+00 2.676010597E-03
 1.451460838E+00 2.676367527E-03
 1.452620268E+00 2.676729811E-03
 1.453771353E+00 2.677097684E-03
 1.454913974E+00 2.677472075E-03
 1.456048250E+00 2.677852986E-03
 1.457174182E+00 2.678241348E-03
 1.458291888E+00 2.678637858E-03
 1.459401369E+00 2.679043217E-03
 1.460502625E+00 2.679458121E-03
 1.461595893E+00 2.679883502E-03
 1.462680936E+00 2.680320060E-03
 1.463758111E+00 2.680769190E-03
 1.464827180E+00 2.681231359E-03
 1.465888381E+00 2.681708196E-03
 1.466941714E+00 2.682201099E-03
 1.467987180E+00 2.682710998E-03
 1.469024777E+00 2.683239989E-03
 1.470054746E+00 2.683789702E-03
 1.471076965E+00 2.684362000E-03
 1.472091556E+00 2.684959210E-03
 1.473098636E+00 2.685583662E-03
 1.474098086E+00 2.686238615E-03
 1.475089908E+00 2.686927095E-03
 1.476074457E+00 2.687652828E-03
 1.477051497E+00 2.688419772E-03
 1.478021145E+00 2.689233050E-03
 1.478983521E+00 2.690098481E-03
 1.479938626E+00 2.691022353E-03
 1.480886459E+00 2.692012815E-03
 1.481827140E+00 2.693079412E-03
 1.482760668E+00 2.694233786E-03
 1.483687043E+00 2.695489675E-03
 1.484606385E+00 2.696862444E-03
 1.485518813E+00 2.698368160E-03
 1.486424208E+00 2.700022655E-03
 1.487322688E+00 2.701842925E-03
 1.488214374E+00 2.703858772E-03
 1.489099145E+00 2.706141211E-03
 1.489977121E+00 2.708854619E-03
 1.490848422E+00 2.712315647E-03
 1.491712928E+00 2.716989489E-03
 1.492570877E+00 2.723259386E-03
 1.493422151E+00 2.730736043E-03
 1.494266987E+00 2.736831550E-03
 1.495105147E+00 2.734653652E-03
 1.495936871E+00 2.710655797E-03
 1.496762276E+00 2.644267399E-03
 1.497581124E+00 2.511766506E-03
 1.498393774E+00 2.307903022E-03
 1.499199986E+00 4.475663882E-03
 1.500000000E+00 3.369666636E-03
 1.500800014E+00 0.000000000E+00
 1.501600266E+00 0.000000000E+00
 1.502401114E+00 0.000000000E+00
 1.503202677E+00 0.000000000E+00
 1.504005432E+00 0.000000000E+00
 1.504809380E+00 0.000000000E+00
 1.505615115E+00 0.000000000E+00
 1.506422639E+00 0.000000000E+00
 1.507232308E+00 0.000000000E+00
 1.508044481E+00 0.000000000E+00
 1.508859396E+00 0.000000000E+00
 1.509677172E+00 0.000000000E+00
 1.510498285E+00 0.000000000E+00
 1.511322856E+00 0.000000000E+00
 1.512151361E+00 0.000000000E+00
 1.512983918E+00 0.000000000E+00
 1.513820767E+00 0.000000000E+00
 1.514662266E+00 0.000000000E+00
 1.515508771E+00 0.000000000E+00
 1.516360521E+00 0.000000000E+00
 1.517217755E+00 0.000000000E+00
 1.518080711E+00 0.000000000E+00
 1.518949747E+00 0.000000000E+00
 1.519825220E+00 0.000000000E+00
 1.520707369E+00 0.000000000E+00
 1.521596551E+00 0.000000000E+00
 1.522492886E+00 0.000000000E+00
 1.523396850E+00 0.000000000E+00
 1.524308681E+00 0.000000000E+00
 1.525228620E+00 0.000000000E+00
 1.526157141E+00 0.000000000E+00
 1.528040886E+00 0.000000000E+00
 1.528996706E+00 0.000000000E+00
 1.529962301E+00 0.000000000E+00
 1.530938029E+00 0.000000000E+00
 1.531924129E+00 0.000000000E+00
 1.532920957E+00 0.000000000E+00
 1.533928871E+00 0.000000000E+00
 1.534948230E+00 0.000000000E+00
 1.535979390E+00 0.000000000E+00
 1.537022591E+00 0.000000000E+00
 1.538078308E+00 0.000000000E+00
 1.539146781E+00 0.000000000E+00
 1.540228486E+00 0.000000000E+00
 1.541323662E+00 0.000000000E+00
 1.542432785E+00 0.000000000E+00
 1.543556213E+00 0.000000000E+00
 1.544694304E+00 0.000000000E+00
 1.545847297E+00 0.000000000E+00
 1.547015905E+00 0.000000000E+00
 1.548200250E+00 0.000000000E+00
 1.549400806E+00 0.000000000E+00
 1.550618052E+00 0.000000000E+00
 1.551852226E+00 0.000000000E+00
 1.553103924E+00 0.000000000E+00
 1.554373503E+00 0.000000000E+00
 1.555661440E+00 0.000000000E+00
 1.556967974E+00 3.709926757E-22
 1.558293819E+00 0.000000000E+00
 1.559639215E+00 0.000000000E+00
 1.561004639E+00 0.000000000E+00
 1.562390685E+00 0.000000000E+00
 1.563797593E+00 0.000000000E+00
 1.565226078E+00 0.000000000E+00
 1.566676497E+00 0.000000000E+00
 1.568149328E+00 0.000000000E+00
 1.569645166E+00 0.000000000E+00
 1.571164370E+00 0.000000000E+00
 1.572707534E+00 0.000000000E+00
 1.574275255E+00 0.000000000E+00
 1.575867891E+00 0.000000000E+00
 1.577486038E+00 0.000000000E+00
 1.579130292E+00 0.000000000E+00
 1.580801249E+00 0.000000000E+00
 1.582499385E+00 0.000000000E+00
 1.584225178E+00 0.000000000E+00
 1.585979462E+00 0.000000000E+00
 1.587762594E+00 0.000000000E+00
 1.589575291E+00 0.000000000E+00
 1.591418028E+00 0.000000000E+00
 1.593291640E+00 0.000000000E+00
 1.595196605E+00 1.405291205E-22
 1.597133636E+00 0.000000000E+00
 1.599103451E+00 0.000000000E+00
 1.601106524E+00 0.000000000E+00
 1.603143573E+00 0.000000000E+00
 1.605215430E+00 0.000000000E+00
 1.607322693E+00 0.000000000E+00
 1.609465957E+00 0.000000000E+00
 1.611646175E+00 0.000000000E+00
 1.613863945E+00 0.000000000E+00
 1.616120100E+00 0.000000000E+00
 1.618415236E+00 0.000000000E+00
 1.620750308E+00 0.000000000E+00
 1.623125911E+00 0.000000000E+00
 1.625542998E+00 0.000000000E+00
 1.628002405E+00 0.000000000E+00
 1.630504847E+00 0.000000000E+00
 1.633051157E+00 0.000000000E+00
 1.635642409E+00 0.000000000E+00
 1.638279200E+00 0.000000000E+00
 1.640962481E+00 0.000000000E+00
 1.643693209E+00 0.000000000E+00
 1.646472335E+00 0.000000000E+00
 1.649300814E+00 0.000000000E+00
 1.652179480E+00 0.000000000E+00
 1.655109406E+00 0.000000000E+00
 1.658091545E+00 0.000000000E+00
 1.661126852E+00 0.000000000E+00
 1.664216399E+00 0.000000000E+00
 1.667361140E+00 0.000000000E+00
 1.670562267E+00 0.000000000E+00
 1.673820853E+00 0.000000000E+00
 1.677137852E+00 0.000000000E+00
 1.680514574E+00 0.000000000E+00
 1.683951974E+00 0.000000000E+00
 1.687451243E+00 0.000000000E+00
 1.691013694E+00 0.000000000E+00
 1.694640398E+00 0.000000000E+00
 1.698332548E+00 0.000000000E+00
 1.702091575E+00 0.000000000E+00
 1.705918550E+00 0.000000000E+00
 1.709814787E+00 0.000000000E+00
 1.713781714E+00 0.000000000E+00
 1.717820525E+00 0.000000000E+00
 1.721932650E+00 0.000000000E+00
 1.726119518E+00 0.000000000E+00
 1.730382442E+00 0.000000000E+00
 1.734722972E+00 0.000000000E+00
 1.739142418E+00 0.000000000E+00
 1.743642449E+00 0.000000000E+00
 1.748224378E+00 0.000000000E+00
 1.752889872E+00 0.000000000E+00
 1.757640481E+00 0.000000000E+00
 1.762477875E+00 0.000000000E+00
 1.767403603E+00 0.000000000E+00
 1.772419214E+00 0.000000000E+00
 1.777526617E+00 0.000000000E+00
 1.782727361E+00 0.000000000E+00
 1.788023233E+00 0.000000000E+00
 1.793416142E+00 0.000000000E+00
 1.798907757E+00 0.000000000E+00
 1.804499984E+00 0.000000000E+00
 1.810194612E+00 0.000000000E+00
 1.815993667E+00 0.000000000E+00
 1.821899176E+00 0.000000000E+00
 1.827912927E+00 0.000000000E+00
 1.834037066E+00 0.000000000E+00
 1.840273619E+00 0.000000000E+00
 1.846624732E+00 0.000000000E+00
 1.853092432E+00 0.000000000E+00
 1.859678984E+00 0.000000000E+00
 1.866386652E+00 0.000000000E+00
 1.873217583E+00 0.000000000E+00
 1.880174160E+00 0.000000000E+00
 1.887258649E+00 0.000000000E+00
 1.894473553E+00 0.000000000E+00
 1.901821136E+00 0.000000000E+00
 1.909304023E+00 0.000000000E+00
 1.916924596E+00 0.000000000E+00
 1.924685478E+00 0.000000000E+00
 1.932589293E+00 0.000000000E+00
 1.940638781E+00 0.000000000E+00
 1.948836565E+00 0.000000000E+00
 1.957185388E+00 0.000000000E+00
 1.965687990E+00 0.000000000E+00
 1.974347472E+00 0.000000000E+00
 1.983166456E+00 0.000000000E+00
 1.992148161E+00 0.000000000E+00
 2.001295567E+00 0.000000000E+00
 2.010611534E+00 0.000000000E+00
 2.020099401E+00 0.000000000E+00
 2.029762268E+00 0.000000000E+00
 2.039603472E+00 0.000000000E+00
 2.049626350E+00 0.000000000E+00
 2.059834003E+00 0.000000000E+00
 2.070230246E+00 0.000000000E+00
 2.080818415E+00 0.000000000E+00
 2.091602087E+00 0.000000000E+00
 2.102584839E+00 0.000000000E+00
 2.113770247E+00 0.000000000E+00
 2.125162363E+00 0.000000000E+00
 2.136765003E+00 0.000000000E+00
 2.148581743E+00 0.000000000E+00
 2.160616875E+00 0.000000000E+00
 2.172874212E+00 0.000000000E+00
 2.185358286E+00 0.000000000E+00
 2.198072672E+00 0.000000000E+00
 2.211022377E+00 0.000000000E+00
 2.224210978E+00 0.000000000E+00
 2.237643719E+00 2.767974392E-23
 2.251324415E+00 0.000000000E+00
 2.265258074E+00 0.000000000E+00
 2.279449463E+00 0.000000000E+00
 2.293902874E+00 0.000000000E+00
 2.308623791E+00 0.000000000E+00
 2.323616505E+00 0.000000000E+00
 2.338886738E+00 0.000000000E+00
 2.354439259E+00 0.000000000E+00
 2.370279074E+00 0.000000000E+00
 2.386412144E+00 0.000000000E+00
 2.402843237E+00 0.000000000E+00
 2.419578314E+00 0.000000000E+00
 2.436623096E+00 0.000000000E+00
 2.453982830E+00 0.000000000E+00
 2.471663713E+00 0.000000000E+00
 2.508012772E+00 0.000000000E+00
 2.526692867E+00 0.000000000E+00
 2.545718670E+00 0.000000000E+00
 2.565096378E+00 0.000000000E+00
 2.584832668E+00 0.000000000E+00
 2.604933977E+00 0.000000000E+00
 2.625407219E+00 0.000000000E+00
 2.646259308E+00 0.000000000E+00
 2.667496920E+00 0.000000000E+00
 2.689127684E+00 0.000000000E+00
 2.711158514E+00 0.000000000E+00
 2.733597040E+00 0.000000000E+00
 2.756450891E+00 8.393719845E-24
 2.779727459E+00 0.000000000E+00
 2.803434610E+00 0.000000000E+00
 2.827580690E+00 0.000000000E+00
 2.852173328E+00 0.000000000E+00
 2.877221346E+00 0.000000000E+00
 2.902732611E+00 7.555310587E-24
 2.928716183E+00 0.000000000E+00
 2.955180407E+00 0.000000000E+00
 2.982134581E+00 0.000000000E+00
 3.009587526E+00 0.000000000E+00
 3.037548542E+00 0.000000000E+00
 3.066026926E+00 0.000000000E+00
 3.095032454E+00 0.000000000E+00
 3.124574661E+00 0.000000000E+00
 3.154663801E+00 0.000000000E+00
 3.185309887E+00 0.000000000E+00
 3.216523170E+00 0.000000000E+00
 3.248313904E+00 0.000000000E+00
 3.280693293E+00 0.000000000E+00
 3.313672066E+00 0.000000000E+00
 3.347260952E+00 0.000000000E+00
 3.381471872E+00 0.000000000E+00
 3.416315794E+00 0.000000000E+00
 3.451804638E+00 0.000000000E+00
 3.487950563E+00 0.000000000E+00
 3.524765491E+00 0.000000000E+00
 3.562261820E+00 0.000000000E+00
 3.600452185E+00 0.000000000E+00
 3.639349699E+00 0.000000000E+00
 3.678966999E+00 0.000000000E+00
 3.719317675E+00 0.000000000E+00
 3.760415554E+00 0.000000000E+00
 3.802273989E+00 0.000000000E+00
 3.844907045E+00 0.000000000E+00
 3.888329744E+00 0.000000000E+00
 3.932555914E+00 0.000000000E+00
 3.977601051E+00 0.000000000E+00
 4.023479939E+00 0.000000000E+00
 4.070208073E+00 0.000000000E+00
 4.117801189E+00 0.000000000E+00
 4.166275501E+00 0.000000000E+00
 4.215647221E+00 0.000000000E+00
 4.265932560E+00 0.000000000E+00
 4.317149162E+00 0.000000000E+00
 4.369313717E+00 3.774648944E-24
 4.422443867E+00 0.000000000E+00
 4.476557732E+00 0.000000000E+00
 4.531673431E+00 0.000000000E+00
 4.587809563E+00 0.000000000E+00
 4.644984722E+00 0.000000000E+00
 4.703218460E+00 0.000000000E+00
 4.762530327E+00 0.000000000E+00
 4.822940350E+00 0.000000000E+00
 4.884468555E+00 0.000000000E+00
 4.947135925E+00 0.000000000E+00
 5.010962963E+00 0.000000000E+00
 5.075972080E+00 0.000000000E+00
 5.142184734E+00 0.000000000E+00
 5.209623337E+00 0.000000000E+00
 5.278310299E+00 0.000000000E+00
 5.348268986E+00 0.000000000E+00
 5.419522762E+00 0.000000000E+00
 5.492095470E+00 0.000000000E+00
 5.566011906E+00 0.000000000E+00
 5.641296864E+00 0.000000000E+00
 5.717975616E+00 0.000000000E+00
 5.796073914E+00 0.000000000E+00
 5.875617981E+00 0.000000000E+00
 5.956634998E+00 0.000000000E+00
 6.039151669E+00 0.000000000E+00
 6.123196125E+00 0.000000000E+00
 6.208796501E+00 0.000000000E+00
 6.295981884E+00 0.000000000E+00
 6.384781361E+00 0.000000000E+00
 6.475224972E+00 0.000000000E+00
 6.567342758E+00 0.000000000E+00
 6.661166191E+00 0.000000000E+00
 6.756726265E+00 0.000000000E+00
 6.854055882E+00 0.000000000E+00
 6.953187466E+00 0.000000000E+00
 7.054154396E+00 0.000000000E+00
 7.156990528E+00 0.000000000E+00
 7.261730671E+00 0.000000000E+00
 7.368409634E+00 0.000000000E+00
 7.477064133E+00 0.000000000E+00
 7.587729931E+00 0.000000000E+00
 7.700444698E+00 0.000000000E+00
 7.815246582E+00 0.000000000E+00
 7.932173729E+00 0.000000000E+00
 8.051265717E+00 0.000000000E+00
 8.172562599E+00 0.000000000E+00
 8.296105385E+00 0.000000000E+00
 8.421935081E+00 0.000000000E+00
 8.550094604E+00 0.000000000E+00
 8.680626869E+00 0.000000000E+00
 8.813575745E+00 0.000000000E+00
 8.948986053E+00 0.000000000E+00
 9.086903572E+00 0.000000000E+00
 9.227374077E+00 0.000000000E+00
 9.370446205E+00 0.000000000E+00
 9.516166687E+00 0.000000000E+00
 9.664585114E+00 0.000000000E+00
 9.815751076E+00 0.000000000E+00
 9.969716072E+00 0.000000000E+00
 1.012653160E+01 0.000000000E+00
 1.028625011E+01 0.000000000E+00
 1.044892597E+01 0.000000000E+00
 1.061461449E+01 0.000000000E+00
 1.078337002E+01 0.000000000E+00
 1.095524979E+01 0.000000000E+00
 1.113031197E+01 0.000000000E+00
 1.130861473E+01 0.000000000E+00
 1.149022007E+01 0.000000000E+00
 1.167518616E+01 0.000000000E+00
 1.186357784E+01 0.000000000E+00
 1.205545712E+01 0.000000000E+00
 1.225088882E+01 5.114817323E-25
 1.244993877E+01 0.000000000E+00
 1.265267467E+01 0.000000000E+00
 1.285916328E+01 0.000000000E+00
 1.306947613E+01 4.754782685E-25
 1.328368187E+01 0.000000000E+00
 1.350185299E+01 0.000000000E+00
 1.372406483E+01 0.000000000E+00
 1.395038986E+01 0.000000000E+00
 1.418090534E+01 0.000000000E+00
 1.441568851E+01 0.000000000E+00
 1.465481949E+01 0.000000000E+00
 1.489837646E+01 0.000000000E+00
 1.514644432E+01 0.000000000E+00
 1.539910412E+01 0.000000000E+00
 1.565644169E+01 0.000000000E+00
 1.591854382E+01 0.000000000E+00
 1.618549919E+01 0.000000000E+00
 1.645739555E+01 0.000000000E+00
 1.673432732E+01 0.000000000E+00
 1.701638603E+01 0.000000000E+00
 1.730366707E+01 0.000000000E+00
 1.759626770E+01 0.000000000E+00
 1.789428520E+01 0.000000000E+00
 1.819782066E+01 0.000000000E+00
 1.850697517E+01 0.000000000E+00
 1.882185364E+01 0.000000000E+00
 1.914256096E+01 0.000000000E+00
 1.946920776E+01 0.000000000E+00
 1.980190277E+01 0.000000000E+00
 2.014075470E+01 0.000000000E+00
 2.048588371E+01 0.000000000E+00
 2.083740044E+01 0.000000000E+00
 2.119542503E+01 0.000000000E+00
 2.156007957E+01 0.000000000E+00
 2.193148422E+01 0.000000000E+00
 2.230976677E+01 0.000000000E+00
 2.269505310E+01 0.000000000E+00
 2.308747101E+01 1.277144112E-25
 2.348715591E+01 0.000000000E+00
 2.389424133E+01 0.000000000E+00
 2.430886269E+01 0.000000000E+00
 2.473115921E+01 0.000000000E+00
 2.516127586E+01 0.000000000E+00
 2.559935760E+01 0.000000000E+00
 2.604554749E+01 0.000000000E+00
ZONE T="FUN3D"
 2.780639759E-16 2.104714885E-02
 7.999999798E-04 1.490710024E-02
 1.606264967E-03 8.122231811E-03
 2.418837277E-03 7.065348327E-03
 3.237759229E-03 6.438591052E-03
 4.063073546E-03 5.984596908E-03
 4.894822836E-03 5.633300636E-03
 5.733050406E-03 5.347195547E-03
 6.577799562E-03 5.108260084E-03
 7.429112680E-03 4.904948175E-03
 8.287033997E-03 4.729844630E-03
 9.151606821E-03 4.577553831E-03
 1.002287492E-02 4.444153048E-03
 1.090088207E-02 4.326676484E-03
 1.178567298E-02 4.222885706E-03
 1.267729141E-02 4.131070804E-03
 1.357578207E-02 4.049933981E-03
 1.448118873E-02 3.978496417E-03
 1.539355703E-02 3.916036803E-03
 1.631293073E-02 3.862044308E-03
 1.723935641E-02 3.816185519E-03
 1.817287691E-02 3.778273240E-03
 1.911354065E-02 3.748240881E-03
 2.006139047E-02 3.726113122E-03
 2.101647109E-02 3.711970989E-03
 2.197883092E-02 3.705908312E-03
 2.294851467E-02 3.707975382E-03
 2.392556891E-02 3.718109801E-03
 2.491003834E-02 3.736062907E-03
 2.590196952E-02 3.761332249E-03
 2.690140903E-02 3.793121781E-03
 2.790840343E-02 3.830339760E-03
 2.892299928E-02 3.871646477E-03
 2.994524129E-02 3.915540874E-03
 3.097517975E-02 3.960477654E-03
 3.201285750E-02 4.004982300E-03
 3.305832669E-02 4.047755152E-03
 3.411163017E-02 4.087741952E-03
 3.517281637E-02 4.124162253E-03
 3.624192998E-02 4.156510811E-03
 3.731902316E-02 4.184524063E-03
 3.840414062E-02 4.208141938E-03
 3.949733078E-02 4.227462225E-03
 4.059864208E-02 4.242701922E-03
 4.170811921E-02 4.254161380E-03
 4.282581061E-02 4.262192640E-03
 4.395176470E-02 4.267171491E-03
 4.508602992E-02 4.269473255E-03
 4.622865468E-02 4.269458354E-03
 4.737968370E-02 4.267462529E-03
 4.853916913E-02 4.263792187E-03
 4.970715567E-02 4.258722533E-03
 5.088369548E-02 4.252496175E-03
 5.206883326E-02 4.245323595E-03
 5.326262116E-02 4.237385467E-03
 5.446510017E-02 4.228836857E-03
 5.567632616E-02 4.219809081E-03
 5.689634383E-02 4.210413434E-03
 5.812519789E-02 4.200743977E-03
 5.936294422E-02 4.190878477E-03
 6.060962752E-02 4.180880729E-03
 6.186529621E-02 4.170803353E-03
 6.312999874E-02 4.160688724E-03
 6.440377980E-02 4.150570836E-03
 6.568669528E-02 4.140476696E-03
 6.697878242E-02 4.130428191E-03
 6.828010082E-02 4.120442085E-03
 6.959069520E-02 4.110530484E-03
 7.091061771E-02 4.100701772E-03
 7.223990560E-02 4.090962932E-03
 7.357861102E-02 4.081317689E-03
 7.492678612E-02 4.071767442E-03
 7.628447562E-02 4.062312655E-03
 7.765173167E-02 4.052952863E-03
 7.902859896E-02 4.043686204E-03
 8.041512221E-02 4.034510348E-03
 8.181135356E-02 4.025421105E-03
 8.321733773E-02 4.016415682E-03
 8.463312685E-02 4.007490352E-03
 8.605875820E-02 3.998641856E-03
 8.749429882E-02 3.989866003E-03
 8.893977106E-02 3.981159069E-03
 9.039524198E-02 3.972517792E-03
 9.186074883E-02 3.963937983E-03
 9.333634377E-02 3.955415916E-03
 9.482206404E-02 3.946948797E-03
 9.631796926E-02 3.938533366E-03
 9.782408923E-02 3.930166364E-03
 9.934049100E-02 3.921845462E-03
 1.008672044E-01 3.913567867E-03
 1.024042815E-01 3.905331716E-03
 1.039517671E-01 3.897134447E-03
 1.055097058E-01 3.888974199E-03
 1.070781425E-01 3.880849108E-03
 1.086571217E-01 3.872757778E-03
 1.102466956E-01 3.864698811E-03
 1.118469015E-01 3.856670577E-03
 1.134577915E-01 3.848672146E-03
 1.150793955E-01 3.840702120E-03
 1.167117655E-01 3.832759568E-03
 1.183549538E-01 3.824843792E-03
 1.200089902E-01 3.816953395E-03
 1.216739267E-01 3.809088143E-03
 1.233498007E-01 3.801246872E-03
 1.250366569E-01 3.793429118E-03
 1.267345399E-01 3.785633948E-03
 1.284434944E-01 3.777860897E-03
 1.301635504E-01 3.770109266E-03
 1.318947524E-01 3.762378357E-03
 1.336371601E-01 3.754667705E-03
 1.353907883E-01 3.746976377E-03
 1.371556818E-01 3.739304375E-03
 1.389319003E-01 3.731650300E-03
 1.407194734E-01 3.724014387E-03
 1.425184160E-01 3.716395469E-03
 1.443288028E-01 3.708793083E-03
 1.461506635E-01 3.701206530E-03
 1.479840279E-01 3.693635343E-03
 1.498289257E-01 3.686078824E-03
 1.516854167E-01 3.678536043E-03
 1.535535157E-01 3.671006998E-03
 1.554332823E-01 3.663490294E-03
 1.573247313E-01 3.655985696E-03
 1.592279077E-01 3.648492275E-03
 1.611428410E-01 3.641009564E-03
 1.630695611E-01 3.633536398E-03
 1.650081277E-01 3.626072081E-03
 1.669585407E-01 3.618616145E-03
 1.689208597E-01 3.611167427E-03
 1.708951145E-01 3.603725228E-03
 1.728813201E-01 3.596288851E-03
 1.748795062E-01 3.588856896E-03
 1.768897325E-01 3.581428668E-03
 1.789119989E-01 3.574003465E-03
 1.809463501E-01 3.566579893E-03
 1.829928160E-01 3.559157019E-03
 1.850514114E-01 3.551734146E-03
 1.871221811E-01 3.544309642E-03
 1.892051548E-01 3.536882810E-03
 1.913003325E-01 3.529452020E-03
 1.934077740E-01 3.522016341E-03
 1.955274791E-01 3.514574608E-03
 1.976594776E-01 3.507125424E-03
 1.998037994E-01 3.499667393E-03
 2.019604743E-01 3.492198884E-03
 2.041295022E-01 3.484718734E-03
 2.063109279E-01 3.477225546E-03
 2.085047662E-01 3.469717223E-03
 2.107110322E-01 3.462192370E-03
 2.129297554E-01 3.454649355E-03
 2.151609361E-01 3.447085852E-03
 2.174046040E-01 3.439500462E-03
 2.196607888E-01 3.431890858E-03
 2.219294906E-01 3.424255177E-03
 2.242107242E-01 3.416591557E-03
 2.265045196E-01 3.408897668E-03
 2.288108766E-01 3.401170718E-03
 2.311298251E-01 3.393408842E-03
 2.334613651E-01 3.385609016E-03
 2.358054966E-01 3.377768444E-03
 2.381622493E-01 3.369884333E-03
 2.405316383E-01 3.361953655E-03
 2.429136485E-01 3.353973152E-03
 2.453083098E-01 3.345939331E-03
 2.477156222E-01 3.337848699E-03
 2.501356006E-01 3.329697065E-03
 2.525682449E-01 3.321480472E-03
 2.550135255E-01 3.313194262E-03
 2.574715018E-01 3.304834245E-03
 2.599421442E-01 3.296395065E-03
 2.624254823E-01 3.287871368E-03
 2.649214864E-01 3.279257100E-03
 2.674301565E-01 3.270545974E-03
 2.699515224E-01 3.261731006E-03
 2.724855542E-01 3.252805211E-03
 2.750322521E-01 3.243759973E-03
 2.775916159E-01 3.234586911E-03
 2.801636457E-01 3.225275315E-03
 2.827483416E-01 3.215814242E-03
 2.853456736E-01 3.206190187E-03
 2.879556417E-01 3.196388483E-03
 2.905782461E-01 3.186393529E-03
 2.932134569E-01 3.176193452E-03
 2.958613038E-01 3.165790346E-03
 2.985217273E-01 3.155195154E-03
 3.011947274E-01 3.144361079E-03
 3.038803041E-01 3.133186372E-03
 3.065784574E-01 3.121627495E-03
 3.092890978E-01 3.109717509E-03
 3.120122850E-01 3.097494133E-03
 3.147479594E-01 3.084980883E-03
 3.174961209E-01 3.072194988E-03
 3.202567399E-01 3.059154376E-03
 3.230297565E-01 3.045884194E-03
 3.258152306E-01 3.032416804E-03
 3.286130428E-01 3.018761752E-03
 3.314232230E-01 3.004934639E-03
 3.342457414E-01 2.991047222E-03
 3.370805681E-01 2.977169817E-03
 3.399276435E-01 2.963241190E-03
 3.427869678E-01 2.949229907E-03
 3.456584811E-01 2.935187193E-03
 3.485421836E-01 2.921177773E-03
 3.514380157E-01 2.907211194E-03
 3.543459177E-01 2.893245546E-03
 3.572659194E-01 2.879322274E-03
 3.601979017E-01 2.865522401E-03
 3.631418645E-01 2.851778176E-03
 3.660977483E-01 2.838057000E-03
 3.690654933E-01 2.824594500E-03
 3.720450699E-01 2.811356215E-03
 3.750364482E-01 2.798105124E-03
 3.780395389E-01 2.785205375E-03
 3.810542822E-01 2.772660926E-03
 3.840806186E-01 2.760218922E-03
 3.871185184E-01 2.748247702E-03
 3.901678622E-01 2.736563794E-03
 3.932286203E-01 2.725258470E-03
 3.963007331E-01 2.714564791E-03
 3.993840814E-01 2.704221522E-03
 4.024785757E-01 2.694455907E-03
 4.055841863E-01 2.685248153E-03
 4.087007940E-01 2.676622011E-03
 4.118283093E-01 2.668677364E-03
 4.149666429E-01 2.661387669E-03
 4.181156456E-01 2.654859098E-03
 4.212752879E-01 2.649058588E-03
 4.244453907E-01 2.644088585E-03
 4.276258647E-01 2.639917890E-03
 4.308166206E-01 2.636617515E-03
 4.340174794E-01 2.634246834E-03
 4.372283220E-01 2.632737393E-03
 4.404490292E-01 2.632313175E-03
 4.436794519E-01 2.632789779E-03
 4.469194710E-01 2.634257777E-03
 4.501688778E-01 2.636821708E-03
 4.534275532E-01 2.640326275E-03
 4.566953778E-01 2.645052504E-03
 4.599721134E-01 2.650827635E-03
 4.632576406E-01 2.657569479E-03
 4.665518105E-01 2.665619832E-03
 4.698544145E-01 2.674800577E-03
 4.731652737E-01 2.684954321E-03
 4.764842689E-01 2.696368145E-03
 4.798111618E-01 2.709061140E-03
 4.831458032E-01 2.722748322E-03
 4.864880145E-01 2.737540985E-03
 4.898376465E-01 2.753742738E-03
 4.931944907E-01 2.771127038E-03
 4.965583980E-01 2.789460123E-03
 4.999292195E-01 2.809007186E-03
 5.033067465E-01 2.829954028E-03
 5.066908002E-01 2.852071542E-03
 5.100812912E-01 2.875118749E-03
 5.134780407E-01 2.899305662E-03
 5.168808699E-01 2.924931701E-03
 5.202897191E-01 2.951782662E-03
 5.237043500E-01 2.979606390E-03
 5.271247625E-01 3.008379601E-03
 5.305507779E-01 3.038316499E-03
 5.339823365E-01 3.069608239E-03
 5.374191999E-01 3.102022456E-03
 5.408614874E-01 3.135389881E-03
 5.443089604E-01 3.169729374E-03
 5.477616787E-01 3.205076559E-03
 5.512195230E-01 3.241568105E-03
 5.546824932E-01 3.279256634E-03
 5.581504703E-01 3.317960771E-03
 5.616235137E-01 3.357598092E-03
 5.651015639E-01 3.398187691E-03
 5.685847402E-01 3.439735156E-03
 5.720728636E-01 3.482244909E-03
 5.755661130E-01 3.525709733E-03
 5.790644884E-01 3.570133820E-03
 5.825679898E-01 3.615275957E-03
 5.860767365E-01 3.660412505E-03
 5.895906687E-01 3.704132978E-03
 5.931099653E-01 3.745238762E-03
 5.966346264E-01 3.792109434E-03
 6.001648307E-01 3.853654489E-03
 6.037005186E-01 3.915839363E-03
 6.072419286E-01 3.965447191E-03
 6.107890606E-01 4.010847304E-03
 6.143419743E-01 4.059004132E-03
 6.179008484E-01 4.109086003E-03
 6.214657426E-01 4.160335287E-03
 6.250367761E-01 4.212328233E-03
 6.286140084E-01 4.264773335E-03
 6.321974993E-01 4.317451268E-03
 6.357874274E-01 4.370181356E-03
 6.393837333E-01 4.422799684E-03
 6.429865360E-01 4.475149326E-03
 6.465959549E-01 4.527080338E-03
 6.502119303E-01 4.578440450E-03
 6.538345814E-01 4.629071336E-03
 6.574639082E-01 4.678811878E-03
 6.610997915E-01 4.727498628E-03
 6.647424102E-01 4.774962086E-03
 6.683915854E-01 4.821026232E-03
 6.720473170E-01 4.865510389E-03
 6.757094860E-01 4.908232018E-03
 6.793780923E-01 4.949007183E-03
 6.830529571E-01 4.987664986E-03
 6.867339015E-01 5.023998674E-03
 6.904208660E-01 5.057876464E-03
 6.941135526E-01 5.089048296E-03
 6.978118420E-01 5.116914865E-03
 7.015154362E-01 5.141373258E-03
 7.052240968E-01 5.162843503E-03
 7.089375854E-01 5.181259941E-03
 7.126555443E-01 5.196198821E-03
 7.163776159E-01 5.207480397E-03
 7.201035023E-01 5.215052981E-03
 7.238328457E-01 5.218497012E-03
 7.275652289E-01 5.217411090E-03
 7.313002348E-01 5.212210119E-03
 7.350375056E-01 5.203510635E-03
 7.387765050E-01 5.191129632E-03
 7.425169349E-01 5.174825434E-03
 7.462582588E-01 5.154613405E-03
 7.500000000E-01 5.129968282E-03
 7.537417412E-01 5.101027898E-03
 7.574830651E-01 5.069006234E-03
 7.612234950E-01 5.034198519E-03
 7.649624944E-01 4.996146541E-03
 7.686997652E-01 4.954881966E-03
 7.724347711E-01 4.910293967E-03
 7.761671543E-01 4.862103146E-03
 7.798964977E-01 4.810550250E-03
 7.836223841E-01 4.755700007E-03
 7.873444557E-01 4.696951713E-03
 7.910624146E-01 4.633789416E-03
 7.947759032E-01 4.566326272E-03
 7.984845638E-01 4.494908731E-03
 8.021881580E-01 4.419703037E-03
 8.058864474E-01 4.341200460E-03
 8.095791340E-01 4.260339309E-03
 8.132660985E-01 4.177669529E-03
 8.169470429E-01 4.093319643E-03
 8.206219077E-01 4.007562995E-03
 8.242905140E-01 3.920767456E-03
 8.279526830E-01 3.833265509E-03
 8.316084146E-01 3.745380789E-03
 8.352575898E-01 3.657415044E-03
 8.389002085E-01 3.569656750E-03
 8.425360918E-01 3.482379252E-03
 8.461654186E-01 3.395841457E-03
 8.497880697E-01 3.310290165E-03
 8.534040451E-01 3.225957975E-03
 8.570134640E-01 3.143060487E-03
 8.606162667E-01 3.061799565E-03
 8.642125726E-01 2.982363803E-03
 8.678025007E-01 2.904923633E-03
 8.713859916E-01 2.829637844E-03
 8.749632239E-01 2.756654052E-03
 8.785342574E-01 2.686113818E-03
 8.820991516E-01 2.618226223E-03
 8.856580257E-01 2.553423634E-03
 8.892109394E-01 2.492521424E-03
 8.927580714E-01 2.436209470E-03
 8.962994814E-01 2.380241174E-03
 8.998351693E-01 2.319224877E-03
 9.033653736E-01 2.259863541E-03
 9.068900347E-01 2.210000996E-03
 9.104093313E-01 2.165408107E-03
 9.139232635E-01 2.121723723E-03
 9.174320102E-01 2.079372061E-03
 9.209355116E-01 2.038920298E-03
 9.244338870E-01 2.000697656E-03
 9.279271364E-01 1.964895520E-03
 9.314152598E-01 1.931589330E-03
 9.348984361E-01 1.900800620E-03
 9.383764863E-01 1.872500055E-03
 9.418495297E-01 1.846689265E-03
 9.453175068E-01 1.823361497E-03
 9.487804770E-01 1.802419894E-03
 9.522383213E-01 1.783791231E-03
 9.556910396E-01 1.767417067E-03
 9.591385126E-01 1.753213117E-03
 9.625808001E-01 1.741172629E-03
 9.660176635E-01 1.731290598E-03
 9.694492221E-01 1.723444904E-03
 9.728752375E-01 1.717524719E-03
 9.762956500E-01 1.713418635E-03
 9.797102809E-01 1.711113611E-03
 9.831191301E-01 1.710638520E-03
 9.865219593E-01 1.711861813E-03
 9.899187088E-01 1.714613754E-03
 9.933091998E-01 1.718809712E-03
 9.966932535E-01 1.724478090E-03
 1.000070810E+00 1.731568482E-03
 1.003441572E+00 1.739879139E-03
 1.006805539E+00 1.749326941E-03
 1.010162354E+00 1.759956707E-03
 1.013512015E+00 1.771663665E-03
 1.016854167E+00 1.784263528E-03
 1.020188808E+00 1.797747798E-03
 1.023515701E+00 1.812122646E-03
 1.026834726E+00 1.827187487E-03
 1.030145645E+00 1.842909027E-03
 1.033448219E+00 1.859308919E-03
 1.036742330E+00 1.876191702E-03
 1.040027857E+00 1.893563662E-03
 1.043304682E+00 1.911365893E-03
 1.046572447E+00 1.929463702E-03
 1.049831152E+00 1.947916229E-03
 1.053080559E+00 1.966536976E-03
 1.056320548E+00 1.985337120E-03
 1.059551001E+00 2.004307928E-03
 1.062771678E+00 2.023302950E-03
 1.065982580E+00 2.042371547E-03
 1.069183350E+00 2.061374718E-03
 1.072374105E+00 2.080311766E-03
 1.075554609E+00 2.099139616E-03
 1.078724742E+00 2.117797267E-03
 1.081884384E+00 2.136284718E-03
 1.085033417E+00 2.154518152E-03
 1.088171721E+00 2.172515262E-03
 1.091299176E+00 2.190186875E-03
 1.094415784E+00 2.207558835E-03
 1.097521424E+00 2.224547090E-03
 1.100615978E+00 2.241156064E-03
 1.103699327E+00 2.257471438E-03
 1.106771350E+00 2.273239661E-03
 1.109832168E+00 2.288641175E-03
 1.112881541E+00 2.303568181E-03
 1.115919352E+00 2.317967592E-03
 1.118945718E+00 2.332043834E-03
 1.121960521E+00 2.345468150E-03
 1.124963522E+00 2.358418191E-03
 1.127954960E+00 2.371014562E-03
 1.130934477E+00 2.382953186E-03
 1.133902311E+00 2.394367475E-03
 1.136858106E+00 2.405378968E-03
 1.139802098E+00 2.415853553E-03
 1.142734051E+00 2.425776329E-03
 1.145654082E+00 2.435210859E-03
 1.148561954E+00 2.444161102E-03
 1.151457787E+00 2.452629153E-03
 1.154341459E+00 2.460645512E-03
 1.157212973E+00 2.468214603E-03
 1.160072327E+00 2.475323388E-03
 1.162919402E+00 2.481975593E-03
 1.165754199E+00 2.488235245E-03
 1.168576717E+00 2.494185930E-03
 1.171386957E+00 2.499799943E-03
 1.174184799E+00 2.505019540E-03
 1.176970243E+00 2.509871498E-03
 1.179743290E+00 2.514389111E-03
 1.182503939E+00 2.518587047E-03
 1.185252070E+00 2.522485796E-03
 1.187987685E+00 2.526112832E-03
 1.190710902E+00 2.529499587E-03
 1.193421602E+00 2.532673301E-03
 1.196119666E+00 2.535649110E-03
 1.198805213E+00 2.538440516E-03
 1.201478243E+00 2.541113412E-03
 1.204138756E+00 2.543768380E-03
 1.206786513E+00 2.546444302E-03
 1.209421754E+00 2.549121855E-03
 1.212044358E+00 2.551780315E-03
 1.214654326E+00 2.554409904E-03
 1.217251658E+00 2.557006199E-03
 1.219836354E+00 2.559566405E-03
 1.222408414E+00 2.562089590E-03
 1.224967718E+00 2.564575057E-03
 1.227514505E+00 2.567021875E-03
 1.230048537E+00 2.569429344E-03
 1.232569814E+00 2.571797464E-03
 1.235078573E+00 2.574125538E-03
 1.237574458E+00 2.576413099E-03
 1.240057826E+00 2.578660147E-03
 1.242528439E+00 2.580866450E-03
 1.244986415E+00 2.583031775E-03
 1.247431755E+00 2.585156122E-03
 1.249864459E+00 2.587239724E-03
 1.252284408E+00 2.589282347E-03
 1.254691720E+00 2.591284690E-03
 1.257086396E+00 2.593246754E-03
 1.259468317E+00 2.595168771E-03
 1.261837721E+00 2.597051207E-03
 1.264194489E+00 2.598894527E-03
 1.266538620E+00 2.600698965E-03
 1.268870234E+00 2.602465218E-03
 1.271189094E+00 2.604193520E-03
 1.273495436E+00 2.605884336E-03
 1.275789261E+00 2.607538598E-03
 1.278070450E+00 2.609156538E-03
 1.280339241E+00 2.610738622E-03
 1.282595396E+00 2.612285782E-03
 1.284839034E+00 2.613798482E-03
 1.287070274E+00 2.615277190E-03
 1.289288998E+00 2.616722602E-03
 1.291495204E+00 2.618135419E-03
 1.293689013E+00 2.619516337E-03
 1.295870543E+00 2.620865824E-03
 1.298039556E+00 2.622184576E-03
 1.300196171E+00 2.623473061E-03
 1.302340508E+00 2.624731977E-03
 1.304472566E+00 2.625962021E-03
 1.306592226E+00 2.627163893E-03
 1.308699608E+00 2.628337825E-03
 1.310794830E+00 2.629484748E-03
 1.312877774E+00 2.630605130E-03
 1.314948559E+00 2.631699434E-03
 1.317007184E+00 2.632768592E-03
 1.319053650E+00 2.633812837E-03
 1.321087956E+00 2.634832868E-03
 1.323110223E+00 2.635829384E-03
 1.325120449E+00 2.636802848E-03
 1.327118635E+00 2.637753729E-03
 1.329104900E+00 2.638682723E-03
 1.331079125E+00 2.639590064E-03
 1.333041430E+00 2.640476683E-03
 1.334991932E+00 2.641342813E-03
 1.336930394E+00 2.642188920E-03
 1.338857174E+00 2.643015701E-03
 1.340772152E+00 2.643823624E-03
 1.342675328E+00 2.644612920E-03
 1.344566703E+00 2.645384520E-03
 1.346446514E+00 2.646138426E-03
 1.348314643E+00 2.646875568E-03
 1.350171089E+00 2.647595946E-03
 1.352015972E+00 2.648300026E-03
 1.353849292E+00 2.648988506E-03
 1.355671167E+00 2.649661852E-03
 1.357481599E+00 2.650320297E-03
 1.359280586E+00 2.650964074E-03
 1.361068130E+00 2.651594114E-03
 1.362844348E+00 2.652210183E-03
 1.364609241E+00 2.652813215E-03
 1.366362810E+00 2.653403208E-03
 1.368105292E+00 2.653980860E-03
 1.369836450E+00 2.654546173E-03
 1.371556520E+00 2.655099845E-03
 1.373265505E+00 2.655641874E-03
 1.374963284E+00 2.656172961E-03
 1.376650214E+00 2.656693337E-03
 1.378326058E+00 2.657203004E-03
 1.379991055E+00 2.657702891E-03
 1.381645083E+00 2.658192767E-03
 1.383288264E+00 2.658673329E-03
 1.384920597E+00 2.659144811E-03
 1.386542201E+00 2.659607446E-03
 1.388153076E+00 2.660061466E-03
 1.389753342E+00 2.660507336E-03
 1.391342878E+00 2.660945058E-03
 1.392921805E+00 2.661375329E-03
 1.394490242E+00 2.661798149E-03
 1.396048188E+00 2.662213752E-03
 1.397595763E+00 2.662622603E-03
 1.399132848E+00 2.663024934E-03
 1.400659561E+00 2.663420979E-03
 1.402175903E+00 2.663811203E-03
 1.403681993E+00 2.664195374E-03
 1.405177951E+00 2.664574189E-03
 1.406663656E+00 2.664947649E-03
 1.408139229E+00 2.665316220E-03
 1.409604788E+00 2.665679902E-03
 1.411060214E+00 2.666039160E-03
 1.412505746E+00 2.666394226E-03
 1.413941264E+00 2.666745335E-03
 1.415366888E+00 2.667092718E-03
 1.416782618E+00 2.667436376E-03
 1.418188691E+00 2.667777007E-03
 1.419584870E+00 2.668114612E-03
 1.420971394E+00 2.668449190E-03
 1.422348261E+00 2.668781439E-03
 1.423715472E+00 2.669111360E-03
 1.425073266E+00 2.669439185E-03
 1.426421404E+00 2.669765381E-03
 1.427760124E+00 2.670089947E-03
 1.429089427E+00 2.670413116E-03
 1.430409312E+00 2.670735354E-03
 1.431719899E+00 2.671056660E-03
 1.433021188E+00 2.671377501E-03
 1.434313297E+00 2.671698108E-03
 1.435596228E+00 2.672018716E-03
 1.436869979E+00 2.672339557E-03
 1.438134670E+00 2.672661096E-03
 1.439390421E+00 2.672983566E-03
 1.440637112E+00 2.673306968E-03
 1.441874743E+00 2.673632000E-03
 1.443103671E+00 2.673958894E-03
 1.444323659E+00 2.674287651E-03
 1.445534945E+00 2.674619202E-03
 1.446737409E+00 2.674953314E-03
 1.447931170E+00 2.675290918E-03
 1.449116349E+00 2.675631782E-03
 1.450292826E+00 2.675976837E-03
 1.451460838E+00 2.676326316E-03
 1.452620268E+00 2.676680684E-03
 1.453771353E+00 2.677040407E-03
 1.454913974E+00 2.677405952E-03
 1.456048250E+00 2.677778015E-03
 1.457174182E+00 2.678157063E-03
 1.458291888E+00 2.678543795E-03
 1.459401369E+00 2.678938909E-03
 1.460502625E+00 2.679342870E-03
 1.461595893E+00 2.679756843E-03
 1.462680936E+00 2.680181293E-03
 1.463758111E+00 2.680617385E-03
 1.464827180E+00 2.681066282E-03
 1.465888381E+00 2.681528684E-03
 1.466941714E+00 2.682005987E-03
 1.467987180E+00 2.682499588E-03
 1.469024777E+00 2.683010651E-03
 1.470054746E+00 2.683541272E-03
 1.471076965E+00 2.684093080E-03
 1.472091556E+00 2.684668172E-03
 1.473098636E+00 2.685268875E-03
 1.474098086E+00 2.685897518E-03
 1.475089908E+00 2.686557127E-03
 1.476074457E+00 2.687251195E-03
 1.477051497E+00 2.687983681E-03
 1.478021145E+00 2.688758541E-03
 1.478983521E+00 2.689581364E-03
 1.479938626E+00 2.690457506E-03
 1.480886459E+00 2.691394417E-03
 1.481827140E+00 2.692399779E-03
 1.482760668E+00 2.693483373E-03
 1.483687043E+00 2.694657305E-03
 1.484606385E+00 2.695935778E-03
 1.485518813E+00 2.697336487E-03
 1.486424208E+00 2.698880387E-03
 1.487322688E+00 2.700589830E-03
 1.488214374E+00 2.702488098E-03
 1.489099145E+00 2.704600338E-03
 1.489977121E+00 2.706972184E-03
 1.490848422E+00 2.709718188E-03
 1.491712928E+00 2.713107737E-03
 1.492570877E+00 2.717634430E-03
 1.493422151E+00 2.723887330E-03
 1.494266987E+00 2.731824061E-03
 1.495105147E+00 2.738933312E-03
 1.495936871E+00 2.736939583E-03
 1.496762276E+00 2.707977546E-03
 1.497581124E+00 2.623046516E-03
 1.498393774E+00 2.453128109E-03
 1.499199986E+00 3.097133711E-03
 1.500000000E+00 3.856884083E-03
