VARIABLES = "x","cp"
zone, t="CFL3D"
 -2.500000000E+01 1.267450163E-03
 -2.454554749E+01 1.267450163E-03
 -2.409935760E+01 1.267450163E-03
 -2.366127586E+01 1.267450163E-03
 -2.323115921E+01 1.267450163E-03
 -2.280886269E+01 1.267450163E-03
 -2.239424133E+01 1.267450163E-03
 -2.198715591E+01 1.267450163E-03
 -2.158747101E+01 1.267450163E-03
 -2.119505310E+01 1.267450163E-03
 -2.080976677E+01 1.267450163E-03
 -2.043148422E+01 1.267450163E-03
 -2.006007957E+01 1.267450163E-03
 -1.969542503E+01 1.267450163E-03
 -1.933740044E+01 1.267450163E-03
 -1.898588371E+01 1.267450163E-03
 -1.864075470E+01 1.267450163E-03
 -1.830190277E+01 1.267450163E-03
 -1.796920776E+01 1.267450163E-03
 -1.764256096E+01 1.267450163E-03
 -1.732185364E+01 1.267450163E-03
 -1.700697517E+01 1.267450163E-03
 -1.669782066E+01 1.267450163E-03
 -1.639428520E+01 1.267450163E-03
 -1.609626770E+01 1.267450163E-03
 -1.580366802E+01 1.267450163E-03
 -1.551638699E+01 1.267450163E-03
 -1.523432827E+01 1.267450163E-03
 -1.495739651E+01 1.267450163E-03
 -1.468549919E+01 1.267450163E-03
 -1.441854382E+01 1.267450163E-03
 -1.415644169E+01 1.267450163E-03
 -1.389910412E+01 1.267450163E-03
 -1.364644432E+01 1.267450163E-03
 -1.339837646E+01 1.267450163E-03
 -1.315481949E+01 1.267450163E-03
 -1.291568851E+01 1.267450163E-03
 -1.268090534E+01 1.267450163E-03
 -1.245038986E+01 1.267450163E-03
 -1.222406483E+01 1.267450163E-03
 -1.200185299E+01 1.270430395E-03
 -1.178368187E+01 1.270430395E-03
 -1.156947613E+01 1.270430395E-03
 -1.135916328E+01 1.270430395E-03
 -1.115267467E+01 1.270430395E-03
 -1.094993877E+01 1.270430395E-03
 -1.075088882E+01 1.270430395E-03
 -1.055545712E+01 1.273410628E-03
 -1.036357784E+01 1.273410628E-03
 -1.017518616E+01 1.273410628E-03
 -9.990220070E+00 1.273410628E-03
 -9.808614731E+00 1.276390860E-03
 -9.630311966E+00 1.276390860E-03
 -9.455249786E+00 1.276390860E-03
 -9.283370018E+00 1.279371092E-03
 -9.114614487E+00 1.279371092E-03
 -8.948925972E+00 1.282351324E-03
 -8.786250114E+00 1.282351324E-03
 -8.626531601E+00 1.285331557E-03
 -8.469716072E+00 1.285331557E-03
 -8.315751076E+00 1.288311789E-03
 -8.164585114E+00 1.291292021E-03
 -8.016166687E+00 1.291292021E-03
 -7.870445728E+00 1.294272253E-03
 -7.727374077E+00 1.297252486E-03
 -7.586903095E+00 1.300232718E-03
 -7.448986053E+00 1.303212950E-03
 -7.313575268E+00 1.306193182E-03
 -7.180626392E+00 1.309173414E-03
 -7.050094128E+00 1.315133879E-03
 -6.921934605E+00 1.318114111E-03
 -6.796104908E+00 1.321094343E-03
 -6.672562599E+00 1.327054808E-03
 -6.551265717E+00 1.333015272E-03
 -6.432173729E+00 1.335995505E-03
 -6.315246582E+00 1.341955969E-03
 -6.200444698E+00 1.347916434E-03
 -6.087729931E+00 1.353876898E-03
 -5.977064133E+00 1.362817595E-03
 -5.868409634E+00 1.368778059E-03
 -5.761730671E+00 1.374738524E-03
 -5.656990528E+00 1.383679220E-03
 -5.554154396E+00 1.392619917E-03
 -5.453187466E+00 1.401560614E-03
 -5.354055882E+00 1.410501311E-03
 -5.256726265E+00 1.419442007E-03
 -5.161166191E+00 1.428382704E-03
 -5.067342758E+00 1.440303633E-03
 -4.975224972E+00 1.449244330E-03
 -4.884781361E+00 1.461165259E-03
 -4.795981884E+00 1.473086188E-03
 -4.708796501E+00 1.487987349E-03
 -4.623196125E+00 1.499908278E-03
 -4.539151669E+00 1.514809439E-03
 -4.456634998E+00 1.526730368E-03
 -4.375617981E+00 1.541631529E-03
 -4.296073914E+00 1.559512923E-03
 -4.217975616E+00 1.574414084E-03
 -4.141296864E+00 1.592295477E-03
 -4.066011906E+00 1.607196638E-03
 -3.992095470E+00 1.628058264E-03
 -3.919522524E+00 1.645939657E-03
 -3.848268747E+00 1.663821051E-03
 -3.778310299E+00 1.684682677E-03
 -3.709623337E+00 1.705544302E-03
 -3.642184973E+00 1.726405928E-03
 -3.575972319E+00 1.750247786E-03
 -3.510963202E+00 1.774089644E-03
 -3.447135687E+00 1.797931502E-03
 -3.384468317E+00 1.821773360E-03
 -3.322940111E+00 1.848595450E-03
 -3.262530327E+00 1.875417540E-03
 -3.203218460E+00 1.902239630E-03
 -3.144984961E+00 1.929061720E-03
 -3.087809563E+00 1.958864043E-03
 -3.031673670E+00 1.988666365E-03
 -2.976557970E+00 2.018468687E-03
 -2.922444105E+00 2.051251242E-03
 -2.869313717E+00 2.084033797E-03
 -2.817149162E+00 2.116816351E-03
 -2.765932560E+00 2.152579138E-03
 -2.715646982E+00 2.188341925E-03
 -2.666275501E+00 2.224104712E-03
 -2.617801189E+00 2.262847731E-03
 -2.570208073E+00 2.301590750E-03
 -2.523479939E+00 2.340333769E-03
 -2.477601051E+00 2.379076788E-03
 -2.432555914E+00 2.420800040E-03
 -2.388329744E+00 2.465503523E-03
 -2.344907045E+00 2.510207007E-03
 -2.302273989E+00 2.554910490E-03
 -2.260415554E+00 2.599613974E-03
 -2.219317675E+00 2.647297690E-03
 -2.178966999E+00 2.694981406E-03
 -2.139349699E+00 2.745645354E-03
 -2.100452185E+00 2.796309302E-03
 -2.062261820E+00 2.846973250E-03
 -2.024765491E+00 2.900617430E-03
 -1.987950563E+00 2.954261610E-03
 -1.951804757E+00 3.010886023E-03
 -1.916315794E+00 3.067510435E-03
 -1.881471753E+00 3.127115080E-03
 -1.847261071E+00 3.186719725E-03
 -1.813671947E+00 3.246324370E-03
 -1.780693293E+00 3.308909247E-03
 -1.748314023E+00 3.371494124E-03
 -1.716523051E+00 3.434079001E-03
 -1.685309887E+00 3.502624342E-03
 -1.654663801E+00 3.568189451E-03
 -1.624574780E+00 3.636734793E-03
 -1.595032454E+00 3.708260367E-03
 -1.566026926E+00 3.779785940E-03
 -1.537548423E+00 3.851311514E-03
 -1.509587407E+00 3.925817553E-03
 -1.482134581E+00 4.000323359E-03
 -1.455180407E+00 4.077809397E-03
 -1.428716063E+00 4.155295435E-03
 -1.402732611E+00 4.235761706E-03
 -1.377221227E+00 4.316227976E-03
 -1.352173448E+00 4.399674479E-03
 -1.327580571E+00 4.483120982E-03
 -1.303434610E+00 4.566567484E-03
 -1.279727340E+00 4.655974451E-03
 -1.256450772E+00 4.742401186E-03
 -1.233597040E+00 4.831808154E-03
 -1.211158514E+00 4.924195353E-03
 -1.189127684E+00 5.016582552E-03
 -1.167496920E+00 5.111949984E-03
 -1.146259189E+00 5.207317416E-03
 -1.125407219E+00 5.302684847E-03
 -1.104933977E+00 5.401032511E-03
 -1.084832668E+00 5.502360407E-03
 -1.065096498E+00 5.603688303E-03
 -1.045718670E+00 5.705016199E-03
 -1.026692867E+00 5.809324328E-03
 -1.008012652E+00 5.916612688E-03
 -9.896716475E-01 5.967276637E-03
 -9.716637135E-01 6.131189410E-03
 -9.539828300E-01 6.241458002E-03
 -9.366229773E-01 6.351726595E-03
 -9.195784330E-01 6.464975420E-03
 -9.028432965E-01 6.578224245E-03
 -8.864120841E-01 6.694453303E-03
 -8.702791333E-01 6.813662592E-03
 -8.544391394E-01 6.929891650E-03
 -8.388866782E-01 7.049100939E-03
 -8.236165643E-01 7.171290461E-03
 -8.086236715E-01 7.293479983E-03
 -7.939029336E-01 7.418649737E-03
 -7.794493437E-01 7.543819491E-03
 -7.652581334E-01 7.668989245E-03
 -7.513244748E-01 7.797139231E-03
 -7.376436591E-01 7.925288752E-03
 -7.242110968E-01 8.056418970E-03
 -7.110222578E-01 8.187549189E-03
 -6.980727911E-01 8.321659639E-03
 -6.853582263E-01 8.452789858E-03
 -6.728742719E-01 8.589880541E-03
 -6.606168747E-01 8.726971224E-03
 -6.485817432E-01 8.864061907E-03
 -6.367649436E-01 9.001152590E-03
 -6.251624227E-01 9.141223505E-03
 -6.137703061E-01 9.281294420E-03
 -6.025847793E-01 9.424345568E-03
 -5.916020870E-01 9.567396715E-03
 -5.808184743E-01 9.710447863E-03
 -5.702303052E-01 9.853499010E-03
 -5.598340631E-01 9.999530390E-03
 -5.496262908E-01 1.014854200E-02
 -5.396034718E-01 1.029457338E-02
 -5.297622681E-01 1.044358499E-02
 -5.200993419E-01 1.059259661E-02
 -5.106114745E-01 1.074160822E-02
 -5.012954473E-01 1.089360006E-02
 -4.921481311E-01 1.104559191E-02
 -4.831664860E-01 1.119758375E-02
 -4.743474126E-01 1.134957559E-02
 -4.656880200E-01 1.150454767E-02
 -4.571853280E-01 1.165951975E-02
 -4.488365352E-01 1.181449182E-02
 -4.406387806E-01 1.196946390E-02
 -4.325893521E-01 1.212741621E-02
 -4.246855080E-01 1.228238828E-02
 -4.169245660E-01 1.244034059E-02
 -4.093039930E-01 1.259829290E-02
 -4.018211365E-01 1.275624521E-02
 -3.944735229E-01 1.291717775E-02
 -3.872586787E-01 1.307513006E-02
 -3.801741898E-01 1.323606260E-02
 -3.732176125E-01 1.339699514E-02
 -3.663866818E-01 1.355494745E-02
 -3.596790433E-01 1.371587999E-02
 -3.530924618E-01 1.387681253E-02
 -3.466247022E-01 1.403774507E-02
 -3.402736187E-01 1.419867761E-02
 -3.340370655E-01 1.436259039E-02
 -3.279129267E-01 1.452352293E-02
 -3.218991458E-01 1.468445547E-02
 -3.159936965E-01 1.484836824E-02
 -3.101946115E-01 1.500930078E-02
 -3.044999242E-01 1.517023332E-02
 -2.989077270E-01 1.533414610E-02
 -2.934161127E-01 1.549507864E-02
 -2.880232632E-01 1.565899141E-02
 -2.827273309E-01 1.581992395E-02
 -2.775265872E-01 1.598085649E-02
 -2.724192142E-01 1.614476927E-02
 -2.674035430E-01 1.630570181E-02
 -2.624778748E-01 1.646663435E-02
 -2.576405406E-01 1.662756689E-02
 -2.528899014E-01 1.679147966E-02
 -2.482243925E-01 1.695241220E-02
 -2.436424345E-01 1.711334474E-02
 -2.391424626E-01 1.727427728E-02
 -2.347229719E-01 1.743222959E-02
 -2.303824872E-01 1.759316213E-02
 -2.261195332E-01 1.775409468E-02
 -2.219326943E-01 1.791204698E-02
 -2.178205401E-01 1.807297952E-02
 -2.137816995E-01 1.823093183E-02
 -2.098148018E-01 1.838888414E-02
 -2.059185207E-01 1.854683645E-02
 -2.020915598E-01 1.870478876E-02
 -1.983325928E-01 1.886274107E-02
 -1.946403831E-01 1.901771314E-02
 -1.910136938E-01 1.917566545E-02
 -1.874512732E-01 1.933063753E-02
 -1.839519590E-01 1.948560961E-02
 -1.805145442E-01 1.964058168E-02
 -1.771378815E-01 1.979555376E-02
 -1.738208532E-01 1.995052584E-02
 -1.705623120E-01 2.010251768E-02
 -1.673611701E-01 2.025748976E-02
 -1.642163694E-01 2.040948160E-02
 -1.611268222E-01 2.056147344E-02
 -1.580915153E-01 2.071346529E-02
 -1.551094055E-01 2.086247690E-02
 -1.521795094E-01 2.101446874E-02
 -1.493008286E-01 2.116348036E-02
 -1.464723945E-01 2.131249197E-02
 -1.436932534E-01 2.146150358E-02
 -1.409624815E-01 2.161051519E-02
 -1.382791400E-01 2.175952680E-02
 -1.356423497E-01 2.190555818E-02
 -1.330512166E-01 2.205158956E-02
 -1.305048466E-01 2.219762094E-02
 -1.280024052E-01 2.234365232E-02
 -1.255430430E-01 2.248968370E-02
 -1.231259406E-01 2.263273485E-02
 -1.207502708E-01 2.277876623E-02
 -1.184152439E-01 2.292181738E-02
 -1.161200702E-01 2.306486852E-02
 -1.138639748E-01 2.320493944E-02
 -1.116462052E-01 2.334799059E-02
 -1.094660088E-01 2.348806150E-02
 -1.073226556E-01 2.363111265E-02
 -1.052154228E-01 2.377118357E-02
 -1.031436026E-01 2.391125448E-02
 -1.011064947E-01 2.405132540E-02
 -9.910341352E-02 2.418841608E-02
 -9.713368863E-02 2.432848699E-02
 -9.519665688E-02 2.446557768E-02
 -9.329166263E-02 2.460564859E-02
 -9.141806513E-02 2.474273928E-02
 -8.957523853E-02 2.487982996E-02
 -8.776255697E-02 2.501692064E-02
 -8.597940952E-02 2.515103109E-02
 -8.422520012E-02 2.528812177E-02
 -8.249934018E-02 2.542521246E-02
 -8.080124855E-02 2.555932291E-02
 -7.913035154E-02 2.569343336E-02
 -7.748608291E-02 2.583052404E-02
 -7.586789131E-02 2.596463449E-02
 -7.427524030E-02 2.609874494E-02
 -7.270757854E-02 2.623285539E-02
 -7.116439939E-02 2.636696585E-02
 -6.964515895E-02 2.650405653E-02
 -6.814936548E-02 2.663816698E-02
 -6.667650491E-02 2.677227743E-02
 -6.522608548E-02 2.690638788E-02
 -6.379762292E-02 2.704049833E-02
 -6.239062548E-02 2.717460878E-02
 -6.100463122E-02 2.730871923E-02
 -5.963916704E-02 2.744282968E-02
 -5.829377472E-02 2.757992037E-02
 -5.696799979E-02 2.771403082E-02
 -5.566140264E-02 2.785112150E-02
 -5.437353626E-02 2.798523195E-02
 -5.310396850E-02 2.812232263E-02
 -5.185227469E-02 2.825941332E-02
 -5.061803013E-02 2.839650400E-02
 -4.940082505E-02 2.853657492E-02
 -4.820024595E-02 2.867366560E-02
 -4.701588675E-02 2.881373651E-02
 -4.584735259E-02 2.895380743E-02
 -4.469424859E-02 2.909685858E-02
 -4.355618730E-02 2.923692949E-02
 -4.243278503E-02 2.938296087E-02
 -4.132366180E-02 2.952601202E-02
 -4.022844881E-02 2.967204340E-02
 -3.914677724E-02 2.982105501E-02
 -3.807827830E-02 2.997006662E-02
 -3.702259436E-02 3.011907823E-02
 -3.597937152E-02 3.027405031E-02
 -3.494825587E-02 3.042604215E-02
 -3.392890468E-02 3.058399446E-02
 -3.292097151E-02 3.074492700E-02
 -3.192412108E-02 3.090585954E-02
 -3.093801253E-02 3.106977232E-02
 -2.996231616E-02 3.123666532E-02
 -2.899670415E-02 3.140952066E-02
 -2.804085240E-02 3.158237413E-02
 -2.709443681E-02 3.167178109E-02
 -2.615714073E-02 3.194298223E-02
 -2.522864752E-02 3.213073686E-02
 -2.430864610E-02 3.232445195E-02
 -2.339682542E-02 3.252114728E-02
 -2.249288000E-02 3.272678331E-02
 -2.159650251E-02 3.293539956E-02
 -2.070739679E-02 3.315593675E-02
 -1.982525736E-02 3.338243440E-02
 -1.894979179E-02 3.361787274E-02
 -1.808070391E-02 3.386225179E-02
 -1.721770130E-02 3.412153199E-02
 -1.636049338E-02 3.438975289E-02
 -1.550879143E-02 3.467585519E-02
 -1.466230955E-02 3.497685865E-02
 -1.382076181E-02 3.529872373E-02
 -1.298386604E-02 3.564145043E-02
 -1.215134002E-02 3.601099923E-02
 -1.132290438E-02 3.641035035E-02
 -1.049827877E-02 3.684844449E-02
 -9.677186608E-03 3.732826188E-02
 -8.859351277E-03 3.785874322E-02
 -8.044498041E-03 3.845776990E-02
 -7.232351694E-03 3.913726285E-02
 -6.422639824E-03 3.994490579E-02
 -5.615089089E-03 4.092838243E-02
 -4.809428938E-03 4.209067300E-02
 -4.005386960E-03 4.335131124E-02
 -3.202693071E-03 4.487420991E-02
 -2.401077189E-03 4.811074212E-02
 -1.600269228E-03 5.674745515E-02
 -7.999999798E-04 7.027770579E-02
 2.780639759E-16 6.340827048E-02
 7.999999798E-04 3.468181565E-02
 1.606264967E-03 2.327050455E-02
 2.418837277E-03 2.596165426E-02
 3.237759229E-03 2.645935304E-02
 4.063073546E-03 2.811636217E-02
 4.894822836E-03 2.934719808E-02
 5.733050406E-03 3.024722822E-02
 6.577799562E-03 3.074492700E-02
 7.429112680E-03 3.098930605E-02
 8.287033997E-03 3.107573278E-02
 9.151606821E-03 3.108467348E-02
 1.002287492E-02 3.106083162E-02
 1.090088207E-02 3.102506883E-02
 1.178567298E-02 3.099228628E-02
 1.267729141E-02 3.096546419E-02
 1.357578207E-02 3.094758280E-02
 1.448118873E-02 3.093268164E-02
 1.539355703E-02 3.092076071E-02
 1.631293073E-02 3.091182001E-02
 1.723935641E-02 3.090585954E-02
 1.817287691E-02 3.089989908E-02
 1.911354065E-02 3.089691885E-02
 2.006139047E-02 3.089691885E-02
 2.101647109E-02 3.090287931E-02
 2.197883092E-02 3.091182001E-02
 2.294851467E-02 3.092076071E-02
 2.392556891E-02 3.093566187E-02
 2.491003834E-02 3.095652349E-02
 2.590196952E-02 3.097738512E-02
 2.690140903E-02 3.100122698E-02
 2.790840343E-02 3.102804907E-02
 2.892299928E-02 3.106083162E-02
 2.994524129E-02 3.109361418E-02
 3.097517975E-02 3.112937696E-02
 3.201285750E-02 3.116811998E-02
 3.305832669E-02 3.120686300E-02
 3.411163017E-02 3.125156835E-02
 3.517281637E-02 3.129627183E-02
 3.624192998E-02 3.134395555E-02
 3.731902316E-02 3.139461949E-02
 3.840414062E-02 3.144528344E-02
 3.949733078E-02 3.149892762E-02
 4.059864208E-02 3.155555204E-02
 4.170811921E-02 3.161217645E-02
 4.282581061E-02 3.167178109E-02
 4.395176470E-02 3.173436597E-02
 4.508602992E-02 3.179993108E-02
 4.622865468E-02 3.186549619E-02
 4.737968370E-02 3.193404153E-02
 4.853916913E-02 3.200258687E-02
 4.970715567E-02 3.207411245E-02
 5.088369548E-02 3.214861825E-02
 5.206883326E-02 3.222312406E-02
 5.326262116E-02 3.230061010E-02
 5.446510017E-02 3.238107637E-02
 5.567632616E-02 3.246154264E-02
 5.689634383E-02 3.254498914E-02
 5.812519789E-02 3.263141587E-02
 5.936294422E-02 3.271784261E-02
 6.060962752E-02 3.280724958E-02
 6.186529621E-02 3.289963678E-02
 6.312999874E-02 3.299202397E-02
 6.440377980E-02 3.308739141E-02
 6.568669528E-02 3.318573907E-02
 6.697878242E-02 3.328408673E-02
 6.828010082E-02 3.338541463E-02
 6.959069520E-02 3.348972276E-02
 7.091061771E-02 3.359403089E-02
 7.223990560E-02 3.370131925E-02
 7.357861102E-02 3.381158784E-02
 7.492678612E-02 3.392483667E-02
 7.628447562E-02 3.403808549E-02
 7.765173167E-02 3.415431455E-02
 7.902859896E-02 3.427352384E-02
 8.041512221E-02 3.439571336E-02
 8.181135356E-02 3.451790288E-02
 8.321733773E-02 3.464605287E-02
 8.463312685E-02 3.477420285E-02
 8.605875820E-02 3.490235284E-02
 8.749429882E-02 3.503646329E-02
 8.893977106E-02 3.517355397E-02
 9.039524198E-02 3.531064466E-02
 9.186074883E-02 3.545071557E-02
 9.333634377E-02 3.559376672E-02
 9.482206404E-02 3.573979810E-02
 9.631796926E-02 3.588880971E-02
 9.782408923E-02 3.604080155E-02
 9.934049100E-02 3.619279340E-02
 1.008672044E-01 3.635074571E-02
 1.024042815E-01 3.651167825E-02
 1.039517671E-01 3.667261079E-02
 1.055097058E-01 3.683950379E-02
 1.070781425E-01 3.700639680E-02
 1.086571217E-01 3.717925027E-02
 1.102466956E-01 3.735508397E-02
 1.118469015E-01 3.753091767E-02
 1.134577915E-01 3.771271184E-02
 1.150793955E-01 3.789748624E-02
 1.167117655E-01 3.808524087E-02
 1.183549538E-01 3.827895597E-02
 1.200089902E-01 3.847267106E-02
 1.216739267E-01 3.867234662E-02
 1.233498007E-01 3.887202218E-02
 1.250366569E-01 3.907765821E-02
 1.267345399E-01 3.928925470E-02
 1.284434944E-01 3.950085118E-02
 1.301635504E-01 3.971840814E-02
 1.318947524E-01 3.994192556E-02
 1.336371601E-01 4.016544297E-02
 1.353907883E-01 4.039492086E-02
 1.371556818E-01 4.063035920E-02
 1.389319003E-01 4.086877778E-02
 1.407194734E-01 4.111315683E-02
 1.425184160E-01 4.136051610E-02
 1.443288028E-01 4.161085561E-02
 1.461506635E-01 4.186715558E-02
 1.479840279E-01 4.212941602E-02
 1.498289257E-01 4.239763692E-02
 1.516854167E-01 4.266883805E-02
 1.535535157E-01 4.294599965E-02
 1.554332823E-01 4.322912171E-02
 1.573247313E-01 4.351522401E-02
 1.592279077E-01 4.381026700E-02
 1.611428410E-01 4.410829023E-02
 1.630695611E-01 4.441525415E-02
 1.650081277E-01 4.472519830E-02
 1.669585407E-01 4.504110292E-02
 1.689208597E-01 4.536594823E-02
 1.708951145E-01 4.569675401E-02
 1.728813201E-01 4.603352025E-02
 1.748795062E-01 4.637624696E-02
 1.768897325E-01 4.672791436E-02
 1.789119989E-01 4.708554223E-02
 1.809463501E-01 4.744913056E-02
 1.829928160E-01 4.782165959E-02
 1.850514114E-01 4.820312932E-02
 1.871221811E-01 4.859055951E-02
 1.892051548E-01 4.898693040E-02
 1.913003325E-01 4.939224198E-02
 1.934077740E-01 4.980649427E-02
 1.955274791E-01 5.022968724E-02
 1.976594776E-01 5.066182092E-02
 1.998037994E-01 5.110587552E-02
 2.019604743E-01 5.178834870E-02
 2.041295022E-01 5.201782659E-02
 2.063109279E-01 5.248572305E-02
 2.085047662E-01 5.296554044E-02
 2.107110322E-01 5.346025899E-02
 2.129297554E-01 5.396391824E-02
 2.151609361E-01 5.447651818E-02
 2.174046040E-01 5.500401929E-02
 2.196607888E-01 5.554344133E-02
 2.219294906E-01 5.609776452E-02
 2.242107242E-01 5.666400865E-02
 2.265045196E-01 5.724217370E-02
 2.288108766E-01 5.783523992E-02
 2.311298251E-01 5.844320729E-02
 2.334613651E-01 5.906607583E-02
 2.358054966E-01 5.970384553E-02
 2.381622493E-01 6.035949662E-02
 2.405316383E-01 6.103004888E-02
 2.429136485E-01 6.171848252E-02
 2.453083098E-01 6.242479756E-02
 2.477156222E-01 6.315197051E-02
 2.501356006E-01 6.389702857E-02
 2.525682449E-01 6.465996802E-02
 2.550135255E-01 6.544674933E-02
 2.574715018E-01 6.625439227E-02
 2.599421442E-01 6.708587706E-02
 2.624254823E-01 6.794120371E-02
 2.649214864E-01 6.882037222E-02
 2.674301565E-01 6.972636282E-02
 2.699515224E-01 7.065619528E-02
 2.724855542E-01 7.161881030E-02
 2.750322521E-01 7.260824740E-02
 2.775916159E-01 7.363046706E-02
 2.801636457E-01 7.468546927E-02
 2.827483416E-01 7.577623427E-02
 2.853456736E-01 7.690276206E-02
 2.879556417E-01 7.806803286E-02
 2.905782461E-01 7.927502692E-02
 2.932134569E-01 8.052374423E-02
 2.958613038E-01 8.182312548E-02
 2.985217273E-01 8.317019045E-02
 3.011947274E-01 8.457387984E-02
 3.038803041E-01 8.603419363E-02
 3.065784574E-01 8.756007254E-02
 3.092890978E-01 8.915151656E-02
 3.120122850E-01 9.081448615E-02
 3.147479594E-01 9.254898131E-02
 3.174961209E-01 9.435500205E-02
 3.202567399E-01 9.623552859E-02
 3.230297565E-01 9.819056094E-02
 3.258152306E-01 1.002171189E-01
 3.286130428E-01 1.023181826E-01
 3.314232230E-01 1.044907719E-01
 3.342457414E-01 1.067319065E-01
 3.370805681E-01 1.090415865E-01
 3.399276435E-01 1.114138514E-01
 3.427869678E-01 1.138487011E-01
 3.456584811E-01 1.163401753E-01
 3.485421836E-01 1.188942343E-01
 3.514380157E-01 1.214929968E-01
 3.543459177E-01 1.241334826E-01
 3.572659194E-01 1.268156916E-01
 3.601979017E-01 1.295396239E-01
 3.631418645E-01 1.322933584E-01
 3.660977483E-01 1.350590140E-01
 3.690654933E-01 1.378425509E-01
 3.720450699E-01 1.406588703E-01
 3.750364482E-01 1.434602886E-01
 3.780395389E-01 1.462468058E-01
 3.810542822E-01 1.490571648E-01
 3.840806186E-01 1.518258005E-01
 3.871185184E-01 1.545616537E-01
 3.901678622E-01 1.572945267E-01
 3.932286203E-01 1.599439532E-01
 3.963007331E-01 1.625874192E-01
 3.993840814E-01 1.651474386E-01
 4.024785757E-01 1.676359326E-01
 4.055841863E-01 1.700707823E-01
 4.087007940E-01 1.723983437E-01
 4.118283093E-01 1.746543795E-01
 4.149666429E-01 1.767941862E-01
 4.181156456E-01 1.788356453E-01
 4.212752879E-01 1.807549149E-01
 4.244453907E-01 1.825400740E-01
 4.276258647E-01 1.842060238E-01
 4.308166206E-01 1.857021004E-01
 4.340174794E-01 1.870759875E-01
 4.372283220E-01 1.882561594E-01
 4.404490292E-01 1.892843395E-01
 4.436794519E-01 1.901396662E-01
 4.469194710E-01 1.907595545E-01
 4.501688778E-01 1.912542731E-01
 4.534275532E-01 1.914807707E-01
 4.566953778E-01 1.915195137E-01
 4.599721134E-01 1.913556010E-01
 4.632576406E-01 1.908936650E-01
 4.665518105E-01 1.902648360E-01
 4.698544145E-01 1.893677860E-01
 4.731652737E-01 1.881578118E-01
 4.764842689E-01 1.867511421E-01
 4.798111618E-01 1.850613505E-01
 4.831458032E-01 1.830407530E-01
 4.864880145E-01 1.807549149E-01
 4.898376465E-01 1.782068163E-01
 4.931944907E-01 1.753130108E-01
 4.965583980E-01 1.720794588E-01
 4.999292195E-01 1.685717255E-01
 5.033067465E-01 1.647361666E-01
 5.066908002E-01 1.605280787E-01
 5.100812912E-01 1.559713036E-01
 5.134780407E-01 1.510777622E-01
 5.168808699E-01 1.458534151E-01
 5.202897191E-01 1.402326971E-01
 5.237043500E-01 1.342096478E-01
 5.271247625E-01 1.278408915E-01
 5.305507779E-01 1.210787445E-01
 5.339823365E-01 1.139530092E-01
 5.374191999E-01 1.063981205E-01
 5.408614874E-01 9.842301905E-02
 5.443089604E-01 9.006644785E-02
 5.477616787E-01 8.129562438E-02
 5.512195230E-01 7.211054862E-02
 5.546824932E-01 6.252016127E-02
 5.581504703E-01 5.249168351E-02
 5.616235137E-01 4.202510789E-02
 5.651015639E-01 3.115023859E-02
 5.685847402E-01 1.985217817E-02
 5.720728636E-01 8.127944544E-03
 5.755661130E-01 -4.019481596E-03
 5.790644884E-01 -1.659010164E-02
 5.825679898E-01 -2.957795374E-02
 5.860767365E-01 -4.298899695E-02
 5.895906687E-01 -5.680833384E-02
 5.931099653E-01 -7.103000581E-02
 5.966346264E-01 -8.564506471E-02
 6.001648307E-01 -1.006475538E-01
 6.037005186E-01 -1.160285324E-01
 6.072419286E-01 -1.317730993E-01
 6.107890606E-01 -1.478663534E-01
 6.143419743E-01 -1.642933935E-01
 6.179008484E-01 -1.810393184E-01
 6.214657426E-01 -1.980802864E-01
 6.250367761E-01 -2.153984159E-01
 6.286140084E-01 -2.329668850E-01
 6.321974993E-01 -2.507588565E-01
 6.357874274E-01 -2.687475383E-01
 6.393837333E-01 -2.869001329E-01
 6.429865360E-01 -3.051838577E-01
 6.465959549E-01 -3.235599697E-01
 6.502119303E-01 -3.419927061E-01
 6.538345814E-01 -3.604373634E-01
 6.574639082E-01 -3.788492382E-01
 6.610997915E-01 -3.971836269E-01
 6.647424102E-01 -4.153928459E-01
 6.683915854E-01 -4.334232509E-01
 6.720473170E-01 -4.512241781E-01
 6.757094860E-01 -4.687360227E-01
 6.793780923E-01 -4.859021604E-01
 6.830529571E-01 -5.026689768E-01
 6.867339015E-01 -5.189768076E-01
 6.904208660E-01 -5.347630978E-01
 6.941135526E-01 -5.499622822E-01
 6.978118420E-01 -5.645534992E-01
 7.015154362E-01 -5.783787966E-01
 7.052240968E-01 -5.913934708E-01
 7.089375854E-01 -6.036273241E-01
 7.126555443E-01 -6.149790287E-01
 7.163776159E-01 -6.254038811E-01
 7.201035023E-01 -6.348452568E-01
 7.238328457E-01 -6.432882547E-01
 7.275652289E-01 -6.506464481E-01
 7.313002348E-01 -6.568095684E-01
 7.350375056E-01 -6.618282795E-01
 7.387765050E-01 -6.657204628E-01
 7.425169349E-01 -6.684265137E-01
 7.462582588E-01 -6.699255705E-01
 7.500000000E-01 -6.703696251E-01
 7.537417412E-01 -6.693682671E-01
 7.574830651E-01 -6.671271324E-01
 7.612234950E-01 -6.637803316E-01
 7.649624944E-01 -6.592533588E-01
 7.686997652E-01 -6.535819769E-01
 7.724347711E-01 -6.468198299E-01
 7.761671543E-01 -6.389549971E-01
 7.798964977E-01 -6.299695969E-01
 7.836223841E-01 -6.199887991E-01
 7.873444557E-01 -6.090960503E-01
 7.910624146E-01 -5.973092318E-01
 7.947759032E-01 -5.846879482E-01
 7.984845638E-01 -5.712828636E-01
 8.021881580E-01 -5.571923256E-01
 8.058864474E-01 -5.424044132E-01
 8.095791340E-01 -5.269757509E-01
 8.132660985E-01 -5.110583305E-01
 8.169470429E-01 -4.946729839E-01
 8.206219077E-01 -4.778912961E-01
 8.242905140E-01 -4.607639015E-01
 8.279526830E-01 -4.433593452E-01
 8.316084146E-01 -4.257312715E-01
 8.352575898E-01 -4.079333246E-01
 8.389002085E-01 -3.900251091E-01
 8.425360918E-01 -3.720572889E-01
 8.461654186E-01 -3.540775478E-01
 8.497880697E-01 -3.361305892E-01
 8.534040451E-01 -3.182640970E-01
 8.570134640E-01 -3.005168140E-01
 8.606162667E-01 -2.829274833E-01
 8.642125726E-01 -2.655318677E-01
 8.678025007E-01 -2.483597845E-01
 8.713859916E-01 -2.314439863E-01
 8.749632239E-01 -2.148053497E-01
 8.785342574E-01 -1.984736770E-01
 8.820991516E-01 -1.824698299E-01
 8.856580257E-01 -1.668057293E-01
 8.892109394E-01 -1.515022367E-01
 8.927580714E-01 -1.365742534E-01
 8.962994814E-01 -1.220277399E-01
 8.998351693E-01 -1.078746170E-01
 9.033653736E-01 -9.412382543E-02
 9.068900347E-01 -8.077834547E-02
 9.104093313E-01 -6.784115732E-02
 9.139232635E-01 -5.531523749E-02
 9.174320102E-01 -4.319761321E-02
 9.209355116E-01 -3.149126098E-02
 9.244338870E-01 -2.019916289E-02
 9.279271364E-01 -9.312374517E-03
 9.314152598E-01 1.175062964E-03
 9.348984361E-01 1.126314886E-02
 9.383764863E-01 2.096380480E-02
 9.418495297E-01 3.027107008E-02
 9.453175068E-01 3.921176866E-02
 9.487804770E-01 4.777695611E-02
 9.522383213E-01 5.596067384E-02
 9.556910396E-01 6.379272044E-02
 9.591385126E-01 7.127608359E-02
 9.625808001E-01 7.840777934E-02
 9.660176635E-01 8.522357047E-02
 9.694492221E-01 9.169961512E-02
 9.728752375E-01 9.783293307E-02
 9.762956500E-01 1.036652476E-01
 9.797102809E-01 1.091816574E-01
 9.831191301E-01 1.144209057E-01
 9.865219593E-01 1.193531901E-01
 9.899187088E-01 1.239755303E-01
 9.933091998E-01 1.283266693E-01
 9.966932535E-01 1.324125677E-01
 1.000070810E+00 1.362302452E-01
 1.003441572E+00 1.397648007E-01
 1.006805539E+00 1.430311352E-01
 1.010162354E+00 1.460769325E-01
 1.013512015E+00 1.488664299E-01
 1.016854167E+00 1.513847262E-01
 1.020188808E+00 1.536824852E-01
 1.023515701E+00 1.557686478E-01
 1.026834726E+00 1.576014906E-01
 1.030145645E+00 1.591959149E-01
 1.033448219E+00 1.606204659E-01
 1.036742330E+00 1.618036181E-01
 1.040027857E+00 1.627602726E-01
 1.043304682E+00 1.635679156E-01
 1.046572447E+00 1.641341597E-01
 1.049831152E+00 1.645215899E-01
 1.053080559E+00 1.647451073E-01
 1.056320548E+00 1.647480875E-01
 1.059551001E+00 1.646229178E-01
 1.062771678E+00 1.643010527E-01
 1.065982580E+00 1.638212353E-01
 1.069183350E+00 1.631983668E-01
 1.072374105E+00 1.624056250E-01
 1.075554609E+00 1.614936739E-01
 1.078724742E+00 1.604297310E-01
 1.081884384E+00 1.592465788E-01
 1.085033417E+00 1.579352766E-01
 1.088171721E+00 1.565077454E-01
 1.091299176E+00 1.549788862E-01
 1.094415784E+00 1.533397585E-01
 1.097521424E+00 1.516201645E-01
 1.100615978E+00 1.497962624E-01
 1.103699327E+00 1.479127556E-01
 1.106771350E+00 1.459487826E-01
 1.109832168E+00 1.439043432E-01
 1.112881541E+00 1.418330818E-01
 1.115919352E+00 1.396813542E-01
 1.118945718E+00 1.375057846E-01
 1.121960521E+00 1.352944523E-01
 1.124963522E+00 1.330324560E-01
 1.127954960E+00 1.307704598E-01
 1.130934477E+00 1.284876019E-01
 1.133902311E+00 1.261809021E-01
 1.136858106E+00 1.238861233E-01
 1.139802098E+00 1.215943247E-01
 1.142734051E+00 1.193025261E-01
 1.145654082E+00 1.170226485E-01
 1.148561954E+00 1.147695929E-01
 1.151457787E+00 1.125403792E-01
 1.154341459E+00 1.103350073E-01
 1.157212973E+00 1.081624180E-01
 1.160072327E+00 1.060285717E-01
 1.162919402E+00 1.039334685E-01
 1.165754199E+00 1.018830687E-01
 1.168576717E+00 9.988035262E-02
 1.171386957E+00 9.792234004E-02
 1.174184799E+00 9.601797163E-02
 1.176970243E+00 9.416724741E-02
 1.179743290E+00 9.237016737E-02
 1.182503939E+00 9.062673151E-02
 1.185252070E+00 8.893992007E-02
 1.187987685E+00 8.730973303E-02
 1.190710902E+00 8.573319018E-02
 1.193421602E+00 8.421327174E-02
 1.196119666E+00 8.274401724E-02
 1.198805213E+00 8.132840693E-02
 1.201478243E+00 7.996048033E-02
 1.204138756E+00 7.864023745E-02
 1.206786513E+00 7.736171782E-02
 1.209421754E+00 7.612492144E-02
 1.212044358E+00 7.492388785E-02
 1.214654326E+00 7.375861704E-02
 1.217251658E+00 7.262910903E-02
 1.219836354E+00 7.153238356E-02
 1.222408414E+00 7.046844065E-02
 1.224967718E+00 6.943131983E-02
 1.227514505E+00 6.842400134E-02
 1.230048537E+00 6.744350493E-02
 1.232569814E+00 6.649281085E-02
 1.235078573E+00 6.556297839E-02
 1.237574458E+00 6.465996802E-02
 1.240057826E+00 6.377781928E-02
 1.242528439E+00 6.291951239E-02
 1.244986415E+00 6.208207086E-02
 1.247431755E+00 6.126548722E-02
 1.249864459E+00 6.046976522E-02
 1.252284408E+00 5.969192460E-02
 1.254691720E+00 5.893494561E-02
 1.257086396E+00 5.819286779E-02
 1.259468317E+00 5.746867135E-02
 1.261837721E+00 5.676235631E-02
 1.264194489E+00 5.607094243E-02
 1.266538620E+00 5.539740995E-02
 1.268870234E+00 5.473579839E-02
 1.271189094E+00 5.409206823E-02
 1.273495436E+00 5.346025899E-02
 1.275789261E+00 5.284037068E-02
 1.278070450E+00 5.223538354E-02
 1.280339241E+00 5.164529756E-02
 1.282595396E+00 5.106415227E-02
 1.284839034E+00 5.049790815E-02
 1.287070274E+00 4.994060472E-02
 1.289288998E+00 4.939522222E-02
 1.291495204E+00 4.886176065E-02
 1.293689013E+00 4.833723977E-02
 1.295870543E+00 4.782165959E-02
 1.298039556E+00 4.706468061E-02
 1.300196171E+00 4.682328179E-02
 1.302340508E+00 4.634644464E-02
 1.304472566E+00 4.587258771E-02
 1.306592226E+00 4.540767148E-02
 1.308699608E+00 4.495169595E-02
 1.310794830E+00 4.450466111E-02
 1.312877774E+00 4.406656697E-02
 1.314948559E+00 4.363443330E-02
 1.317007184E+00 4.321124032E-02
 1.319053650E+00 4.279400781E-02
 1.321087956E+00 4.238571599E-02
 1.323110223E+00 4.198338464E-02
 1.325120449E+00 4.158999398E-02
 1.327118635E+00 4.119958356E-02
 1.329104900E+00 4.081811383E-02
 1.331079125E+00 4.044260457E-02
 1.333041430E+00 4.007603601E-02
 1.334991932E+00 3.971244767E-02
 1.336930394E+00 3.935481980E-02
 1.338857174E+00 3.900613263E-02
 1.340772152E+00 3.866042569E-02
 1.342675328E+00 3.832067922E-02
 1.344566703E+00 3.798689321E-02
 1.346446514E+00 3.765608743E-02
 1.348314643E+00 3.733124211E-02
 1.350171089E+00 3.701235726E-02
 1.352015972E+00 3.669943288E-02
 1.353849292E+00 3.638948873E-02
 1.355671167E+00 3.608550504E-02
 1.357481599E+00 3.578450158E-02
 1.359280586E+00 3.548945859E-02
 1.361068130E+00 3.519739583E-02
 1.362844348E+00 3.491129354E-02
 1.364609241E+00 3.462817147E-02
 1.366362810E+00 3.434802964E-02
 1.368105292E+00 3.407384828E-02
 1.369836450E+00 3.380264714E-02
 1.371556520E+00 3.353442624E-02
 1.373265505E+00 3.326918557E-02
 1.374963284E+00 3.300990537E-02
 1.376650214E+00 3.275360540E-02
 1.378326058E+00 3.250028566E-02
 1.379991055E+00 3.224994615E-02
 1.381645083E+00 3.200258687E-02
 1.383288264E+00 3.175820783E-02
 1.384920597E+00 3.151680902E-02
 1.386542201E+00 3.127839044E-02
 1.388153076E+00 3.104295023E-02
 1.389753342E+00 3.081347235E-02
 1.391342878E+00 3.058399446E-02
 1.392921805E+00 3.035749681E-02
 1.394490242E+00 3.013099916E-02
 1.396048188E+00 2.991046198E-02
 1.397595763E+00 2.969290502E-02
 1.399132848E+00 2.947534807E-02
 1.400659561E+00 2.926375158E-02
 1.402175903E+00 2.905215509E-02
 1.403681993E+00 2.884055860E-02
 1.405177951E+00 2.863492258E-02
 1.406663656E+00 2.842928655E-02
 1.408139229E+00 2.822663076E-02
 1.409604788E+00 2.802695520E-02
 1.411060214E+00 2.782727964E-02
 1.412505746E+00 2.763058431E-02
 1.413941264E+00 2.743686922E-02
 1.415366888E+00 2.724315412E-02
 1.416782618E+00 2.705241926E-02
 1.418188691E+00 2.686466463E-02
 1.419584870E+00 2.667691000E-02
 1.420971394E+00 2.648915537E-02
 1.422348261E+00 2.630736120E-02
 1.423715472E+00 2.612258680E-02
 1.425073266E+00 2.594377287E-02
 1.426421404E+00 2.576197870E-02
 1.427760124E+00 2.558316477E-02
 1.429089427E+00 2.540733106E-02
 1.430409312E+00 2.523149736E-02
 1.431719899E+00 2.505864389E-02
 1.433021188E+00 2.488579042E-02
 1.434313297E+00 2.471293695E-02
 1.435596228E+00 2.454008348E-02
 1.436869979E+00 2.437319048E-02
 1.438134670E+00 2.420331724E-02
 1.439390421E+00 2.403642423E-02
 1.440637112E+00 2.386953123E-02
 1.441874743E+00 2.370263822E-02
 1.443103671E+00 2.353872545E-02
 1.444323659E+00 2.337481268E-02
 1.445534945E+00 2.321089990E-02
 1.446737409E+00 2.304698713E-02
 1.447931170E+00 2.288605459E-02
 1.449116349E+00 2.272214182E-02
 1.450292826E+00 2.256120928E-02
 1.451460838E+00 2.240027674E-02
 1.452620268E+00 2.224232443E-02
 1.453771353E+00 2.208139189E-02
 1.454913974E+00 2.192045934E-02
 1.456048250E+00 2.176250704E-02
 1.457174182E+00 2.160455473E-02
 1.458291888E+00 2.144362219E-02
 1.459401369E+00 2.128566988E-02
 1.460502625E+00 2.112473734E-02
 1.461595893E+00 2.096678503E-02
 1.462680936E+00 2.080585249E-02
 1.463758111E+00 2.064790018E-02
 1.464827180E+00 2.048696764E-02
 1.465888381E+00 2.032603510E-02
 1.466941714E+00 2.016510256E-02
 1.467987180E+00 2.000118978E-02
 1.469024777E+00 1.983727701E-02
 1.470054746E+00 1.967336424E-02
 1.471076965E+00 1.950945146E-02
 1.472091556E+00 1.934255846E-02
 1.473098636E+00 1.917268522E-02
 1.474098086E+00 1.900281198E-02
 1.475089908E+00 1.882995851E-02
 1.476074457E+00 1.865710504E-02
 1.477051497E+00 1.847829111E-02
 1.478021145E+00 1.829947717E-02
 1.478983521E+00 1.811470278E-02
 1.479938626E+00 1.792992838E-02
 1.480886459E+00 1.773919351E-02
 1.481827140E+00 1.754249819E-02
 1.482760668E+00 1.734282263E-02
 1.483687043E+00 1.713718660E-02
 1.484606385E+00 1.692260988E-02
 1.485518813E+00 1.670207269E-02
 1.486424208E+00 1.647259481E-02
 1.487322688E+00 1.623119600E-02
 1.488214374E+00 1.597787626E-02
 1.489099145E+00 1.570965536E-02
 1.489977121E+00 1.542653330E-02
 1.490848422E+00 1.512254961E-02
 1.491712928E+00 1.480068453E-02
 1.492570877E+00 1.445795782E-02
 1.493422151E+00 1.408244856E-02
 1.494266987E+00 1.363243349E-02
 1.495105147E+00 1.304830797E-02
 1.495936871E+00 1.223768480E-02
 1.496762276E+00 1.116778143E-02
 1.497581124E+00 9.919064119E-03
 1.498393774E+00 8.917706087E-03
 1.499199986E+00 7.964031771E-03
 1.500000000E+00 9.281294420E-03
 1.500800014E+00 1.300658472E-02
 1.501600266E+00 1.563216932E-02
 1.502401114E+00 1.687492616E-02
 1.503202677E+00 1.751269586E-02
 1.504005432E+00 1.786436327E-02
 1.504809380E+00 1.807595976E-02
 1.505615115E+00 1.821603067E-02
 1.506422639E+00 1.831735857E-02
 1.507232308E+00 1.839782484E-02
 1.508044481E+00 1.846040972E-02
 1.508859396E+00 1.851107366E-02
 1.509677172E+00 1.855279692E-02
 1.510498285E+00 1.858557947E-02
 1.511322856E+00 1.861538179E-02
 1.512151361E+00 1.863922365E-02
 1.512983918E+00 1.865710504E-02
 1.513820767E+00 1.867200620E-02
 1.514662266E+00 1.868392713E-02
 1.515508771E+00 1.869286783E-02
 1.516360521E+00 1.869584806E-02
 1.517217755E+00 1.869882829E-02
 1.518080711E+00 1.870180853E-02
 1.518949747E+00 1.869882829E-02
 1.519825220E+00 1.869584806E-02
 1.520707369E+00 1.868988760E-02
 1.521596551E+00 1.868392713E-02
 1.522492886E+00 1.867498644E-02
 1.523396850E+00 1.866604574E-02
 1.524308681E+00 1.865710504E-02
 1.525228620E+00 1.864220388E-02
 1.526157141E+00 1.863028295E-02
 1.527094483E+00 1.861538179E-02
 1.528040886E+00 1.860048063E-02
 1.528996706E+00 1.857365854E-02
 1.529962301E+00 1.855279692E-02
 1.530938029E+00 1.852895506E-02
 1.531924129E+00 1.850511320E-02
 1.532920957E+00 1.847829111E-02
 1.533928871E+00 1.845146902E-02
 1.534948230E+00 1.842464693E-02
 1.535979390E+00 1.839782484E-02
 1.537022591E+00 1.836802252E-02
 1.538078308E+00 1.833822019E-02
 1.539146781E+00 1.830841787E-02
 1.540228486E+00 1.827563532E-02
 1.541323662E+00 1.824285276E-02
 1.542432785E+00 1.821007021E-02
 1.543556213E+00 1.817430742E-02
 1.544694304E+00 1.813854463E-02
 1.545847297E+00 1.810278185E-02
 1.547015905E+00 1.806403883E-02
 1.548200250E+00 1.802529581E-02
 1.549400806E+00 1.798655279E-02
 1.550618052E+00 1.794482954E-02
 1.551852226E+00 1.790310629E-02
 1.553103924E+00 1.786138304E-02
 1.554373503E+00 1.781667955E-02
 1.555661440E+00 1.777495630E-02
 1.556967974E+00 1.772727259E-02
 1.558293819E+00 1.768256910E-02
 1.559639215E+00 1.763488539E-02
 1.561004639E+00 1.758422144E-02
 1.562390685E+00 1.753653772E-02
 1.563797593E+00 1.748587377E-02
 1.565226078E+00 1.743520983E-02
 1.566676497E+00 1.738156565E-02
 1.568149328E+00 1.732792147E-02
 1.569645166E+00 1.727427728E-02
 1.571164370E+00 1.721765287E-02
 1.572707534E+00 1.716102846E-02
 1.574275255E+00 1.710440405E-02
 1.575867891E+00 1.704479940E-02
 1.577486038E+00 1.698817499E-02
 1.579130292E+00 1.692559011E-02
 1.580801249E+00 1.686598547E-02
 1.582499385E+00 1.680340059E-02
 1.584225178E+00 1.673783548E-02
 1.585979462E+00 1.667525060E-02
 1.587762594E+00 1.660968550E-02
 1.589575291E+00 1.654114015E-02
 1.591418028E+00 1.647259481E-02
 1.593291640E+00 1.640404947E-02
 1.595196605E+00 1.633550413E-02
 1.597133636E+00 1.626397856E-02
 1.599103451E+00 1.619245298E-02
 1.601106524E+00 1.612092741E-02
 1.603143573E+00 1.604642160E-02
 1.605215430E+00 1.597191580E-02
 1.607322693E+00 1.589442976E-02
 1.609465957E+00 1.581694372E-02
 1.611646175E+00 1.573945768E-02
 1.613863945E+00 1.566197164E-02
 1.616120100E+00 1.558150537E-02
 1.618415236E+00 1.550103910E-02
 1.620750308E+00 1.541759260E-02
 1.623125911E+00 1.533414610E-02
 1.625542998E+00 1.525069959E-02
 1.628002405E+00 1.516725309E-02
 1.630504847E+00 1.508082636E-02
 1.633051157E+00 1.499439962E-02
 1.635642409E+00 1.490499265E-02
 1.638279200E+00 1.481558569E-02
 1.640962481E+00 1.472617872E-02
 1.643693209E+00 1.463379152E-02
 1.646472335E+00 1.454438455E-02
 1.649300814E+00 1.444901712E-02
 1.652179480E+00 1.435662992E-02
 1.655109406E+00 1.426126249E-02
 1.658091545E+00 1.416589506E-02
 1.661126852E+00 1.407052763E-02
 1.664216399E+00 1.397217996E-02
 1.667361140E+00 1.387383230E-02
 1.670562267E+00 1.377548464E-02
 1.673820853E+00 1.367415674E-02
 1.677137852E+00 1.357282884E-02
 1.680514574E+00 1.347150095E-02
 1.683951974E+00 1.337017305E-02
 1.687451243E+00 1.326586492E-02
 1.691013694E+00 1.316155680E-02
 1.694640398E+00 1.305724867E-02
 1.698332548E+00 1.295294054E-02
 1.702091575E+00 1.284565218E-02
 1.705918550E+00 1.273836382E-02
 1.709814787E+00 1.263107546E-02
 1.713781714E+00 1.252080686E-02
 1.717820525E+00 1.241351850E-02
 1.721932650E+00 1.230324991E-02
 1.726119518E+00 1.219298132E-02
 1.730382442E+00 1.207973249E-02
 1.734722972E+00 1.196946390E-02
 1.739142418E+00 1.185621507E-02
 1.743642449E+00 1.174296625E-02
 1.748224378E+00 1.162971742E-02
 1.752889872E+00 1.151646860E-02
 1.757640481E+00 1.140321977E-02
 1.762477875E+00 1.128699072E-02
 1.767403603E+00 1.117076166E-02
 1.772419214E+00 1.105453260E-02
 1.777526617E+00 1.093830355E-02
 1.782727361E+00 1.082207449E-02
 1.788023233E+00 1.070584543E-02
 1.793416142E+00 1.058961637E-02
 1.798907757E+00 1.047040708E-02
 1.804499984E+00 1.035417803E-02
 1.810194612E+00 1.023496874E-02
 1.815993667E+00 1.011575945E-02
 1.821899176E+00 9.999530390E-03
 1.827912927E+00 9.880321100E-03
 1.834037066E+00 9.761111811E-03
 1.840273619E+00 9.641902521E-03
 1.846624732E+00 9.522693232E-03
 1.853092432E+00 9.403483942E-03
 1.859678984E+00 9.284274653E-03
 1.866386652E+00 9.165065363E-03
 1.873217583E+00 9.045856073E-03
 1.880174160E+00 8.926646784E-03
 1.887258649E+00 8.807437494E-03
 1.894473553E+00 8.688228205E-03
 1.901821136E+00 8.571999148E-03
 1.909304023E+00 8.452789858E-03
 1.916924596E+00 8.333580568E-03
 1.924685478E+00 8.214371279E-03
 1.932589293E+00 8.098142222E-03
 1.940638781E+00 7.978932932E-03
 1.948836565E+00 7.862703875E-03
 1.957185388E+00 7.746475283E-03
 1.965687990E+00 7.630246226E-03
 1.974347472E+00 7.514017168E-03
 1.983166456E+00 7.397788111E-03
 1.992148161E+00 7.281559054E-03
 2.001295567E+00 7.165329996E-03
 2.010611534E+00 7.052081171E-03
 2.020099401E+00 6.938832346E-03
 2.029762268E+00 6.825583521E-03
 2.039603472E+00 6.712334696E-03
 2.049626350E+00 6.599085871E-03
 2.059834003E+00 6.488817278E-03
 2.070230246E+00 6.378548685E-03
 2.080818415E+00 6.268280093E-03
 2.091602087E+00 6.158011500E-03
 2.102584839E+00 6.047742907E-03
 2.113770247E+00 5.940454546E-03
 2.125162363E+00 5.833166186E-03
 2.136765003E+00 5.725877825E-03
 2.148581743E+00 5.621569697E-03
 2.160616875E+00 5.517261568E-03
 2.172874212E+00 5.412953440E-03
 2.185358286E+00 5.308645312E-03
 2.198072672E+00 5.207317416E-03
 2.211022377E+00 5.105989520E-03
 2.224210978E+00 5.004661623E-03
 2.237643719E+00 4.906313960E-03
 2.251324415E+00 4.807966296E-03
 2.265258074E+00 4.709618632E-03
 2.279449463E+00 4.614251200E-03
 2.293902874E+00 4.518883768E-03
 2.308623791E+00 4.423516337E-03
 2.323616505E+00 4.331129137E-03
 2.338886738E+00 4.238741938E-03
 2.354439259E+00 4.146354739E-03
 2.370279074E+00 4.056947771E-03
 2.386412144E+00 3.967540804E-03
 2.402843237E+00 3.881113837E-03
 2.419578314E+00 3.794687102E-03
 2.436623096E+00 3.708260367E-03
 2.453982830E+00 3.624813864E-03
 2.471663713E+00 3.544347594E-03
 2.489671707E+00 3.505604574E-03
 2.508012772E+00 3.380434820E-03
 2.526692867E+00 3.296988318E-03
 2.545718670E+00 3.219502280E-03
 2.565096378E+00 3.139036009E-03
 2.584832668E+00 3.064530203E-03
 2.604933977E+00 2.987044165E-03
 2.625407219E+00 2.912538359E-03
 2.646259308E+00 2.841012785E-03
 2.667496920E+00 2.769487211E-03
 2.689127684E+00 2.697961638E-03
 2.711158514E+00 2.629416296E-03
 2.733597040E+00 2.560870955E-03
 2.756450891E+00 2.495305846E-03
 2.779727459E+00 2.429740736E-03
 2.803434610E+00 2.364175627E-03
 2.827580690E+00 2.301590750E-03
 2.852173328E+00 2.239005873E-03
 2.877221346E+00 2.176420996E-03
 2.902732611E+00 2.116816351E-03
 2.928716183E+00 2.057211706E-03
 2.955180407E+00 2.000587294E-03
 2.982134581E+00 1.943962881E-03
 3.009587526E+00 1.887338469E-03
 3.037548542E+00 1.833694289E-03
 3.066026926E+00 1.780050108E-03
 3.095032454E+00 1.729386160E-03
 3.124574661E+00 1.678722212E-03
 3.154663801E+00 1.628058264E-03
 3.185309887E+00 1.577394316E-03
 3.216523170E+00 1.529710600E-03
 3.248313904E+00 1.485007117E-03
 3.280693293E+00 1.437323401E-03
 3.313672066E+00 1.392619917E-03
 3.347260952E+00 1.350896666E-03
 3.381471872E+00 1.306193182E-03
 3.416315794E+00 1.264469931E-03
 3.451804638E+00 1.225726912E-03
 3.487950563E+00 1.184003660E-03
 3.524765491E+00 1.145260641E-03
 3.562261820E+00 1.109497854E-03
 3.600452185E+00 1.070754835E-03
 3.639349699E+00 1.034992049E-03
 3.678966999E+00 1.002209494E-03
 3.719317675E+00 9.664467652E-04
 3.760415554E+00 9.336642106E-04
 3.802273989E+00 9.008816560E-04
 3.844907045E+00 8.710793336E-04
 3.888329744E+00 8.382967790E-04
 3.932555914E+00 8.084944566E-04
 3.977601051E+00 7.816723664E-04
 4.023479939E+00 7.518700440E-04
 4.070208073E+00 7.250479539E-04
 4.117801189E+00 6.982258637E-04
 4.166275501E+00 6.714037736E-04
 4.215647221E+00 6.475619157E-04
 4.265932560E+00 6.237200578E-04
 4.317149162E+00 5.998781999E-04
 4.369313717E+00 5.760363420E-04
 4.422443867E+00 5.551747163E-04
 4.476557732E+00 5.313328584E-04
 4.531673431E+00 5.104712327E-04
 4.587809563E+00 4.925898393E-04
 4.644984722E+00 4.717281845E-04
 4.703218460E+00 4.538467911E-04
 4.762530327E+00 4.329851654E-04
 4.822940350E+00 4.151037720E-04
 4.884468555E+00 4.002026108E-04
 4.947135925E+00 3.823212173E-04
 5.010962963E+00 3.674200561E-04
 5.075972080E+00 3.525188949E-04
 5.142184734E+00 3.376177337E-04
 5.209623337E+00 3.227165726E-04
 5.278310299E+00 3.078154114E-04
 5.348268986E+00 2.958944824E-04
 5.419522762E+00 2.809933212E-04
 5.492095470E+00 2.690723923E-04
 5.566011906E+00 2.571514633E-04
 5.641296864E+00 2.452305343E-04
 5.717975616E+00 2.362898376E-04
 5.796073914E+00 2.243689087E-04
 5.875617981E+00 2.154282120E-04
 5.956634998E+00 2.064875152E-04
 6.039151669E+00 1.945665863E-04
 6.123196125E+00 1.886061218E-04
 6.208796501E+00 1.796654251E-04
 6.295981884E+00 1.707247284E-04
 6.384781361E+00 1.617840317E-04
 6.475224972E+00 1.558235672E-04
 6.567342758E+00 1.498631027E-04
 6.661166191E+00 1.409224060E-04
 6.756726265E+00 1.349619415E-04
 6.854055882E+00 1.290014770E-04
 6.953187466E+00 1.230410126E-04
 7.054154396E+00 1.170805554E-04
 7.156990528E+00 1.141003231E-04
 7.261730671E+00 1.081398586E-04
 7.368409634E+00 1.021793942E-04
 7.477064133E+00 9.919916192E-05
 7.587729931E+00 9.621892968E-05
 7.700444698E+00 9.025846521E-05
 7.815246582E+00 8.727823297E-05
 7.932173729E+00 8.429800073E-05
 8.051265717E+00 8.131776849E-05
 8.172562599E+00 7.833753625E-05
 8.296105385E+00 7.535730401E-05
 8.421935081E+00 7.237707177E-05
 8.550094604E+00 6.939683954E-05
 8.680626869E+00 6.939683954E-05
 8.813575745E+00 6.641660730E-05
 8.948986053E+00 6.343637506E-05
 9.086903572E+00 6.343637506E-05
 9.227374077E+00 6.045613918E-05
 9.370446205E+00 6.045613918E-05
 9.516166687E+00 5.747590694E-05
 9.664585114E+00 5.747590694E-05
 9.815751076E+00 5.449567470E-05
 9.969716072E+00 5.449567470E-05
 1.012653160E+01 5.449567470E-05
 1.028625011E+01 5.151544246E-05
 1.044892597E+01 5.151544246E-05
 1.061461449E+01 5.151544246E-05
 1.078337002E+01 5.151544246E-05
 1.095524979E+01 5.151544246E-05
 1.113031197E+01 4.853521023E-05
 1.130861473E+01 4.853521023E-05
 1.149022007E+01 4.853521023E-05
 1.167518616E+01 4.853521023E-05
 1.186357784E+01 4.853521023E-05
 1.205545712E+01 4.853521023E-05
 1.225088882E+01 4.853521023E-05
 1.244993877E+01 4.853521023E-05
 1.265267467E+01 4.853521023E-05
 1.285916328E+01 4.853521023E-05
 1.306947613E+01 4.853521023E-05
 1.328368187E+01 4.853521023E-05
 1.350185299E+01 4.853521023E-05
 1.372406483E+01 4.853521023E-05
 1.395038986E+01 4.853521023E-05
 1.418090534E+01 4.853521023E-05
 1.441568851E+01 4.853521023E-05
 1.465481949E+01 4.853521023E-05
 1.489837646E+01 4.853521023E-05
 1.514644432E+01 4.853521023E-05
 1.539910412E+01 5.151544246E-05
 1.565644169E+01 5.151544246E-05
 1.591854382E+01 5.151544246E-05
 1.618549919E+01 5.151544246E-05
 1.645739555E+01 5.151544246E-05
 1.673432732E+01 5.151544246E-05
 1.701638603E+01 5.151544246E-05
 1.730366707E+01 5.151544246E-05
 1.759626770E+01 5.151544246E-05
 1.789428520E+01 5.151544246E-05
 1.819782066E+01 5.151544246E-05
 1.850697517E+01 5.449567470E-05
 1.882185364E+01 5.449567470E-05
 1.914256096E+01 5.449567470E-05
 1.946920776E+01 5.449567470E-05
 1.980190277E+01 5.449567470E-05
 2.014075470E+01 5.449567470E-05
 2.048588371E+01 5.449567470E-05
 2.083740044E+01 5.747590694E-05
 2.119542503E+01 5.747590694E-05
 2.156007957E+01 5.747590694E-05
 2.193148422E+01 5.747590694E-05
 2.230976677E+01 6.045613918E-05
 2.269505310E+01 6.045613918E-05
 2.308747101E+01 6.343637506E-05
 2.348715591E+01 6.641660730E-05
 2.389424133E+01 6.939683954E-05
 2.430886269E+01 7.237707177E-05
 2.473115921E+01 7.833753625E-05
 2.516127586E+01 8.727823297E-05
 2.559935760E+01 1.111200909E-04
 2.604554749E+01 2.005270508E-04
 2.650000000E+01 2.720526245E-04
zone, t="FUN3D"
 2.780639759E-16 4.919864982E-02
 7.999999798E-04 2.148899995E-02
 1.606264967E-03 2.788960002E-02
 2.418837277E-03 2.537323348E-02
 3.237759229E-03 2.622475289E-02
 4.063073546E-03 2.568035014E-02
 4.894822836E-03 2.542541549E-02
 5.733050406E-03 2.513876744E-02
 6.577799562E-03 2.554566227E-02
 7.429112680E-03 2.672686428E-02
 8.287033997E-03 2.847228386E-02
 9.151606821E-03 3.024233878E-02
 1.002287492E-02 3.162894771E-02
 1.090088207E-02 3.248624504E-02
 1.178567298E-02 3.288740665E-02
 1.267729141E-02 3.298183158E-02
 1.357578207E-02 3.290781751E-02
 1.448118873E-02 3.275882080E-02
 1.539355703E-02 3.258670121E-02
 1.631293073E-02 3.241584823E-02
 1.723935641E-02 3.225636110E-02
 1.817287691E-02 3.211195022E-02
 1.911354065E-02 3.198381141E-02
 2.006139047E-02 3.187210485E-02
 2.101647109E-02 3.177639470E-02
 2.197883092E-02 3.169583529E-02
 2.294851467E-02 3.162929416E-02
 2.392556891E-02 3.157550097E-02
 2.491003834E-02 3.153317794E-02
 2.590196952E-02 3.150112927E-02
 2.690140903E-02 3.147826344E-02
 2.790840343E-02 3.146361932E-02
 2.892299928E-02 3.145635128E-02
 2.994524129E-02 3.145573661E-02
 3.097517975E-02 3.146114573E-02
 3.201285750E-02 3.147204593E-02
 3.305832669E-02 3.148797527E-02
 3.411163017E-02 3.150853515E-02
 3.517281637E-02 3.153339401E-02
 3.624192998E-02 3.156225756E-02
 3.731902316E-02 3.159488365E-02
 3.840414062E-02 3.163104877E-02
 3.949733078E-02 3.167056665E-02
 4.059864208E-02 3.171328083E-02
 4.170811921E-02 3.175904229E-02
 4.282581061E-02 3.180773184E-02
 4.395176470E-02 3.185923770E-02
 4.508602992E-02 3.191346675E-02
 4.622865468E-02 3.197033703E-02
 4.737968370E-02 3.202977031E-02
 4.853916913E-02 3.209171072E-02
 4.970715567E-02 3.215610236E-02
 5.088369548E-02 3.222289681E-02
 5.206883326E-02 3.229205310E-02
 5.326262116E-02 3.236353770E-02
 5.446510017E-02 3.243731707E-02
 5.567632616E-02 3.251337633E-02
 5.689634383E-02 3.259168565E-02
 5.812519789E-02 3.267223388E-02
 5.936294422E-02 3.275500983E-02
 6.060962752E-02 3.284000605E-02
 6.186529621E-02 3.292721510E-02
 6.312999874E-02 3.301664069E-02
 6.440377980E-02 3.310827538E-02
 6.568669528E-02 3.320212662E-02
 6.697878242E-02 3.329820186E-02
 6.828010082E-02 3.339650109E-02
 6.959069520E-02 3.349704295E-02
 7.091061771E-02 3.359983116E-02
 7.223990560E-02 3.370488063E-02
 7.357861102E-02 3.381220624E-02
 7.492678612E-02 3.392182663E-02
 7.628447562E-02 3.403376043E-02
 7.765173167E-02 3.414802626E-02
 7.902859896E-02 3.426464647E-02
 8.041512221E-02 3.438364714E-02
 8.181135356E-02 3.450505063E-02
 8.321733773E-02 3.462888300E-02
 8.463312685E-02 3.475517407E-02
 8.605875820E-02 3.488394991E-02
 8.749429882E-02 3.501524776E-02
 8.893977106E-02 3.514909372E-02
 9.039524198E-02 3.528552130E-02
 9.186074883E-02 3.542457148E-02
 9.333634377E-02 3.556627408E-02
 9.482206404E-02 3.571067378E-02
 9.631796926E-02 3.585780784E-02
 9.782408923E-02 3.600771353E-02
 9.934049100E-02 3.616043925E-02
 1.008672044E-01 3.631602600E-02
 1.024042815E-01 3.647451848E-02
 1.039517671E-01 3.663596883E-02
 1.055097058E-01 3.680042177E-02
 1.070781425E-01 3.696792573E-02
 1.086571217E-01 3.713854030E-02
 1.102466956E-01 3.731231391E-02
 1.118469015E-01 3.748930618E-02
 1.134577915E-01 3.766956925E-02
 1.150793955E-01 3.785317019E-02
 1.167117655E-01 3.804016113E-02
 1.183549538E-01 3.823061287E-02
 1.200089902E-01 3.842458874E-02
 1.216739267E-01 3.862215206E-02
 1.233498007E-01 3.882337362E-02
 1.250366569E-01 3.902833164E-02
 1.267345399E-01 3.923708946E-02
 1.284434944E-01 3.944972903E-02
 1.301635504E-01 3.966632858E-02
 1.318947524E-01 3.988697007E-02
 1.336371601E-01 4.011173174E-02
 1.353907883E-01 4.034070298E-02
 1.371556818E-01 4.057397321E-02
 1.389319003E-01 4.081163183E-02
 1.407194734E-01 4.105377197E-02
 1.425184160E-01 4.130049422E-02
 1.443288028E-01 4.155189544E-02
 1.461506635E-01 4.180807993E-02
 1.479840279E-01 4.206915945E-02
 1.498289257E-01 4.233523831E-02
 1.516854167E-01 4.260643199E-02
 1.535535157E-01 4.288285598E-02
 1.554332823E-01 4.316463694E-02
 1.573247313E-01 4.345189407E-02
 1.592279077E-01 4.374476522E-02
 1.611428410E-01 4.404337332E-02
 1.630695611E-01 4.434786737E-02
 1.650081277E-01 4.465838149E-02
 1.669585407E-01 4.497506842E-02
 1.689208597E-01 4.529808462E-02
 1.708951145E-01 4.562757909E-02
 1.728813201E-01 4.596372321E-02
 1.748795062E-01 4.630668089E-02
 1.768897325E-01 4.665663466E-02
 1.789119989E-01 4.701376334E-02
 1.809463501E-01 4.737825319E-02
 1.829928160E-01 4.775030166E-02
 1.850514114E-01 4.813010991E-02
 1.871221811E-01 4.851789400E-02
 1.892051548E-01 4.891386256E-02
 1.913003325E-01 4.931825027E-02
 1.934077740E-01 4.973128811E-02
 1.955274791E-01 5.015322194E-02
 1.976594776E-01 5.058430508E-02
 1.998037994E-01 5.102479830E-02
 2.019604743E-01 5.147498101E-02
 2.041295022E-01 5.193514004E-02
 2.063109279E-01 5.240556970E-02
 2.085047662E-01 5.288657919E-02
 2.107110322E-01 5.337849259E-02
 2.129297554E-01 5.388164893E-02
 2.151609361E-01 5.439639837E-02
 2.174046040E-01 5.492310971E-02
 2.196607888E-01 5.546216294E-02
 2.219294906E-01 5.601396039E-02
 2.242107242E-01 5.657892302E-02
 2.265045196E-01 5.715748668E-02
 2.288108766E-01 5.775011703E-02
 2.311298251E-01 5.835729092E-02
 2.334613651E-01 5.897951871E-02
 2.358054966E-01 5.961732566E-02
 2.381622493E-01 6.027127802E-02
 2.405316383E-01 6.094195694E-02
 2.429136485E-01 6.162998825E-02
 2.453083098E-01 6.233601645E-02
 2.477156222E-01 6.306073815E-02
 2.501356006E-01 6.380487233E-02
 2.525682449E-01 6.456919760E-02
 2.550135255E-01 6.535452604E-02
 2.574715018E-01 6.616172194E-02
 2.599421442E-01 6.699170917E-02
 2.624254823E-01 6.784546375E-02
 2.649214864E-01 6.872403622E-02
 2.674301565E-01 6.962854415E-02
 2.699515224E-01 7.056018710E-02
 2.724855542E-01 7.152023911E-02
 2.750322521E-01 7.251010090E-02
 2.775916159E-01 7.353126258E-02
 2.801636457E-01 7.458534837E-02
 2.827483416E-01 7.567413896E-02
 2.853456736E-01 7.679956406E-02
 2.879556417E-01 7.796373963E-02
 2.905782461E-01 7.916902751E-02
 2.932134569E-01 8.041808009E-02
 2.958613038E-01 8.171401173E-02
 2.985217273E-01 8.306053281E-02
 3.011947274E-01 8.446191996E-02
 3.038803041E-01 8.592271060E-02
 3.065784574E-01 8.744712174E-02
 3.092890978E-01 8.903853595E-02
 3.120122850E-01 9.069953114E-02
 3.147479594E-01 9.243203700E-02
 3.174961209E-01 9.423744678E-02
 3.202567399E-01 9.611662477E-02
 3.230297565E-01 9.806997329E-02
 3.258152306E-01 1.000973955E-01
 3.286130428E-01 1.021981165E-01
 3.314232230E-01 1.043707430E-01
 3.342457414E-01 1.066131815E-01
 3.370805681E-01 1.089217812E-01
 3.399276435E-01 1.112949550E-01
 3.427869678E-01 1.137308106E-01
 3.456584811E-01 1.162249818E-01
 3.485421836E-01 1.187757701E-01
 3.514380157E-01 1.213744134E-01
 3.543459177E-01 1.240156740E-01
 3.572659194E-01 1.266989708E-01
 3.601979017E-01 1.294219643E-01
 3.631418645E-01 1.321728528E-01
 3.660977483E-01 1.349410713E-01
 3.690654933E-01 1.377291828E-01
 3.720450699E-01 1.405387223E-01
 3.750364482E-01 1.433391124E-01
 3.780395389E-01 1.461326182E-01
 3.810542822E-01 1.489372551E-01
 3.840806186E-01 1.517026424E-01
 3.871185184E-01 1.544455588E-01
 3.901678622E-01 1.571707129E-01
 3.932286203E-01 1.598273814E-01
 3.963007331E-01 1.624670923E-01
 3.993840814E-01 1.650237292E-01
 4.024785757E-01 1.675165892E-01
 4.055841863E-01 1.699466556E-01
 4.087007940E-01 1.722777188E-01
 4.118283093E-01 1.745316982E-01
 4.149666429E-01 1.766727269E-01
 4.181156456E-01 1.787117124E-01
 4.212752879E-01 1.806301177E-01
 4.244453907E-01 1.824170351E-01
 4.276258647E-01 1.840794832E-01
 4.308166206E-01 1.855785698E-01
 4.340174794E-01 1.869495362E-01
 4.372283220E-01 1.881319731E-01
 4.404490292E-01 1.891609579E-01
 4.436794519E-01 1.900101453E-01
 4.469194710E-01 1.906415075E-01
 4.501688778E-01 1.911263913E-01
 4.534275532E-01 1.913553625E-01
 4.566953778E-01 1.913999021E-01
 4.599721134E-01 1.912240684E-01
 4.632576406E-01 1.907765269E-01
 4.665518105E-01 1.901421994E-01
 4.698544145E-01 1.892343909E-01
 4.731652737E-01 1.880407035E-01
 4.764842689E-01 1.866317093E-01
 4.798111618E-01 1.849281043E-01
 4.831458032E-01 1.829194129E-01
 4.864880145E-01 1.806423366E-01
 4.898376465E-01 1.780834198E-01
 4.931944907E-01 1.751862466E-01
 4.965583980E-01 1.719682068E-01
 4.999292195E-01 1.684601456E-01
 5.033067465E-01 1.646156907E-01
 5.066908002E-01 1.604094654E-01
 5.100812912E-01 1.558624506E-01
 5.134780407E-01 1.509770453E-01
 5.168808699E-01 1.457451135E-01
 5.202897191E-01 1.401197016E-01
 5.237043500E-01 1.341078877E-01
 5.271247625E-01 1.277447045E-01
 5.305507779E-01 1.209887117E-01
 5.339823365E-01 1.138575301E-01
 5.374191999E-01 1.063032225E-01
 5.408614874E-01 9.833761305E-02
 5.443089604E-01 8.998581767E-02
 5.477616787E-01 8.122028410E-02
 5.512195230E-01 7.204329967E-02
 5.546824932E-01 6.245357171E-02
 5.581504703E-01 5.242683366E-02
 5.616235137E-01 4.197068140E-02
 5.651015639E-01 3.110416420E-02
 5.685847402E-01 1.981038041E-02
 5.720728636E-01 8.095078170E-03
 5.755661130E-01 -4.043727182E-03
 5.790644884E-01 -1.660241000E-02
 5.825679898E-01 -2.958028577E-02
 5.860767365E-01 -4.297966510E-02
 5.895906687E-01 -5.679551885E-02
 5.931099653E-01 -7.102426142E-02
 5.966346264E-01 -8.563692123E-02
 6.001648307E-01 -1.006813645E-01
 6.037005186E-01 -1.160508543E-01
 6.072419286E-01 -1.317582726E-01
 6.107890606E-01 -1.478348523E-01
 6.143419743E-01 -1.642495990E-01
 6.179008484E-01 -1.809818745E-01
 6.214657426E-01 -1.980117112E-01
 6.250367761E-01 -2.153169364E-01
 6.286140084E-01 -2.328734994E-01
 6.321974993E-01 -2.506546676E-01
 6.357874274E-01 -2.686311901E-01
 6.393837333E-01 -2.867721021E-01
 6.429865360E-01 -3.050436080E-01
 6.465959549E-01 -3.234087527E-01
 6.502119303E-01 -3.418287337E-01
 6.538345814E-01 -3.602623940E-01
 6.574639082E-01 -3.786649704E-01
 6.610997915E-01 -3.969896138E-01
 6.647424102E-01 -4.151879251E-01
 6.683915854E-01 -4.332083166E-01
 6.720473170E-01 -4.509972632E-01
 6.757094860E-01 -4.685000181E-01
 6.793780923E-01 -4.856590033E-01
 6.830529571E-01 -5.024170876E-01
 6.867339015E-01 -5.187152624E-01
 6.904208660E-01 -5.344962478E-01
 6.941135526E-01 -5.496915579E-01
 6.978118420E-01 -5.642703176E-01
 7.015154362E-01 -5.780876875E-01
 7.052240968E-01 -5.911014080E-01
 7.089375854E-01 -6.033306122E-01
 7.126555443E-01 -6.146745682E-01
 7.163776159E-01 -6.250998974E-01
 7.201035023E-01 -6.345425248E-01
 7.238328457E-01 -6.429799199E-01
 7.275652289E-01 -6.503324509E-01
 7.313002348E-01 -6.564965844E-01
 7.350375056E-01 -6.615214944E-01
 7.387765050E-01 -6.654099226E-01
 7.425169349E-01 -6.681246161E-01
 7.462582588E-01 -6.696304083E-01
 7.500000000E-01 -6.699875593E-01
 7.537417412E-01 -6.690364480E-01
 7.574830651E-01 -6.668096185E-01
 7.612234950E-01 -6.634687185E-01
 7.649624944E-01 -6.589457989E-01
 7.686997652E-01 -6.532857418E-01
 7.724347711E-01 -6.465218663E-01
 7.761671543E-01 -6.386587024E-01
 7.798964977E-01 -6.296793222E-01
 7.836223841E-01 -6.197102070E-01
 7.873444557E-01 -6.088202000E-01
 7.910624146E-01 -5.970382690E-01
 7.947759032E-01 -5.844288468E-01
 7.984845638E-01 -5.710315108E-01
 8.021881580E-01 -5.569434762E-01
 8.058864474E-01 -5.421580672E-01
 8.095791340E-01 -5.267438889E-01
 8.132660985E-01 -5.108326077E-01
 8.169470429E-01 -4.944543839E-01
 8.206219077E-01 -4.776783884E-01
 8.242905140E-01 -4.605606198E-01
 8.279526830E-01 -4.431627989E-01
 8.316084146E-01 -4.255414307E-01
 8.352575898E-01 -4.077538848E-01
 8.389002085E-01 -3.898535669E-01
 8.425360918E-01 -3.718926013E-01
 8.461654186E-01 -3.539203405E-01
 8.497880697E-01 -3.359828889E-01
 8.534040451E-01 -3.181242943E-01
 8.570134640E-01 -3.003858924E-01
 8.606162667E-01 -2.828053236E-01
 8.642125726E-01 -2.654176652E-01
 8.678025007E-01 -2.482554317E-01
 8.713859916E-01 -2.313478291E-01
 8.749632239E-01 -2.147212476E-01
 8.785342574E-01 -1.983999312E-01
 8.820991516E-01 -1.824045330E-01
 8.856580257E-01 -1.667509526E-01
 8.892109394E-01 -1.514517069E-01
 8.927580714E-01 -1.365214139E-01
 8.962994814E-01 -1.219804510E-01
 8.998351693E-01 -1.078020260E-01
 9.033653736E-01 -9.400635958E-02
 9.068900347E-01 -8.070991188E-02
 9.104093313E-01 -6.779007614E-02
 9.139232635E-01 -5.527778715E-02
 9.174320102E-01 -4.317381233E-02
 9.209355116E-01 -3.148066252E-02
 9.244338870E-01 -2.019811794E-02
 9.279271364E-01 -9.320692159E-03
 9.314152598E-01 1.155704143E-03
 9.348984361E-01 1.123550627E-02
 9.383764863E-01 2.092478052E-02
 9.418495297E-01 3.022759221E-02
 9.453175068E-01 3.915659338E-02
 9.487804770E-01 4.770623520E-02
 9.522383213E-01 5.588484555E-02
 9.556910396E-01 6.370998174E-02
 9.591385126E-01 7.118459046E-02
 9.625808001E-01 7.831450552E-02
 9.660176635E-01 8.511635661E-02
 9.694492221E-01 9.157919139E-02
 9.728752375E-01 9.771195054E-02
 9.762956500E-01 1.035396531E-01
 9.797102809E-01 1.090552285E-01
 9.831191301E-01 1.142822579E-01
 9.865219593E-01 1.192015857E-01
 9.899187088E-01 1.238241792E-01
 9.933091998E-01 1.281744093E-01
 9.966932535E-01 1.322537363E-01
 1.000070810E+00 1.360612661E-01
 1.003441572E+00 1.395917237E-01
 1.006805539E+00 1.428656131E-01
 1.010162354E+00 1.459026188E-01
 1.013512015E+00 1.486816555E-01
 1.016854167E+00 1.512043476E-01
 1.020188808E+00 1.535032541E-01
 1.023515701E+00 1.555782408E-01
 1.026834726E+00 1.574089974E-01
 1.030145645E+00 1.590132862E-01
 1.033448219E+00 1.604292542E-01
 1.036742330E+00 1.616079062E-01
 1.040027857E+00 1.625756770E-01
 1.043304682E+00 1.633719951E-01
 1.046572447E+00 1.639416814E-01
 1.049831152E+00 1.643328667E-01
 1.053080559E+00 1.645499319E-01
 1.056320548E+00 1.645597070E-01
 1.059551001E+00 1.644316912E-01
 1.062771678E+00 1.641089767E-01
 1.065982580E+00 1.636340469E-01
 1.069183350E+00 1.630096734E-01
 1.072374105E+00 1.622220278E-01
 1.075554609E+00 1.613096595E-01
 1.078724742E+00 1.602466404E-01
 1.081884384E+00 1.590656340E-01
 1.085033417E+00 1.577564627E-01
 1.088171721E+00 1.563334316E-01
 1.091299176E+00 1.548055857E-01
 1.094415784E+00 1.531696171E-01
 1.097521424E+00 1.514506191E-01
 1.100615978E+00 1.496324241E-01
 1.103699327E+00 1.477474421E-01
 1.106771350E+00 1.457858831E-01
 1.109832168E+00 1.437469721E-01
 1.112881541E+00 1.416740865E-01
 1.115919352E+00 1.395273656E-01
 1.118945718E+00 1.373549849E-01
 1.121960521E+00 1.351413578E-01
 1.124963522E+00 1.328867525E-01
 1.127954960E+00 1.306274980E-01
 1.130934477E+00 1.283433288E-01
 1.133902311E+00 1.260433048E-01
 1.136858106E+00 1.237494648E-01
 1.139802098E+00 1.214566007E-01
 1.142734051E+00 1.191671938E-01
 1.145654082E+00 1.168922484E-01
 1.148561954E+00 1.146396026E-01
 1.151457787E+00 1.124099866E-01
 1.154341459E+00 1.102060080E-01
 1.157212973E+00 1.080343872E-01
 1.160072327E+00 1.059015170E-01
 1.162919402E+00 1.038083211E-01
 1.165754199E+00 1.017590612E-01
 1.168576717E+00 9.975544363E-02
 1.171386957E+00 9.780029953E-02
 1.174184799E+00 9.589687735E-02
 1.176970243E+00 9.404671937E-02
 1.179743290E+00 9.225107729E-02
 1.182503939E+00 9.051077068E-02
 1.185252070E+00 8.882617205E-02
 1.187987685E+00 8.719727397E-02
 1.190710902E+00 8.562368155E-02
 1.193421602E+00 8.410455287E-02
 1.196119666E+00 8.263853192E-02
 1.198805213E+00 8.122365922E-02
 1.201478243E+00 7.985740900E-02
 1.204138756E+00 7.853686810E-02
 1.206786513E+00 7.725913823E-02
 1.209421754E+00 7.602167875E-02
 1.212044358E+00 7.482229173E-02
 1.214654326E+00 7.365902513E-02
 1.217251658E+00 7.253011316E-02
 1.219836354E+00 7.143393904E-02
 1.222408414E+00 7.036901265E-02
 1.224967718E+00 6.933394819E-02
 1.227514505E+00 6.832744926E-02
 1.230048537E+00 6.734831631E-02
 1.232569814E+00 6.639541686E-02
 1.235078573E+00 6.546767801E-02
 1.237574458E+00 6.456410885E-02
 1.240057826E+00 6.368377060E-02
 1.242528439E+00 6.282575428E-02
 1.244986415E+00 6.198922917E-02
 1.247431755E+00 6.117338687E-02
 1.249864459E+00 6.037747860E-02
 1.252284408E+00 5.960077420E-02
 1.254691720E+00 5.884259939E-02
 1.257086396E+00 5.810229108E-02
 1.259468317E+00 5.737923831E-02
 1.261837721E+00 5.667284504E-02
 1.264194489E+00 5.598255247E-02
 1.266538620E+00 5.530781671E-02
 1.268870234E+00 5.464812368E-02
 1.271189094E+00 5.400298536E-02
 1.273495436E+00 5.337192863E-02
 1.275789261E+00 5.275450274E-02
 1.278070450E+00 5.215027928E-02
 1.280339241E+00 5.155884102E-02
 1.282595396E+00 5.097979680E-02
 1.284839034E+00 5.041275918E-02
 1.287070274E+00 4.985737056E-02
 1.289288998E+00 4.931327328E-02
 1.291495204E+00 4.878013581E-02
 1.293689013E+00 4.825763404E-02
 1.295870543E+00 4.774545133E-02
 1.298039556E+00 4.724329337E-02
 1.300196171E+00 4.675086588E-02
 1.302340508E+00 4.626789317E-02
 1.304472566E+00 4.579411075E-02
 1.306592226E+00 4.532925785E-02
 1.308699608E+00 4.487308487E-02
 1.310794830E+00 4.442534968E-02
 1.312877774E+00 4.398582131E-02
 1.314948559E+00 4.355427995E-02
 1.317007184E+00 4.313050583E-02
 1.319053650E+00 4.271429032E-02
 1.321087956E+00 4.230543226E-02
 1.323110223E+00 4.190373793E-02
 1.325120449E+00 4.150901735E-02
 1.327118635E+00 4.112108424E-02
 1.329104900E+00 4.073976725E-02
 1.331079125E+00 4.036489129E-02
 1.333041430E+00 3.999629244E-02
 1.334991932E+00 3.963381052E-02
 1.336930394E+00 3.927729279E-02
 1.338857174E+00 3.892658278E-02
 1.340772152E+00 3.858153522E-02
 1.342675328E+00 3.824201226E-02
 1.344566703E+00 3.790787235E-02
 1.346446514E+00 3.757898510E-02
 1.348314643E+00 3.725522012E-02
 1.350171089E+00 3.693644702E-02
 1.352015972E+00 3.662255034E-02
 1.353849292E+00 3.631340712E-02
 1.355671167E+00 3.600890562E-02
 1.357481599E+00 3.570893034E-02
 1.359280586E+00 3.541336954E-02
 1.361068130E+00 3.512212262E-02
 1.362844348E+00 3.483508155E-02
 1.364609241E+00 3.455214947E-02
 1.366362810E+00 3.427322581E-02
 1.368105292E+00 3.399821743E-02
 1.369836450E+00 3.372702748E-02
 1.371556520E+00 3.345957026E-02
 1.373265505E+00 3.319575265E-02
 1.374963284E+00 3.293549269E-02
 1.376650214E+00 3.267870098E-02
 1.378326058E+00 3.242530301E-02
 1.379991055E+00 3.217520937E-02
 1.381645083E+00 3.192834929E-02
 1.383288264E+00 3.168464452E-02
 1.384920597E+00 3.144402057E-02
 1.386542201E+00 3.120640106E-02
 1.388153076E+00 3.097171895E-02
 1.389753342E+00 3.073990159E-02
 1.391342878E+00 3.051088192E-02
 1.392921805E+00 3.028459288E-02
 1.394490242E+00 3.006096743E-02
 1.396048188E+00 2.983994409E-02
 1.397595763E+00 2.962145768E-02
 1.399132848E+00 2.940544672E-02
 1.400659561E+00 2.919185162E-02
 1.402175903E+00 2.898061275E-02
 1.403681993E+00 2.877167054E-02
 1.405177951E+00 2.856496908E-02
 1.406663656E+00 2.836045064E-02
 1.408139229E+00 2.815805934E-02
 1.409604788E+00 2.795774303E-02
 1.411060214E+00 2.775944397E-02
 1.412505746E+00 2.756311186E-02
 1.413941264E+00 2.736869454E-02
 1.415366888E+00 2.717613988E-02
 1.416782618E+00 2.698539570E-02
 1.418188691E+00 2.679641359E-02
 1.419584870E+00 2.660914138E-02
 1.420971394E+00 2.642353252E-02
 1.422348261E+00 2.623953484E-02
 1.423715472E+00 2.605710365E-02
 1.425073266E+00 2.587618679E-02
 1.426421404E+00 2.569673955E-02
 1.427760124E+00 2.551871352E-02
 1.429089427E+00 2.534206025E-02
 1.430409312E+00 2.516673505E-02
 1.431719899E+00 2.499268949E-02
 1.433021188E+00 2.481987514E-02
 1.434313297E+00 2.464824729E-02
 1.435596228E+00 2.447775751E-02
 1.436869979E+00 2.430835925E-02
 1.438134670E+00 2.414000593E-02
 1.439390421E+00 2.397264726E-02
 1.440637112E+00 2.380623668E-02
 1.441874743E+00 2.364072576E-02
 1.443103671E+00 2.347606607E-02
 1.444323659E+00 2.331220545E-02
 1.445534945E+00 2.314909548E-02
 1.446737409E+00 2.298668399E-02
 1.447931170E+00 2.282491699E-02
 1.449116349E+00 2.266374417E-02
 1.450292826E+00 2.250310779E-02
 1.451460838E+00 2.234295383E-02
 1.452620268E+00 2.218322270E-02
 1.453771353E+00 2.202385664E-02
 1.454913974E+00 2.186479047E-02
 1.456048250E+00 2.170596272E-02
 1.457174182E+00 2.154730633E-02
 1.458291888E+00 2.138875239E-02
 1.459401369E+00 2.123022638E-02
 1.460502625E+00 2.107165195E-02
 1.461595893E+00 2.091294900E-02
 1.462680936E+00 2.075403556E-02
 1.463758111E+00 2.059481665E-02
 1.464827180E+00 2.043520100E-02
 1.465888381E+00 2.027508244E-02
 1.466941714E+00 2.011435479E-02
 1.467987180E+00 1.995290071E-02
 1.469024777E+00 1.979059167E-02
 1.470054746E+00 1.962729171E-02
 1.471076965E+00 1.946285181E-02
 1.472091556E+00 1.929710805E-02
 1.473098636E+00 1.912988536E-02
 1.474098086E+00 1.896098629E-02
 1.475089908E+00 1.879019663E-02
 1.476074457E+00 1.861727238E-02
 1.477051497E+00 1.844194904E-02
 1.478021145E+00 1.826392859E-02
 1.478983521E+00 1.808287017E-02
 1.479938626E+00 1.789839566E-02
 1.480886459E+00 1.771006733E-02
 1.481827140E+00 1.751739159E-02
 1.482760668E+00 1.731979102E-02
 1.483687043E+00 1.711660437E-02
 1.484606385E+00 1.690705679E-02
 1.485518813E+00 1.669024862E-02
 1.486424208E+00 1.646511070E-02
 1.487322688E+00 1.623033546E-02
 1.488214374E+00 1.598425023E-02
 1.489099145E+00 1.572467200E-02
 1.489977121E+00 1.544884127E-02
 1.490848422E+00 1.515383553E-02
 1.491712928E+00 1.483721938E-02
 1.492570877E+00 1.449809037E-02
 1.493422151E+00 1.413403917E-02
 1.494266987E+00 1.373440400E-02
 1.495105147E+00 1.325825974E-02
 1.495936871E+00 1.262820885E-02
 1.496762276E+00 1.172381639E-02
 1.497581124E+00 1.051465422E-02
 1.498393774E+00 9.145938791E-03
 1.499199986E+00 8.295292035E-03
 1.500000000E+00 7.561709266E-03
