variables="y/b","U/U<sub>m</sub>"
zone, t="CFL3D, x=29"
    0.00000E+00    0.10000E+01
    0.39721E-02    0.99998E+00
    0.83779E-02    0.99993E+00
    0.13125E-01    0.99983E+00
    0.18138E-01    0.99967E+00
    0.23358E-01    0.99946E+00
    0.28741E-01    0.99918E+00
    0.34255E-01    0.99883E+00
    0.39873E-01    0.99842E+00
    0.45579E-01    0.99794E+00
    0.51357E-01    0.99739E+00
    0.57199E-01    0.99676E+00
    0.63095E-01    0.99607E+00
    0.69040E-01    0.99530E+00
    0.75029E-01    0.99445E+00
    0.81058E-01    0.99354E+00
    0.87122E-01    0.99255E+00
    0.93221E-01    0.99148E+00
    0.99350E-01    0.99035E+00
    0.10551E+00    0.98914E+00
    0.11170E+00    0.98785E+00
    0.11791E+00    0.98649E+00
    0.12414E+00    0.98506E+00
    0.13040E+00    0.98356E+00
    0.13668E+00    0.98199E+00
    0.14298E+00    0.98035E+00
    0.14930E+00    0.97863E+00
    0.15564E+00    0.97685E+00
    0.16199E+00    0.97500E+00
    0.16836E+00    0.97308E+00
    0.17475E+00    0.97110E+00
    0.18115E+00    0.96905E+00
    0.18757E+00    0.96694E+00
    0.19399E+00    0.96476E+00
    0.20044E+00    0.96252E+00
    0.20689E+00    0.96023E+00
    0.21335E+00    0.95787E+00
    0.21983E+00    0.95545E+00
    0.22631E+00    0.95298E+00
    0.23281E+00    0.95044E+00
    0.23931E+00    0.94786E+00
    0.24582E+00    0.94522E+00
    0.25234E+00    0.94253E+00
    0.25887E+00    0.93979E+00
    0.26541E+00    0.93699E+00
    0.27195E+00    0.93415E+00
    0.27850E+00    0.93126E+00
    0.28505E+00    0.92833E+00
    0.29161E+00    0.92535E+00
    0.29818E+00    0.92233E+00
    0.30475E+00    0.91926E+00
    0.31132E+00    0.91615E+00
    0.31790E+00    0.91300E+00
    0.32449E+00    0.90982E+00
    0.33107E+00    0.90659E+00
    0.33766E+00    0.90333E+00
    0.34426E+00    0.90003E+00
    0.35085E+00    0.89670E+00
    0.35745E+00    0.89333E+00
    0.36405E+00    0.88994E+00
    0.37066E+00    0.88651E+00
    0.37726E+00    0.88304E+00
    0.38387E+00    0.87955E+00
    0.39048E+00    0.87603E+00
    0.39708E+00    0.87249E+00
    0.40369E+00    0.86891E+00
    0.41030E+00    0.86531E+00
    0.41691E+00    0.86169E+00
    0.42353E+00    0.85804E+00
    0.43014E+00    0.85437E+00
    0.43675E+00    0.85067E+00
    0.44336E+00    0.84696E+00
    0.44997E+00    0.84322E+00
    0.45658E+00    0.83946E+00
    0.46319E+00    0.83569E+00
    0.46979E+00    0.83189E+00
    0.47640E+00    0.82808E+00
    0.48300E+00    0.82425E+00
    0.48961E+00    0.82040E+00
    0.49621E+00    0.81653E+00
    0.50281E+00    0.81266E+00
    0.50941E+00    0.80876E+00
    0.51600E+00    0.80485E+00
    0.52260E+00    0.80093E+00
    0.52919E+00    0.79700E+00
    0.53578E+00    0.79305E+00
    0.54236E+00    0.78910E+00
    0.54895E+00    0.78513E+00
    0.55553E+00    0.78115E+00
    0.56211E+00    0.77716E+00
    0.56868E+00    0.77316E+00
    0.57525E+00    0.76915E+00
    0.58182E+00    0.76513E+00
    0.58839E+00    0.76110E+00
    0.59495E+00    0.75707E+00
    0.60150E+00    0.75303E+00
    0.60806E+00    0.74898E+00
    0.61461E+00    0.74492E+00
    0.62115E+00    0.74086E+00
    0.62770E+00    0.73679E+00
    0.63423E+00    0.73272E+00
    0.64077E+00    0.72864E+00
    0.64730E+00    0.72456E+00
    0.65382E+00    0.72047E+00
    0.66034E+00    0.71638E+00
    0.66686E+00    0.71229E+00
    0.67337E+00    0.70819E+00
    0.67987E+00    0.70409E+00
    0.68637E+00    0.69998E+00
    0.69287E+00    0.69588E+00
    0.69936E+00    0.69177E+00
    0.70585E+00    0.68766E+00
    0.71233E+00    0.68355E+00
    0.71880E+00    0.67943E+00
    0.72527E+00    0.67532E+00
    0.73174E+00    0.67120E+00
    0.73820E+00    0.66709E+00
    0.74465E+00    0.66297E+00
    0.75110E+00    0.65886E+00
    0.75754E+00    0.65474E+00
    0.76398E+00    0.65062E+00
    0.77041E+00    0.64651E+00
    0.77684E+00    0.64239E+00
    0.78326E+00    0.63828E+00
    0.78967E+00    0.63417E+00
    0.79608E+00    0.63006E+00
    0.80248E+00    0.62595E+00
    0.80888E+00    0.62186E+00
    0.81518E+00    0.61781E+00
    0.82138E+00    0.61382E+00
    0.82750E+00    0.60988E+00
    0.83353E+00    0.60600E+00
    0.83947E+00    0.60218E+00
    0.84532E+00    0.59842E+00
    0.85108E+00    0.59470E+00
    0.85676E+00    0.59105E+00
    0.86236E+00    0.58744E+00
    0.86787E+00    0.58389E+00
    0.87330E+00    0.58039E+00
    0.87865E+00    0.57694E+00
    0.88392E+00    0.57354E+00
    0.88911E+00    0.57019E+00
    0.89423E+00    0.56690E+00
    0.89927E+00    0.56365E+00
    0.90423E+00    0.56044E+00
    0.90912E+00    0.55729E+00
    0.91394E+00    0.55418E+00
    0.91869E+00    0.55112E+00
    0.92336E+00    0.54811E+00
    0.92797E+00    0.54514E+00
    0.93250E+00    0.54221E+00
    0.93697E+00    0.53933E+00
    0.94137E+00    0.53649E+00
    0.94571E+00    0.53369E+00
    0.94998E+00    0.53094E+00
    0.95419E+00    0.52823E+00
    0.95833E+00    0.52555E+00
    0.96241E+00    0.52292E+00
    0.96643E+00    0.52033E+00
    0.97039E+00    0.51778E+00
    0.97429E+00    0.51526E+00
    0.97814E+00    0.51279E+00
    0.98192E+00    0.51035E+00
    0.98565E+00    0.50795E+00
    0.98932E+00    0.50559E+00
    0.99293E+00    0.50326E+00
    0.99649E+00    0.50096E+00
    0.10000E+01    0.49871E+00
    0.10035E+01    0.49648E+00
    0.10069E+01    0.49429E+00
    0.10102E+01    0.49214E+00
    0.10135E+01    0.49001E+00
    0.10168E+01    0.48792E+00
    0.10200E+01    0.48586E+00
    0.10231E+01    0.48384E+00
    0.10262E+01    0.48184E+00
    0.10293E+01    0.47988E+00
    0.10323E+01    0.47794E+00
    0.10352E+01    0.47604E+00
    0.10382E+01    0.47416E+00
    0.10410E+01    0.47231E+00
    0.10439E+01    0.47049E+00
    0.10466E+01    0.46870E+00
    0.10494E+01    0.46694E+00
    0.10521E+01    0.46521E+00
    0.10548E+01    0.46350E+00
    0.10574E+01    0.46182E+00
    0.10600E+01    0.46016E+00
    0.10625E+01    0.45853E+00
    0.10650E+01    0.45692E+00
    0.10675E+01    0.45534E+00
    0.10699E+01    0.45379E+00
    0.10723E+01    0.45226E+00
    0.10746E+01    0.45075E+00
    0.10769E+01    0.44927E+00
    0.10792E+01    0.44780E+00
    0.10815E+01    0.44637E+00
    0.10837E+01    0.44495E+00
    0.10858E+01    0.44356E+00
    0.10880E+01    0.44219E+00
    0.10901E+01    0.44084E+00
    0.10922E+01    0.43951E+00
    0.10942E+01    0.43820E+00
    0.10962E+01    0.43691E+00
    0.10982E+01    0.43564E+00
    0.11001E+01    0.43440E+00
    0.11021E+01    0.43317E+00
    0.11040E+01    0.43196E+00
    0.11058E+01    0.43077E+00
    0.11076E+01    0.42960E+00
    0.11094E+01    0.42845E+00
    0.11112E+01    0.42731E+00
    0.11130E+01    0.42620E+00
    0.11147E+01    0.42510E+00
    0.11164E+01    0.42402E+00
    0.11180E+01    0.42295E+00
    0.11197E+01    0.42191E+00
    0.11213E+01    0.42087E+00
    0.11229E+01    0.41986E+00
    0.11244E+01    0.41886E+00
    0.11260E+01    0.41788E+00
    0.11275E+01    0.41691E+00
    0.11290E+01    0.41596E+00
    0.11305E+01    0.41503E+00
    0.11319E+01    0.41411E+00
    0.11333E+01    0.41320E+00
    0.11347E+01    0.41231E+00
    0.11361E+01    0.41143E+00
    0.11374E+01    0.41057E+00
    0.11388E+01    0.40972E+00
    0.11401E+01    0.40888E+00
    0.11414E+01    0.40806E+00
    0.11426E+01    0.40725E+00
    0.11439E+01    0.40645E+00
    0.11451E+01    0.40567E+00
    0.11463E+01    0.40490E+00
    0.11475E+01    0.40414E+00
    0.11487E+01    0.40339E+00
    0.11498E+01    0.40266E+00
    0.11510E+01    0.40194E+00
    0.11521E+01    0.40123E+00
    0.11532E+01    0.40053E+00
    0.11543E+01    0.39984E+00
    0.11553E+01    0.39917E+00
    0.11564E+01    0.39850E+00
    0.11574E+01    0.39785E+00
    0.11584E+01    0.39720E+00
    0.11594E+01    0.39657E+00
    0.11604E+01    0.39595E+00
    0.11613E+01    0.39533E+00
    0.11623E+01    0.39473E+00
    0.11632E+01    0.39414E+00
    0.11641E+01    0.39356E+00
    0.11650E+01    0.39298E+00
    0.11659E+01    0.39242E+00
    0.11668E+01    0.39187E+00
    0.11676E+01    0.39132E+00
    0.11685E+01    0.39077E+00
    0.11694E+01    0.39021E+00
    0.11703E+01    0.38963E+00
    0.11712E+01    0.38904E+00
    0.11722E+01    0.38844E+00
    0.11731E+01    0.38781E+00
    0.11741E+01    0.38717E+00
    0.11752E+01    0.38651E+00
    0.11762E+01    0.38584E+00
    0.11773E+01    0.38514E+00
    0.11785E+01    0.38443E+00
    0.11796E+01    0.38369E+00
    0.11808E+01    0.38294E+00
    0.11820E+01    0.38216E+00
    0.11833E+01    0.38136E+00
    0.11846E+01    0.38053E+00
    0.11859E+01    0.37969E+00
    0.11873E+01    0.37881E+00
    0.11887E+01    0.37792E+00
    0.11902E+01    0.37699E+00
    0.11917E+01    0.37604E+00
    0.11932E+01    0.37506E+00
    0.11948E+01    0.37405E+00
    0.11964E+01    0.37301E+00
    0.11981E+01    0.37194E+00
    0.11999E+01    0.37084E+00
    0.12016E+01    0.36970E+00
    0.12035E+01    0.36853E+00
    0.12054E+01    0.36732E+00
    0.12074E+01    0.36608E+00
    0.12094E+01    0.36480E+00
    0.12115E+01    0.36347E+00
    0.12136E+01    0.36211E+00
    0.12158E+01    0.36071E+00
    0.12181E+01    0.35926E+00
    0.12205E+01    0.35777E+00
    0.12229E+01    0.35623E+00
    0.12254E+01    0.35464E+00
    0.12280E+01    0.35300E+00
    0.12307E+01    0.35131E+00
    0.12334E+01    0.34957E+00
    0.12363E+01    0.34777E+00
    0.12392E+01    0.34592E+00
    0.12422E+01    0.34400E+00
    0.12454E+01    0.34203E+00
    0.12486E+01    0.34000E+00
    0.12519E+01    0.33789E+00
    0.12554E+01    0.33573E+00
    0.12589E+01    0.33349E+00
    0.12626E+01    0.33118E+00
    0.12664E+01    0.32880E+00
    0.12703E+01    0.32634E+00
    0.12743E+01    0.32381E+00
    0.12785E+01    0.32119E+00
    0.12828E+01    0.31849E+00
    0.12872E+01    0.31570E+00
    0.12918E+01    0.31282E+00
    0.12965E+01    0.30985E+00
    0.13014E+01    0.30679E+00
    0.13065E+01    0.30362E+00
    0.13117E+01    0.30036E+00
    0.13171E+01    0.29699E+00
    0.13226E+01    0.29351E+00
    0.13284E+01    0.28992E+00
    0.13343E+01    0.28621E+00
    0.13405E+01    0.28239E+00
    0.13468E+01    0.27844E+00
    0.13533E+01    0.27436E+00
    0.13601E+01    0.27016E+00
    0.13671E+01    0.26582E+00
    0.13743E+01    0.26134E+00
    0.13818E+01    0.25672E+00
    0.13895E+01    0.25195E+00
    0.13975E+01    0.24703E+00
    0.14057E+01    0.24195E+00
    0.14142E+01    0.23672E+00
    0.14230E+01    0.23131E+00
    0.14321E+01    0.22574E+00
    0.14415E+01    0.21999E+00
    0.14512E+01    0.21405E+00
    0.14612E+01    0.20794E+00
    0.14716E+01    0.20163E+00
    0.14823E+01    0.19513E+00
    0.14934E+01    0.18842E+00
    0.15048E+01    0.18151E+00
    0.15166E+01    0.17439E+00
    0.15288E+01    0.16705E+00
    0.15415E+01    0.15950E+00
    0.15545E+01    0.15171E+00
    0.15680E+01    0.14371E+00
    0.15820E+01    0.13547E+00
    0.15964E+01    0.12699E+00
    0.16113E+01    0.11828E+00
    0.16267E+01    0.10934E+00
    0.16426E+01    0.10017E+00
    0.16590E+01    0.90774E-01
    0.16760E+01    0.81167E-01
    0.16936E+01    0.71369E-01
    0.17118E+01    0.61412E-01
    0.17305E+01    0.51348E-01
    0.17499E+01    0.41265E-01
    0.17700E+01    0.31311E-01
    0.17908E+01    0.21752E-01
    0.18122E+01    0.13076E-01
    0.18344E+01    0.61070E-02
    0.18573E+01    0.17958E-02
    0.18809E+01    0.20099E-03
    0.19054E+01    0.00000E+00
    0.19307E+01    0.13044E-04
    0.19569E+01    0.14514E-04
    0.19839E+01    0.17637E-04
    0.20119E+01    0.20944E-04
    0.20408E+01    0.24067E-04
    0.20707E+01    0.27190E-04
    0.21015E+01    0.30865E-04
    0.21335E+01    0.34355E-04
    0.21665E+01    0.38213E-04
    0.22006E+01    0.42071E-04
    0.22359E+01    0.46113E-04
    0.22723E+01    0.50339E-04
    0.23100E+01    0.54748E-04
    0.23490E+01    0.59157E-04
    0.23893E+01    0.63934E-04
    0.24310E+01    0.68894E-04
    0.24740E+01    0.73855E-04
    0.25185E+01    0.78999E-04
    0.25646E+01    0.84510E-04
    0.26122E+01    0.90022E-04
    0.26614E+01    0.95901E-04
    0.27122E+01    0.10178E-03
    0.27648E+01    0.10803E-03
    0.28192E+01    0.11446E-03
    0.28754E+01    0.12089E-03
    0.29335E+01    0.12787E-03
    0.29936E+01    0.13467E-03
    0.30557E+01    0.14220E-03
    0.31199E+01    0.14955E-03
    0.31863E+01    0.15726E-03
    0.32549E+01    0.16516E-03
    0.33259E+01    0.17361E-03
    0.33993E+01    0.18188E-03
    0.34752E+01    0.19070E-03
    0.35536E+01    0.19952E-03
    0.36347E+01    0.20889E-03
    0.37186E+01    0.21844E-03
    0.38053E+01    0.22836E-03
    0.38950E+01    0.23847E-03
    0.39876E+01    0.24875E-03
    0.40835E+01    0.25941E-03
    0.41826E+01    0.27025E-03
    0.42851E+01    0.28164E-03
    0.43910E+01    0.29321E-03
    0.45006E+01    0.30497E-03
    0.46138E+01    0.31710E-03
    0.47310E+01    0.32977E-03
    0.48521E+01    0.34263E-03
    0.49773E+01    0.35586E-03
    0.51068E+01    0.36927E-03
    0.52407E+01    0.38305E-03
    0.53792E+01    0.39720E-03
    0.55224E+01    0.41190E-03
    0.56704E+01    0.42659E-03
    0.58235E+01    0.44184E-03
    0.59819E+01    0.45746E-03
    0.61456E+01    0.47326E-03
    0.63149E+01    0.48961E-03
    0.64900E+01    0.50633E-03
    0.66710E+01    0.52323E-03
    0.68582E+01    0.54068E-03
    0.70519E+01    0.55814E-03
    0.72521E+01    0.57632E-03
    0.74592E+01    0.59470E-03
    0.76734E+01    0.61362E-03
    0.78948E+01    0.63273E-03
    0.81239E+01    0.65202E-03
    0.83608E+01    0.67186E-03
    0.86058E+01    0.69207E-03
    0.88592E+01    0.71246E-03
    0.91213E+01    0.73322E-03
    0.93924E+01    0.75416E-03
    0.96727E+01    0.77566E-03
    0.99627E+01    0.79715E-03
    0.10263E+02    0.81902E-03
    0.10573E+02    0.84125E-03
    0.10894E+02    0.86348E-03
    0.11226E+02    0.88626E-03
    0.11569E+02    0.90885E-03
    0.11924E+02    0.93182E-03
    0.12291E+02    0.95478E-03
    0.12672E+02    0.97812E-03
    0.13065E+02    0.10013E-02
    0.13471E+02    0.10250E-02
    0.13892E+02    0.10483E-02
    0.14327E+02    0.10716E-02
    0.14778E+02    0.10950E-02
    0.15243E+02    0.11183E-02
    0.15725E+02    0.11416E-02
    0.16224E+02    0.11648E-02
    0.16740E+02    0.11876E-02
    0.17274E+02    0.12103E-02
    0.17826E+02    0.12327E-02
    0.18398E+02    0.12546E-02
    0.18989E+02    0.12763E-02
    0.19601E+02    0.12978E-02
    0.20234E+02    0.13185E-02
    0.20890E+02    0.13388E-02
    0.21568E+02    0.13586E-02
    0.22270E+02    0.13777E-02
    0.22997E+02    0.13959E-02
    0.23749E+02    0.14137E-02
    0.24527E+02    0.14306E-02
    0.25333E+02    0.14466E-02
    0.26168E+02    0.14617E-02
    0.27031E+02    0.14760E-02
    0.27926E+02    0.14892E-02
    0.28851E+02    0.15012E-02
    0.29810E+02    0.15126E-02
    0.30803E+02    0.15223E-02
    0.31831E+02    0.15311E-02
    0.32896E+02    0.15386E-02
    0.34000E+02    0.15449E-02
    0.35142E+02    0.15498E-02
    0.36327E+02    0.15537E-02
    0.37553E+02    0.15563E-02
    0.38825E+02    0.15572E-02
    0.40143E+02    0.15570E-02
    0.41509E+02    0.15557E-02
    0.42925E+02    0.15528E-02
    0.44394E+02    0.15486E-02
    0.45917E+02    0.15432E-02
    0.47497E+02    0.15364E-02
    0.49136E+02    0.15287E-02
    0.50838E+02    0.15195E-02
    0.52604E+02    0.15092E-02
    0.54438E+02    0.14980E-02
    0.56343E+02    0.14855E-02
    0.58322E+02    0.14723E-02
    0.60379E+02    0.14582E-02
    0.62518E+02    0.14435E-02
    0.64743E+02    0.14277E-02
    0.67058E+02    0.14117E-02
    0.69468E+02    0.13952E-02
    0.71978E+02    0.13784E-02
    0.74594E+02    0.13615E-02
    0.77321E+02    0.13445E-02
    0.80166E+02    0.13275E-02
    0.83136E+02    0.13110E-02
    0.86237E+02    0.12948E-02
    0.89476E+02    0.12798E-02
    0.92861E+02    0.12656E-02
    0.96397E+02    0.12526E-02
    0.10009E+03    0.12412E-02
    0.10395E+03    0.12318E-02
    0.10796E+03    0.12248E-02
    0.11214E+03    0.12201E-02
    0.11645E+03    0.12181E-02
zone, t="CFL3D, x=64"
    0.00000E+00    0.10000E+01
    0.20684E-02    0.10000E+01
    0.44609E-02    0.99998E+00
    0.71277E-02    0.99996E+00
    0.10025E-01    0.99992E+00
    0.13116E-01    0.99987E+00
    0.16371E-01    0.99980E+00
    0.19768E-01    0.99970E+00
    0.23288E-01    0.99959E+00
    0.26917E-01    0.99945E+00
    0.30645E-01    0.99929E+00
    0.34462E-01    0.99911E+00
    0.38362E-01    0.99889E+00
    0.42339E-01    0.99865E+00
    0.46389E-01    0.99838E+00
    0.50506E-01    0.99808E+00
    0.54688E-01    0.99775E+00
    0.58931E-01    0.99739E+00
    0.63234E-01    0.99700E+00
    0.67593E-01    0.99657E+00
    0.72006E-01    0.99611E+00
    0.76472E-01    0.99561E+00
    0.80988E-01    0.99508E+00
    0.85553E-01    0.99451E+00
    0.90165E-01    0.99391E+00
    0.94823E-01    0.99327E+00
    0.99526E-01    0.99259E+00
    0.10427E+00    0.99187E+00
    0.10906E+00    0.99111E+00
    0.11389E+00    0.99032E+00
    0.11875E+00    0.98948E+00
    0.12366E+00    0.98860E+00
    0.12860E+00    0.98768E+00
    0.13358E+00    0.98672E+00
    0.13860E+00    0.98572E+00
    0.14365E+00    0.98468E+00
    0.14873E+00    0.98359E+00
    0.15385E+00    0.98246E+00
    0.15899E+00    0.98129E+00
    0.16417E+00    0.98007E+00
    0.16938E+00    0.97881E+00
    0.17463E+00    0.97751E+00
    0.17990E+00    0.97616E+00
    0.18519E+00    0.97477E+00
    0.19052E+00    0.97333E+00
    0.19587E+00    0.97185E+00
    0.20126E+00    0.97032E+00
    0.20666E+00    0.96875E+00
    0.21210E+00    0.96714E+00
    0.21755E+00    0.96548E+00
    0.22304E+00    0.96377E+00
    0.22854E+00    0.96202E+00
    0.23407E+00    0.96023E+00
    0.23963E+00    0.95839E+00
    0.24520E+00    0.95651E+00
    0.25080E+00    0.95458E+00
    0.25642E+00    0.95261E+00
    0.26206E+00    0.95059E+00
    0.26773E+00    0.94853E+00
    0.27341E+00    0.94642E+00
    0.27911E+00    0.94427E+00
    0.28484E+00    0.94208E+00
    0.29058E+00    0.93985E+00
    0.29634E+00    0.93757E+00
    0.30212E+00    0.93524E+00
    0.30792E+00    0.93288E+00
    0.31374E+00    0.93047E+00
    0.31957E+00    0.92802E+00
    0.32543E+00    0.92553E+00
    0.33130E+00    0.92299E+00
    0.33718E+00    0.92042E+00
    0.34308E+00    0.91780E+00
    0.34900E+00    0.91514E+00
    0.35494E+00    0.91244E+00
    0.36089E+00    0.90970E+00
    0.36685E+00    0.90693E+00
    0.37283E+00    0.90411E+00
    0.37883E+00    0.90125E+00
    0.38484E+00    0.89835E+00
    0.39086E+00    0.89542E+00
    0.39690E+00    0.89244E+00
    0.40295E+00    0.88943E+00
    0.40902E+00    0.88638E+00
    0.41510E+00    0.88330E+00
    0.42119E+00    0.88018E+00
    0.42729E+00    0.87702E+00
    0.43341E+00    0.87382E+00
    0.43954E+00    0.87059E+00
    0.44568E+00    0.86733E+00
    0.45183E+00    0.86403E+00
    0.45800E+00    0.86069E+00
    0.46418E+00    0.85733E+00
    0.47036E+00    0.85392E+00
    0.47656E+00    0.85049E+00
    0.48277E+00    0.84702E+00
    0.48899E+00    0.84352E+00
    0.49522E+00    0.83999E+00
    0.50146E+00    0.83643E+00
    0.50772E+00    0.83284E+00
    0.51398E+00    0.82921E+00
    0.52025E+00    0.82556E+00
    0.52653E+00    0.82187E+00
    0.53282E+00    0.81816E+00
    0.53912E+00    0.81442E+00
    0.54543E+00    0.81064E+00
    0.55175E+00    0.80684E+00
    0.55807E+00    0.80302E+00
    0.56441E+00    0.79916E+00
    0.57075E+00    0.79528E+00
    0.57710E+00    0.79137E+00
    0.58346E+00    0.78743E+00
    0.58983E+00    0.78347E+00
    0.59621E+00    0.77949E+00
    0.60259E+00    0.77548E+00
    0.60898E+00    0.77144E+00
    0.61538E+00    0.76738E+00
    0.62179E+00    0.76329E+00
    0.62820E+00    0.75919E+00
    0.63462E+00    0.75506E+00
    0.64105E+00    0.75090E+00
    0.64748E+00    0.74672E+00
    0.65392E+00    0.74253E+00
    0.66037E+00    0.73831E+00
    0.66682E+00    0.73406E+00
    0.67328E+00    0.72980E+00
    0.67975E+00    0.72552E+00
    0.68622E+00    0.72121E+00
    0.69269E+00    0.71690E+00
    0.69911E+00    0.71261E+00
    0.70545E+00    0.70834E+00
    0.71174E+00    0.70410E+00
    0.71796E+00    0.69989E+00
    0.72411E+00    0.69571E+00
    0.73021E+00    0.69156E+00
    0.73624E+00    0.68744E+00
    0.74221E+00    0.68335E+00
    0.74812E+00    0.67929E+00
    0.75397E+00    0.67526E+00
    0.75976E+00    0.67126E+00
    0.76549E+00    0.66729E+00
    0.77116E+00    0.66335E+00
    0.77677E+00    0.65944E+00
    0.78233E+00    0.65557E+00
    0.78783E+00    0.65172E+00
    0.79327E+00    0.64791E+00
    0.79865E+00    0.64413E+00
    0.80398E+00    0.64038E+00
    0.80925E+00    0.63666E+00
    0.81447E+00    0.63297E+00
    0.81964E+00    0.62932E+00
    0.82475E+00    0.62569E+00
    0.82980E+00    0.62210E+00
    0.83481E+00    0.61854E+00
    0.83976E+00    0.61501E+00
    0.84466E+00    0.61151E+00
    0.84951E+00    0.60804E+00
    0.85430E+00    0.60460E+00
    0.85905E+00    0.60120E+00
    0.86375E+00    0.59782E+00
    0.86839E+00    0.59448E+00
    0.87299E+00    0.59116E+00
    0.87754E+00    0.58788E+00
    0.88204E+00    0.58463E+00
    0.88650E+00    0.58141E+00
    0.89090E+00    0.57821E+00
    0.89526E+00    0.57505E+00
    0.89957E+00    0.57192E+00
    0.90384E+00    0.56882E+00
    0.90806E+00    0.56574E+00
    0.91224E+00    0.56270E+00
    0.91637E+00    0.55969E+00
    0.92045E+00    0.55670E+00
    0.92450E+00    0.55375E+00
    0.92850E+00    0.55082E+00
    0.93245E+00    0.54792E+00
    0.93637E+00    0.54505E+00
    0.94024E+00    0.54221E+00
    0.94407E+00    0.53940E+00
    0.94786E+00    0.53661E+00
    0.95161E+00    0.53385E+00
    0.95531E+00    0.53112E+00
    0.95898E+00    0.52842E+00
    0.96261E+00    0.52574E+00
    0.96620E+00    0.52310E+00
    0.96975E+00    0.52047E+00
    0.97326E+00    0.51788E+00
    0.97673E+00    0.51531E+00
    0.98017E+00    0.51277E+00
    0.98356E+00    0.51025E+00
    0.98692E+00    0.50776E+00
    0.99025E+00    0.50529E+00
    0.99353E+00    0.50285E+00
    0.99678E+00    0.50044E+00
    0.10000E+01    0.49805E+00
    0.10032E+01    0.49568E+00
    0.10063E+01    0.49334E+00
    0.10094E+01    0.49103E+00
    0.10125E+01    0.48873E+00
    0.10156E+01    0.48647E+00
    0.10186E+01    0.48422E+00
    0.10215E+01    0.48200E+00
    0.10245E+01    0.47980E+00
    0.10274E+01    0.47763E+00
    0.10303E+01    0.47548E+00
    0.10331E+01    0.47335E+00
    0.10359E+01    0.47125E+00
    0.10387E+01    0.46916E+00
    0.10415E+01    0.46710E+00
    0.10442E+01    0.46506E+00
    0.10469E+01    0.46305E+00
    0.10495E+01    0.46105E+00
    0.10522E+01    0.45908E+00
    0.10548E+01    0.45713E+00
    0.10574E+01    0.45519E+00
    0.10599E+01    0.45328E+00
    0.10624E+01    0.45139E+00
    0.10649E+01    0.44952E+00
    0.10674E+01    0.44768E+00
    0.10698E+01    0.44585E+00
    0.10722E+01    0.44404E+00
    0.10746E+01    0.44225E+00
    0.10769E+01    0.44048E+00
    0.10793E+01    0.43873E+00
    0.10816E+01    0.43699E+00
    0.10838E+01    0.43528E+00
    0.10861E+01    0.43359E+00
    0.10883E+01    0.43191E+00
    0.10905E+01    0.43026E+00
    0.10927E+01    0.42862E+00
    0.10948E+01    0.42700E+00
    0.10970E+01    0.42540E+00
    0.10991E+01    0.42381E+00
    0.11011E+01    0.42224E+00
    0.11032E+01    0.42069E+00
    0.11052E+01    0.41916E+00
    0.11072E+01    0.41765E+00
    0.11092E+01    0.41615E+00
    0.11112E+01    0.41467E+00
    0.11131E+01    0.41320E+00
    0.11150E+01    0.41175E+00
    0.11169E+01    0.41032E+00
    0.11188E+01    0.40890E+00
    0.11207E+01    0.40750E+00
    0.11225E+01    0.40612E+00
    0.11243E+01    0.40475E+00
    0.11261E+01    0.40339E+00
    0.11279E+01    0.40205E+00
    0.11296E+01    0.40073E+00
    0.11313E+01    0.39942E+00
    0.11331E+01    0.39813E+00
    0.11347E+01    0.39685E+00
    0.11364E+01    0.39558E+00
    0.11381E+01    0.39433E+00
    0.11397E+01    0.39310E+00
    0.11413E+01    0.39187E+00
    0.11429E+01    0.39066E+00
    0.11445E+01    0.38947E+00
    0.11461E+01    0.38826E+00
    0.11477E+01    0.38705E+00
    0.11493E+01    0.38581E+00
    0.11510E+01    0.38456E+00
    0.11526E+01    0.38328E+00
    0.11544E+01    0.38198E+00
    0.11561E+01    0.38066E+00
    0.11579E+01    0.37932E+00
    0.11597E+01    0.37795E+00
    0.11615E+01    0.37656E+00
    0.11634E+01    0.37514E+00
    0.11653E+01    0.37370E+00
    0.11672E+01    0.37223E+00
    0.11692E+01    0.37073E+00
    0.11712E+01    0.36920E+00
    0.11733E+01    0.36764E+00
    0.11754E+01    0.36604E+00
    0.11775E+01    0.36442E+00
    0.11797E+01    0.36276E+00
    0.11819E+01    0.36107E+00
    0.11842E+01    0.35934E+00
    0.11865E+01    0.35758E+00
    0.11889E+01    0.35578E+00
    0.11913E+01    0.35394E+00
    0.11938E+01    0.35206E+00
    0.11963E+01    0.35013E+00
    0.11989E+01    0.34816E+00
    0.12015E+01    0.34615E+00
    0.12042E+01    0.34410E+00
    0.12070E+01    0.34199E+00
    0.12098E+01    0.33984E+00
    0.12127E+01    0.33764E+00
    0.12157E+01    0.33538E+00
    0.12187E+01    0.33307E+00
    0.12218E+01    0.33071E+00
    0.12250E+01    0.32829E+00
    0.12283E+01    0.32581E+00
    0.12316E+01    0.32328E+00
    0.12350E+01    0.32068E+00
    0.12385E+01    0.31801E+00
    0.12421E+01    0.31528E+00
    0.12458E+01    0.31249E+00
    0.12495E+01    0.30962E+00
    0.12534E+01    0.30668E+00
    0.12573E+01    0.30367E+00
    0.12614E+01    0.30059E+00
    0.12655E+01    0.29742E+00
    0.12698E+01    0.29418E+00
    0.12742E+01    0.29085E+00
    0.12787E+01    0.28743E+00
    0.12833E+01    0.28393E+00
    0.12880E+01    0.28034E+00
    0.12928E+01    0.27666E+00
    0.12978E+01    0.27288E+00
    0.13029E+01    0.26901E+00
    0.13081E+01    0.26503E+00
    0.13135E+01    0.26095E+00
    0.13190E+01    0.25676E+00
    0.13246E+01    0.25247E+00
    0.13304E+01    0.24806E+00
    0.13364E+01    0.24354E+00
    0.13425E+01    0.23890E+00
    0.13488E+01    0.23414E+00
    0.13552E+01    0.22926E+00
    0.13618E+01    0.22425E+00
    0.13686E+01    0.21911E+00
    0.13756E+01    0.21383E+00
    0.13828E+01    0.20842E+00
    0.13901E+01    0.20287E+00
    0.13977E+01    0.19718E+00
    0.14054E+01    0.19134E+00
    0.14134E+01    0.18535E+00
    0.14216E+01    0.17921E+00
    0.14300E+01    0.17292E+00
    0.14386E+01    0.16647E+00
    0.14475E+01    0.15987E+00
    0.14566E+01    0.15310E+00
    0.14660E+01    0.14617E+00
    0.14756E+01    0.13908E+00
    0.14855E+01    0.13183E+00
    0.14957E+01    0.12442E+00
    0.15061E+01    0.11685E+00
    0.15168E+01    0.10913E+00
    0.15279E+01    0.10127E+00
    0.15392E+01    0.93261E-01
    0.15508E+01    0.85135E-01
    0.15628E+01    0.76905E-01
    0.15751E+01    0.68598E-01
    0.15877E+01    0.60251E-01
    0.16007E+01    0.51914E-01
    0.16140E+01    0.43659E-01
    0.16277E+01    0.35582E-01
    0.16418E+01    0.27819E-01
    0.16563E+01    0.20557E-01
    0.16712E+01    0.14039E-01
    0.16865E+01    0.85602E-02
    0.17022E+01    0.44106E-02
    0.17184E+01    0.17450E-02
    0.17350E+01    0.43350E-03
    0.17520E+01    0.30790E-04
    0.17696E+01    0.00000E+00
    0.17876E+01    0.17376E-04
    0.18062E+01    0.17376E-04
    0.18252E+01    0.18291E-04
    0.18448E+01    0.21340E-04
    0.18650E+01    0.23169E-04
    0.18857E+01    0.25303E-04
    0.19070E+01    0.27437E-04
    0.19289E+01    0.29875E-04
    0.19513E+01    0.32009E-04
    0.19745E+01    0.34753E-04
    0.19982E+01    0.37192E-04
    0.20227E+01    0.39935E-04
    0.20478E+01    0.42679E-04
    0.20736E+01    0.45423E-04
    0.21002E+01    0.48471E-04
    0.21275E+01    0.51520E-04
    0.21556E+01    0.54263E-04
    0.21844E+01    0.57312E-04
    0.22141E+01    0.60665E-04
    0.22446E+01    0.64019E-04
    0.22760E+01    0.67372E-04
    0.23082E+01    0.71030E-04
    0.23414E+01    0.74993E-04
    0.23755E+01    0.78347E-04
    0.24105E+01    0.82005E-04
    0.24466E+01    0.85968E-04
    0.24836E+01    0.90236E-04
    0.25217E+01    0.94504E-04
    0.25609E+01    0.99076E-04
    0.26012E+01    0.10334E-03
    0.26426E+01    0.10761E-03
    0.26852E+01    0.11249E-03
    0.27290E+01    0.11737E-03
    0.27740E+01    0.12224E-03
    0.28203E+01    0.12743E-03
    0.28679E+01    0.13261E-03
    0.29168E+01    0.13779E-03
    0.29672E+01    0.14328E-03
    0.30189E+01    0.14938E-03
    0.30722E+01    0.15486E-03
    0.31269E+01    0.16096E-03
    0.31832E+01    0.16736E-03
    0.32411E+01    0.17376E-03
    0.33006E+01    0.17986E-03
    0.33618E+01    0.18687E-03
    0.34248E+01    0.19358E-03
    0.34895E+01    0.20090E-03
    0.35561E+01    0.20791E-03
    0.36246E+01    0.21553E-03
    0.36950E+01    0.22315E-03
    0.37674E+01    0.23077E-03
    0.38419E+01    0.23900E-03
    0.39185E+01    0.24754E-03
    0.39973E+01    0.25577E-03
    0.40783E+01    0.26461E-03
    0.41616E+01    0.27376E-03
    0.42473E+01    0.28290E-03
    0.43355E+01    0.29235E-03
    0.44262E+01    0.30241E-03
    0.45194E+01    0.31217E-03
    0.46154E+01    0.32284E-03
    0.47141E+01    0.33290E-03
    0.48155E+01    0.34387E-03
    0.49200E+01    0.35515E-03
    0.50274E+01    0.36643E-03
    0.51378E+01    0.37801E-03
    0.52515E+01    0.39021E-03
    0.53684E+01    0.40271E-03
    0.54886E+01    0.41490E-03
    0.56124E+01    0.42831E-03
    0.57397E+01    0.44142E-03
    0.58706E+01    0.45484E-03
    0.60053E+01    0.46916E-03
    0.61439E+01    0.48319E-03
    0.62865E+01    0.49813E-03
    0.64333E+01    0.51306E-03
    0.65843E+01    0.52861E-03
    0.67396E+01    0.54446E-03
    0.68994E+01    0.56031E-03
    0.70639E+01    0.57739E-03
    0.72332E+01    0.59415E-03
    0.74074E+01    0.61153E-03
    0.75866E+01    0.62952E-03
    0.77711E+01    0.64781E-03
    0.79609E+01    0.66640E-03
    0.81563E+01    0.68530E-03
    0.83574E+01    0.70481E-03
    0.85644E+01    0.72493E-03
    0.87775E+01    0.74536E-03
    0.89969E+01    0.76609E-03
    0.92226E+01    0.78743E-03
    0.94551E+01    0.80907E-03
    0.96944E+01    0.83133E-03
    0.99408E+01    0.85419E-03
    0.10194E+02    0.87736E-03
    0.10456E+02    0.90083E-03
    0.10725E+02    0.92492E-03
    0.11002E+02    0.94930E-03
    0.11287E+02    0.97400E-03
    0.11581E+02    0.99960E-03
    0.11883E+02    0.10252E-02
    0.12195E+02    0.10517E-02
    0.12516E+02    0.10783E-02
    0.12847E+02    0.11051E-02
    0.13188E+02    0.11328E-02
    0.13539E+02    0.11609E-02
    0.13901E+02    0.11892E-02
    0.14274E+02    0.12179E-02
    0.14659E+02    0.12468E-02
    0.15056E+02    0.12764E-02
    0.15464E+02    0.13060E-02
    0.15886E+02    0.13362E-02
    0.16321E+02    0.13666E-02
    0.16769E+02    0.13974E-02
    0.17232E+02    0.14285E-02
    0.17709E+02    0.14590E-02
    0.18201E+02    0.14907E-02
    0.18710E+02    0.15221E-02
    0.19235E+02    0.15535E-02
    0.19777E+02    0.15852E-02
    0.20337E+02    0.16169E-02
    0.20915E+02    0.16489E-02
    0.21513E+02    0.16803E-02
    0.22131E+02    0.17120E-02
    0.22770E+02    0.17437E-02
    0.23430E+02    0.17748E-02
    0.24114E+02    0.18062E-02
    0.24822E+02    0.18370E-02
    0.25555E+02    0.18675E-02
    0.26315E+02    0.18977E-02
    0.27102E+02    0.19276E-02
    0.27918E+02    0.19568E-02
    0.28765E+02    0.19855E-02
    0.29645E+02    0.20135E-02
    0.30558E+02    0.20413E-02
    0.31508E+02    0.20681E-02
    0.32496E+02    0.20943E-02
    0.33525E+02    0.21196E-02
    0.34597E+02    0.21440E-02
    0.35716E+02    0.21675E-02
    0.36883E+02    0.21900E-02
    0.38104E+02    0.22114E-02
    0.39381E+02    0.22321E-02
    0.40718E+02    0.22513E-02
    0.42121E+02    0.22690E-02
    0.43593E+02    0.22858E-02
    0.45141E+02    0.23013E-02
    0.46769E+02    0.23153E-02
    0.48484E+02    0.23281E-02
    0.50289E+02    0.23388E-02
    0.52190E+02    0.23483E-02
    0.54188E+02    0.23559E-02
    0.56281E+02    0.23611E-02
    0.58460E+02    0.23641E-02
    0.60706E+02    0.23647E-02
zone, t="CFL3D, x=96"
    0.00000E+00    0.10000E+01
    0.15440E-02    0.10000E+01
    0.34124E-02    0.99999E+00
    0.55711E-02    0.99998E+00
    0.79855E-02    0.99995E+00
    0.10625E-01    0.99992E+00
    0.13462E-01    0.99987E+00
    0.16477E-01    0.99980E+00
    0.19651E-01    0.99972E+00
    0.22971E-01    0.99962E+00
    0.26424E-01    0.99949E+00
    0.30004E-01    0.99935E+00
    0.33701E-01    0.99918E+00
    0.37509E-01    0.99898E+00
    0.41425E-01    0.99876E+00
    0.45442E-01    0.99850E+00
    0.49558E-01    0.99822E+00
    0.53768E-01    0.99791E+00
    0.58070E-01    0.99756E+00
    0.62462E-01    0.99717E+00
    0.66940E-01    0.99676E+00
    0.71502E-01    0.99630E+00
    0.76146E-01    0.99581E+00
    0.80871E-01    0.99527E+00
    0.85674E-01    0.99470E+00
    0.90553E-01    0.99408E+00
    0.95507E-01    0.99342E+00
    0.10053E+00    0.99271E+00
    0.10563E+00    0.99196E+00
    0.11080E+00    0.99116E+00
    0.11604E+00    0.99031E+00
    0.12135E+00    0.98941E+00
    0.12672E+00    0.98846E+00
    0.13216E+00    0.98746E+00
    0.13766E+00    0.98641E+00
    0.14322E+00    0.98530E+00
    0.14885E+00    0.98414E+00
    0.15454E+00    0.98292E+00
    0.16028E+00    0.98164E+00
    0.16609E+00    0.98031E+00
    0.17195E+00    0.97892E+00
    0.17787E+00    0.97747E+00
    0.18385E+00    0.97596E+00
    0.18988E+00    0.97439E+00
    0.19597E+00    0.97276E+00
    0.20211E+00    0.97107E+00
    0.20830E+00    0.96931E+00
    0.21455E+00    0.96749E+00
    0.22084E+00    0.96561E+00
    0.22719E+00    0.96366E+00
    0.23359E+00    0.96165E+00
    0.24004E+00    0.95957E+00
    0.24653E+00    0.95743E+00
    0.25308E+00    0.95522E+00
    0.25967E+00    0.95294E+00
    0.26630E+00    0.95060E+00
    0.27299E+00    0.94819E+00
    0.27972E+00    0.94571E+00
    0.28649E+00    0.94316E+00
    0.29331E+00    0.94055E+00
    0.30018E+00    0.93787E+00
    0.30708E+00    0.93512E+00
    0.31403E+00    0.93230E+00
    0.32103E+00    0.92942E+00
    0.32806E+00    0.92646E+00
    0.33514E+00    0.92344E+00
    0.34225E+00    0.92035E+00
    0.34941E+00    0.91719E+00
    0.35661E+00    0.91396E+00
    0.36385E+00    0.91067E+00
    0.37112E+00    0.90730E+00
    0.37844E+00    0.90387E+00
    0.38579E+00    0.90037E+00
    0.39318E+00    0.89681E+00
    0.40061E+00    0.89317E+00
    0.40808E+00    0.88947E+00
    0.41558E+00    0.88570E+00
    0.42312E+00    0.88187E+00
    0.43070E+00    0.87797E+00
    0.43831E+00    0.87401E+00
    0.44595E+00    0.86997E+00
    0.45363E+00    0.86588E+00
    0.46135E+00    0.86172E+00
    0.46910E+00    0.85749E+00
    0.47688E+00    0.85320E+00
    0.48470E+00    0.84885E+00
    0.49255E+00    0.84443E+00
    0.50043E+00    0.83995E+00
    0.50835E+00    0.83541E+00
    0.51630E+00    0.83081E+00
    0.52428E+00    0.82615E+00
    0.53229E+00    0.82142E+00
    0.54033E+00    0.81664E+00
    0.54840E+00    0.81180E+00
    0.55651E+00    0.80689E+00
    0.56464E+00    0.80193E+00
    0.57281E+00    0.79691E+00
    0.58100E+00    0.79183E+00
    0.58923E+00    0.78670E+00
    0.59748E+00    0.78151E+00
    0.60576E+00    0.77626E+00
    0.61407E+00    0.77096E+00
    0.62241E+00    0.76560E+00
    0.63078E+00    0.76019E+00
    0.63918E+00    0.75472E+00
    0.64760E+00    0.74920E+00
    0.65605E+00    0.74363E+00
    0.66453E+00    0.73801E+00
    0.67303E+00    0.73234E+00
    0.68157E+00    0.72661E+00
    0.69012E+00    0.72084E+00
    0.69871E+00    0.71501E+00
    0.70732E+00    0.70914E+00
    0.71596E+00    0.70321E+00
    0.72462E+00    0.69724E+00
    0.73331E+00    0.69123E+00
    0.74202E+00    0.68516E+00
    0.75076E+00    0.67905E+00
    0.75952E+00    0.67290E+00
    0.76830E+00    0.66669E+00
    0.77712E+00    0.66045E+00
    0.78595E+00    0.65416E+00
    0.79481E+00    0.64783E+00
    0.80369E+00    0.64145E+00
    0.81260E+00    0.63503E+00
    0.82153E+00    0.62858E+00
    0.83048E+00    0.62208E+00
    0.83945E+00    0.61555E+00
    0.84838E+00    0.60902E+00
    0.85725E+00    0.60252E+00
    0.86606E+00    0.59602E+00
    0.87483E+00    0.58955E+00
    0.88354E+00    0.58310E+00
    0.89219E+00    0.57667E+00
    0.90080E+00    0.57025E+00
    0.90935E+00    0.56386E+00
    0.91785E+00    0.55749E+00
    0.92630E+00    0.55115E+00
    0.93470E+00    0.54483E+00
    0.94304E+00    0.53853E+00
    0.95133E+00    0.53225E+00
    0.95957E+00    0.52601E+00
    0.96776E+00    0.51978E+00
    0.97590E+00    0.51359E+00
    0.98398E+00    0.50742E+00
    0.99202E+00    0.50128E+00
    0.10000E+01    0.49516E+00
    0.10079E+01    0.48907E+00
    0.10158E+01    0.48302E+00
    0.10236E+01    0.47699E+00
    0.10314E+01    0.47099E+00
    0.10392E+01    0.46502E+00
    0.10468E+01    0.45908E+00
    0.10545E+01    0.45317E+00
    0.10620E+01    0.44729E+00
    0.10696E+01    0.44144E+00
    0.10771E+01    0.43563E+00
    0.10845E+01    0.42984E+00
    0.10919E+01    0.42409E+00
    0.10992E+01    0.41836E+00
    0.11065E+01    0.41268E+00
    0.11137E+01    0.40702E+00
    0.11209E+01    0.40139E+00
    0.11281E+01    0.39580E+00
    0.11352E+01    0.39024E+00
    0.11422E+01    0.38472E+00
    0.11492E+01    0.37922E+00
    0.11562E+01    0.37376E+00
    0.11631E+01    0.36834E+00
    0.11699E+01    0.36295E+00
    0.11767E+01    0.35759E+00
    0.11835E+01    0.35226E+00
    0.11902E+01    0.34697E+00
    0.11969E+01    0.34172E+00
    0.12035E+01    0.33649E+00
    0.12101E+01    0.33131E+00
    0.12166E+01    0.32615E+00
    0.12231E+01    0.32103E+00
    0.12296E+01    0.31595E+00
    0.12360E+01    0.31090E+00
    0.12423E+01    0.30589E+00
    0.12486E+01    0.30090E+00
    0.12549E+01    0.29596E+00
    0.12611E+01    0.29105E+00
    0.12673E+01    0.28617E+00
    0.12735E+01    0.28133E+00
    0.12796E+01    0.27652E+00
    0.12856E+01    0.27175E+00
    0.12916E+01    0.26702E+00
    0.12976E+01    0.26232E+00
    0.13035E+01    0.25765E+00
    0.13094E+01    0.25302E+00
    0.13152E+01    0.24842E+00
    0.13210E+01    0.24386E+00
    0.13268E+01    0.23934E+00
    0.13325E+01    0.23485E+00
    0.13382E+01    0.23039E+00
    0.13438E+01    0.22597E+00
    0.13494E+01    0.22159E+00
    0.13550E+01    0.21724E+00
    0.13605E+01    0.21293E+00
    0.13660E+01    0.20865E+00
    0.13714E+01    0.20441E+00
    0.13768E+01    0.20020E+00
    0.13821E+01    0.19603E+00
    0.13875E+01    0.19190E+00
    0.13927E+01    0.18780E+00
    0.13980E+01    0.18373E+00
    0.14032E+01    0.17970E+00
    0.14083E+01    0.17571E+00
    0.14135E+01    0.17176E+00
    0.14186E+01    0.16783E+00
    0.14236E+01    0.16395E+00
    0.14286E+01    0.16010E+00
    0.14336E+01    0.15629E+00
    0.14385E+01    0.15251E+00
    0.14435E+01    0.14877E+00
    0.14483E+01    0.14507E+00
    0.14532E+01    0.14141E+00
    0.14579E+01    0.13778E+00
    0.14627E+01    0.13419E+00
    0.14674E+01    0.13063E+00
    0.14721E+01    0.12711E+00
    0.14768E+01    0.12363E+00
    0.14814E+01    0.12019E+00
    0.14860E+01    0.11679E+00
    0.14905E+01    0.11342E+00
    0.14951E+01    0.11009E+00
    0.14995E+01    0.10680E+00
    0.15040E+01    0.10355E+00
    0.15084E+01    0.10034E+00
    0.15128E+01    0.97167E-01
    0.15171E+01    0.94035E-01
    0.15215E+01    0.90943E-01
    0.15257E+01    0.87892E-01
    0.15300E+01    0.84882E-01
    0.15342E+01    0.81913E-01
    0.15384E+01    0.78986E-01
    0.15426E+01    0.76101E-01
    0.15467E+01    0.73260E-01
    0.15508E+01    0.70462E-01
    0.15549E+01    0.67707E-01
    0.15589E+01    0.64997E-01
    0.15629E+01    0.62333E-01
    0.15669E+01    0.59714E-01
    0.15708E+01    0.57142E-01
    0.15747E+01    0.54618E-01
    0.15786E+01    0.52142E-01
    0.15824E+01    0.49713E-01
    0.15863E+01    0.47336E-01
    0.15901E+01    0.45009E-01
    0.15938E+01    0.42734E-01
    0.15975E+01    0.40512E-01
    0.16013E+01    0.38343E-01
    0.16049E+01    0.36229E-01
    0.16086E+01    0.34170E-01
    0.16122E+01    0.32163E-01
    0.16158E+01    0.30197E-01
    0.16195E+01    0.28270E-01
    0.16231E+01    0.26381E-01
    0.16268E+01    0.24532E-01
    0.16305E+01    0.22729E-01
    0.16343E+01    0.20971E-01
    0.16380E+01    0.19263E-01
    0.16418E+01    0.17608E-01
    0.16456E+01    0.16009E-01
    0.16495E+01    0.14471E-01
    0.16534E+01    0.12997E-01
    0.16573E+01    0.11591E-01
    0.16613E+01    0.10257E-01
    0.16653E+01    0.89981E-02
    0.16693E+01    0.78195E-02
    0.16734E+01    0.67235E-02
    0.16776E+01    0.57130E-02
    0.16817E+01    0.47902E-02
    0.16860E+01    0.39572E-02
    0.16903E+01    0.32137E-02
    0.16946E+01    0.25594E-02
    0.16990E+01    0.19926E-02
    0.17035E+01    0.15110E-02
    0.17080E+01    0.11100E-02
    0.17126E+01    0.78416E-03
    0.17172E+01    0.52807E-03
    0.17219E+01    0.33358E-03
    0.17267E+01    0.19333E-03
    0.17316E+01    0.97632E-04
    0.17365E+01    0.39518E-04
    0.17415E+01    0.96858E-05
    0.17466E+01    0.00000E+00
    0.17518E+01    0.50366E-05
    0.17571E+01    0.18209E-04
    0.17624E+01    0.34869E-04
    0.17679E+01    0.51141E-04
    0.17734E+01    0.65863E-04
    0.17790E+01    0.76711E-04
    0.17848E+01    0.85235E-04
    0.17906E+01    0.89884E-04
    0.17966E+01    0.92208E-04
    0.18026E+01    0.92983E-04
    0.18088E+01    0.92596E-04
    0.18150E+01    0.91821E-04
    0.18214E+01    0.91046E-04
    0.18279E+01    0.91046E-04
    0.18346E+01    0.91046E-04
    0.18413E+01    0.91046E-04
    0.18482E+01    0.91434E-04
    0.18553E+01    0.92208E-04
    0.18624E+01    0.92983E-04
    0.18697E+01    0.93371E-04
    0.18772E+01    0.94146E-04
    0.18848E+01    0.94920E-04
    0.18926E+01    0.95308E-04
    0.19005E+01    0.96083E-04
    0.19086E+01    0.96858E-04
    0.19168E+01    0.97632E-04
    0.19252E+01    0.98407E-04
    0.19338E+01    0.98795E-04
    0.19426E+01    0.99182E-04
    0.19515E+01    0.99957E-04
    0.19607E+01    0.10034E-03
    0.19700E+01    0.10112E-03
    0.19795E+01    0.10228E-03
    0.19893E+01    0.10306E-03
    0.19992E+01    0.10383E-03
    0.20093E+01    0.10461E-03
    0.20197E+01    0.10538E-03
    0.20303E+01    0.10616E-03
    0.20411E+01    0.10693E-03
    0.20522E+01    0.10771E-03
    0.20635E+01    0.10887E-03
    0.20750E+01    0.10964E-03
    0.20868E+01    0.11081E-03
    0.20989E+01    0.11158E-03
    0.21112E+01    0.11235E-03
    0.21238E+01    0.11352E-03
    0.21367E+01    0.11468E-03
    0.21498E+01    0.11545E-03
    0.21633E+01    0.11662E-03
    0.21770E+01    0.11778E-03
    0.21911E+01    0.11855E-03
    0.22054E+01    0.11972E-03
    0.22201E+01    0.12127E-03
    0.22351E+01    0.12243E-03
    0.22505E+01    0.12320E-03
    0.22661E+01    0.12437E-03
    0.22822E+01    0.12553E-03
    0.22986E+01    0.12708E-03
    0.23154E+01    0.12863E-03
    0.23325E+01    0.12979E-03
    0.23501E+01    0.13056E-03
    0.23680E+01    0.13173E-03
    0.23863E+01    0.13366E-03
    0.24051E+01    0.13483E-03
    0.24243E+01    0.13638E-03
    0.24439E+01    0.13793E-03
    0.24640E+01    0.13947E-03
    0.24845E+01    0.14102E-03
    0.25055E+01    0.14257E-03
    0.25270E+01    0.14451E-03
    0.25489E+01    0.14606E-03
    0.25714E+01    0.14800E-03
    0.25944E+01    0.14955E-03
    0.26179E+01    0.15149E-03
    0.26419E+01    0.15342E-03
    0.26665E+01    0.15497E-03
    0.26916E+01    0.15730E-03
    0.27174E+01    0.15923E-03
    0.27437E+01    0.16117E-03
    0.27706E+01    0.16311E-03
    0.27982E+01    0.16505E-03
    0.28263E+01    0.16698E-03
    0.28552E+01    0.16969E-03
    0.28847E+01    0.17163E-03
    0.29148E+01    0.17396E-03
    0.29457E+01    0.17667E-03
    0.29773E+01    0.17861E-03
    0.30096E+01    0.18132E-03
    0.30426E+01    0.18403E-03
    0.30764E+01    0.18674E-03
    0.31110E+01    0.18907E-03
    0.31464E+01    0.19178E-03
    0.31826E+01    0.19449E-03
    0.32197E+01    0.19720E-03
    0.32576E+01    0.20030E-03
    0.32964E+01    0.20301E-03
    0.33361E+01    0.20650E-03
    0.33767E+01    0.20921E-03
    0.34183E+01    0.21270E-03
    0.34608E+01    0.21580E-03
    0.35043E+01    0.21929E-03
    0.35488E+01    0.22277E-03
    0.35944E+01    0.22587E-03
    0.36410E+01    0.22975E-03
    0.36887E+01    0.23323E-03
    0.37375E+01    0.23711E-03
    0.37874E+01    0.24098E-03
    0.38386E+01    0.24486E-03
    0.38909E+01    0.24873E-03
    0.39444E+01    0.25338E-03
    0.39992E+01    0.25725E-03
    0.40552E+01    0.26113E-03
    0.41126E+01    0.26578E-03
    0.41713E+01    0.27043E-03
    0.42314E+01    0.27469E-03
    0.42929E+01    0.27972E-03
    0.43558E+01    0.28476E-03
    0.44202E+01    0.28941E-03
    0.44861E+01    0.29445E-03
    0.45536E+01    0.29948E-03
    0.46227E+01    0.30452E-03
    0.46933E+01    0.31033E-03
    0.47657E+01    0.31576E-03
    0.48397E+01    0.32118E-03
    0.49155E+01    0.32699E-03
    0.49931E+01    0.33319E-03
    0.50725E+01    0.33900E-03
    0.51538E+01    0.34520E-03
    0.52370E+01    0.35179E-03
    0.53221E+01    0.35799E-03
    0.54093E+01    0.36457E-03
    0.54986E+01    0.37193E-03
    0.55900E+01    0.37891E-03
    0.56835E+01    0.38549E-03
    0.57793E+01    0.39285E-03
    0.58773E+01    0.40022E-03
    0.59777E+01    0.40796E-03
    0.60805E+01    0.41571E-03
    0.61857E+01    0.42346E-03
    0.62934E+01    0.43198E-03
    0.64038E+01    0.44012E-03
    0.65167E+01    0.44826E-03
    0.66324E+01    0.45717E-03
    0.67509E+01    0.46608E-03
    0.68722E+01    0.47538E-03
    0.69964E+01    0.48390E-03
    0.71236E+01    0.49397E-03
    0.72539E+01    0.50366E-03
    0.73874E+01    0.51335E-03
    0.75241E+01    0.52342E-03
    0.76641E+01    0.53427E-03
    0.78075E+01    0.54473E-03
    0.79544E+01    0.55519E-03
    0.81050E+01    0.56642E-03
    0.82592E+01    0.57766E-03
    0.84172E+01    0.58928E-03
    0.85790E+01    0.60129E-03
    0.87449E+01    0.61291E-03
    0.89149E+01    0.62531E-03
    0.90891E+01    0.63810E-03
    0.92676E+01    0.65050E-03
    0.94506E+01    0.66406E-03
    0.96382E+01    0.67723E-03
    0.98304E+01    0.69118E-03
    0.10028E+02    0.70474E-03
    0.10230E+02    0.71907E-03
    0.10437E+02    0.73341E-03
    0.10649E+02    0.74852E-03
    0.10867E+02    0.76362E-03
    0.11091E+02    0.77912E-03
    0.11320E+02    0.79462E-03
    0.11555E+02    0.81050E-03
    0.11797E+02    0.82716E-03
    0.12045E+02    0.84382E-03
    0.12299E+02    0.86010E-03
    0.12560E+02    0.87792E-03
    0.12828E+02    0.89535E-03
    0.13103E+02    0.91356E-03
    0.13385E+02    0.93138E-03
    0.13676E+02    0.95037E-03
    0.13974E+02    0.96935E-03
    0.14280E+02    0.98833E-03
    0.14596E+02    0.10081E-02
    0.14919E+02    0.10275E-02
    0.15253E+02    0.10484E-02
    0.15595E+02    0.10685E-02
    0.15948E+02    0.10895E-02
    0.16311E+02    0.11108E-02
    0.16685E+02    0.11325E-02
    0.17070E+02    0.11538E-02
    0.17467E+02    0.11762E-02
    0.17876E+02    0.11987E-02
    0.18298E+02    0.12216E-02
    0.18733E+02    0.12444E-02
    0.19182E+02    0.12681E-02
    0.19646E+02    0.12913E-02
    0.20126E+02    0.13149E-02
    0.20622E+02    0.13390E-02
    0.21135E+02    0.13641E-02
    0.21667E+02    0.13885E-02
    0.22218E+02    0.14130E-02
    0.22789E+02    0.14378E-02
    0.23382E+02    0.14633E-02
    0.23999E+02    0.14881E-02
    0.24640E+02    0.15137E-02
    0.25307E+02    0.15393E-02
    0.26003E+02    0.15644E-02
    0.26730E+02    0.15900E-02
    0.27489E+02    0.16156E-02
    0.28284E+02    0.16404E-02
    0.29117E+02    0.16652E-02
    0.29992E+02    0.16896E-02
    0.30913E+02    0.17144E-02
    0.31882E+02    0.17380E-02
    0.32906E+02    0.17609E-02
    0.33989E+02    0.17830E-02
    0.35137E+02    0.18039E-02
    0.36354E+02    0.18236E-02
    0.37646E+02    0.18415E-02
    0.39018E+02    0.18573E-02
    0.40474E+02    0.18705E-02
    0.42013E+02    0.18806E-02
    0.43628E+02    0.18864E-02
    0.45304E+02    0.18883E-02
zone,t="U<sub>m</sub>/U<sub>1</sub>=6.64"
0.194236 0.959123
0.383373 0.885043
0.585807 0.766663
0.788036 0.633523
0.953571 0.529958
1.20649  0.372758
1.40426  0.25254
1.81904  0.0618907
zone,t="U<sub>m</sub>/U<sub>1</sub>=1.93"
0.318927 0.920193
0.480131 0.838775
0.631932 0.748145
0.962642 0.515184
1.13271  0.404232
1.29802  0.284062
1.45932  0.210023
1.76795  0.0564311
1.93456  0.0303549
2.08741  0.0153691
zone,t="U<sub>m</sub>/U<sub>1</sub>=1.13"
0.148163 0.981331
0.342015 0.912779
0.586012 0.781423
1.09135  0.431968
1.34886  0.271072
1.60664  0.13047
1.85594  0.0470761
2.14302  0.011597
zone,t="U<sub>m</sub>/U<sub>1</sub>=0.41"
0.250022 0.968266
0.429857 0.892354
0.62304  0.775833
0.852713 0.614978
1.01784  0.481892
1.22445  0.330296
1.41302  0.215627
1.64344  0.108275
zone,t="U<sub>m</sub>/U<sub>1</sub>=0.20"
0.138682 0.966585
0.434135 0.866518
0.870855 0.58543
1.31172  0.269282
1.74506  0.0786051
2.18466  0.00415548
