VARIABLES = "y","uuprime","wwprime","vvprime"
ZONE T="CFL3D, SA-QCR2000"
 4.999999987E-07 5.199020728E-11 4.064910214E-11 2.930800047E-11
 1.000465204E-06 4.484846661E-10 3.506525625E-10 2.528204313E-10
 1.501861107E-06 1.928244675E-09 1.507618697E-09 1.086992718E-09
 2.004654107E-06 5.735574682E-09 4.484420391E-09 3.233265877E-09
 2.509312253E-06 1.364458058E-08 1.066816058E-08 7.691739690E-09
 3.016304618E-06 2.799180976E-08 2.188569326E-08 1.577957676E-08
 3.526103228E-06 5.171906992E-08 4.043709723E-08 2.915512809E-08
 4.039182386E-06 8.842695109E-08 6.913754191E-08 4.984812918E-08
 4.556018666E-06 1.424398590E-07 1.113680881E-07 8.029632426E-08
 5.077094102E-06 2.188837414E-07 1.711365343E-07 1.233893272E-07
 5.602892543E-06 3.237766748E-07 2.531481584E-07 1.825196136E-07
 6.133903298E-06 4.641348994E-07 3.628886702E-07 2.616424410E-07
 6.670620678E-06 6.480951811E-07 5.067198572E-07 3.653445901E-07
 7.213543540E-06 8.850539075E-07 6.919884186E-07 4.989229865E-07
 7.763177564E-06 1.185827500E-06 9.271512909E-07 6.684751384E-07
 8.320033885E-06 1.562832949E-06 1.221916705E-06 8.810006307E-07
 8.884630006E-06 2.030292535E-06 1.587404768E-06 1.144517000E-06
 9.457491615E-06 2.604467227E-06 2.036328851E-06 1.468190476E-06
 1.003915168E-05 3.303914355E-06 2.583198466E-06 1.862482577E-06
 1.063015134E-05 4.149781034E-06 3.244547770E-06 2.339314278E-06
 1.123103993E-05 5.166129995E-06 4.039189662E-06 2.912249556E-06
 1.184237772E-05 6.380307696E-06 4.988506134E-06 3.596705028E-06
 1.246473221E-05 7.823341548E-06 6.116756140E-06 4.410170732E-06
 1.309868276E-05 9.530394891E-06 7.451432339E-06 5.372469332E-06
 1.374481872E-05 1.154125766E-05 9.023643543E-06 6.506030331E-06
 1.440374217E-05 1.390089528E-05 1.086854900E-05 7.836202712E-06
 1.507606521E-05 1.666003118E-05 1.302580495E-05 9.391578715E-06
 1.576241448E-05 1.987581163E-05 1.554009214E-05 1.120437355E-05
 1.646342571E-05 2.361246516E-05 1.846162922E-05 1.331079420E-05
 1.717975465E-05 2.794209831E-05 2.184679215E-05 1.575148599E-05
 1.791206523E-05 3.294542694E-05 2.575869075E-05 1.857195457E-05
 1.866104139E-05 3.871267108E-05 3.026785998E-05 2.182305070E-05
 1.942737617E-05 4.534428808E-05 3.545284926E-05 2.556141044E-05
 2.021178625E-05 5.295198207E-05 4.140099190E-05 2.984999992E-05
 2.101499740E-05 6.165940431E-05 4.820896356E-05 3.475852645E-05
 2.183776087E-05 7.160307723E-05 5.598350617E-05 4.036394239E-05
 2.268083881E-05 8.293295105E-05 6.484187179E-05 4.675078526E-05
 2.354501703E-05 9.581319318E-05 7.491239376E-05 5.401159433E-05
 2.443110134E-05 1.104224721E-04 8.633478137E-05 6.224708341E-05
 2.533991210E-05 1.269539789E-04 9.926007624E-05 7.156616630E-05
 2.627229696E-05 1.456154714E-04 1.138507068E-04 8.208594954E-05
 2.722912359E-05 1.666283933E-04 1.302798337E-04 9.393126675E-05
 2.821128328E-05 1.902268414E-04 1.487304689E-04 1.072340892E-04
 2.921968553E-05 2.166554186E-04 1.693938393E-04 1.221322746E-04
 3.025527258E-05 2.461668919E-04 1.924676035E-04 1.387683296E-04
 3.131900667E-05 2.790183935E-04 2.181528107E-04 1.572872134E-04
 3.241187733E-05 3.154669248E-04 2.466503356E-04 1.778337755E-04
 3.353489956E-05 3.557633900E-04 2.781564253E-04 2.005494607E-04
 3.468912109E-05 4.001463240E-04 3.128575336E-04 2.255687286E-04
 3.587561514E-05 4.488334525E-04 3.509238886E-04 2.530143247E-04
 3.709548400E-05 5.020130775E-04 3.925027268E-04 2.829923469E-04
 3.834985910E-05 5.598342395E-04 4.377105797E-04 3.155868908E-04
 3.963991549E-05 6.223974051E-04 4.866259405E-04 3.508544760E-04
 4.096685007E-05 6.897432031E-04 5.392806488E-04 3.888180654E-04
 4.233189611E-05 7.618437521E-04 5.956528476E-04 4.294619139E-04
 4.373632328E-05 8.385940455E-04 6.556604640E-04 4.727268533E-04
 4.518143760E-05 9.198062471E-04 7.191565819E-04 5.185069167E-04
 4.666858513E-05 1.005205326E-03 7.859261823E-04 5.666470970E-04
 4.819914830E-05 1.094428822E-03 8.556859102E-04 6.169429980E-04
 4.977455319E-05 1.187030226E-03 9.280866943E-04 6.691431045E-04
 5.139626228E-05 1.282486250E-03 1.002719277E-03 7.229521289E-04
 5.306578896E-05 1.380207599E-03 1.079122885E-03 7.780380547E-04
 5.478467938E-05 1.479553292E-03 1.156796468E-03 8.340395289E-04
 5.655453788E-05 1.579848584E-03 1.235212316E-03 8.905760478E-04
 5.837701246E-05 1.680403017E-03 1.313830726E-03 9.472584352E-04
 6.025379116E-05 1.780530205E-03 1.392115024E-03 1.003699726E-03
 6.218662747E-05 1.879567862E-03 1.469547278E-03 1.059526694E-03
 6.417731493E-05 1.976893982E-03 1.545641338E-03 1.114388579E-03
 6.622770888E-05 2.071942436E-03 1.619954244E-03 1.167966169E-03
 6.833971565E-05 2.164214151E-03 1.692096237E-03 1.219978207E-03
 7.051529974E-05 2.253285842E-03 1.761735883E-03 1.270186040E-03
 7.275648386E-05 2.338813152E-03 1.828604261E-03 1.318395487E-03
 7.506535621E-05 2.420532517E-03 1.892495318E-03 1.364458119E-03
 7.744405593E-05 2.498258138E-03 1.953263534E-03 1.408268930E-03
 7.989480946E-05 2.571877791E-03 2.010821365E-03 1.449764823E-03
 8.241988689E-05 2.641345374E-03 2.065132605E-03 1.488919836E-03
 8.502163837E-05 2.706673928E-03 2.116207499E-03 1.525740954E-03
 8.770249406E-05 2.767925849E-03 2.164094942E-03 1.560263918E-03
 9.046493506E-05 2.825205447E-03 2.208876424E-03 1.592547167E-03
 9.331152978E-05 2.878649859E-03 2.250659047E-03 1.622668002E-03
 9.624494123E-05 2.928421134E-03 2.289569471E-03 1.650717924E-03
 9.926789062E-05 2.974699019E-03 2.325748792E-03 1.676798216E-03
 1.023831865E-04 3.017675364E-03 2.359346254E-03 1.701016910E-03
 1.055937319E-04 3.057547845E-03 2.390516689E-03 1.723485417E-03
 1.089025172E-04 3.094515763E-03 2.419416094E-03 1.744316192E-03
 1.123126131E-04 3.128776792E-03 2.446198836E-03 1.763620880E-03
 1.158271916E-04 3.160524182E-03 2.471016254E-03 1.781508094E-03
 1.194495271E-04 3.189944429E-03 2.494013868E-03 1.798082958E-03
 1.231829810E-04 3.217214951E-03 2.515330678E-03 1.813445822E-03
 1.270310458E-04 3.242504783E-03 2.535098465E-03 1.827691565E-03
 1.309972722E-04 3.265972016E-03 2.553441096E-03 1.840909594E-03
 1.350853854E-04 3.287765197E-03 2.570474520E-03 1.853183494E-03
 1.392991544E-04 3.308021696E-03 2.586306538E-03 1.864590915E-03
 1.436425227E-04 3.326869104E-03 2.601036569E-03 1.875203568E-03
 1.481195213E-04 3.344425000E-03 2.614756580E-03 1.885087811E-03
 1.527343265E-04 3.360797185E-03 2.627551090E-03 1.894304412E-03
 1.574912167E-04 3.376084846E-03 2.639497397E-03 1.902909251E-03
 1.623946155E-04 3.390378319E-03 2.650666051E-03 1.910953317E-03
 1.674490923E-04 3.403760027E-03 2.661121776E-03 1.918482943E-03
 1.726593473E-04 3.416304709E-03 2.670923015E-03 1.925540506E-03
 1.780302409E-04 3.428081051E-03 2.680123085E-03 1.932164421E-03
 1.835667499E-04 3.439150518E-03 2.688770415E-03 1.938389498E-03
 1.892740256E-04 3.449569456E-03 2.696909010E-03 1.944247517E-03
 1.951573940E-04 3.459388623E-03 2.704578219E-03 1.949766884E-03
 2.012223267E-04 3.468654118E-03 2.711814363E-03 1.954973675E-03
 2.074744407E-04 3.477407154E-03 2.718649805E-03 1.959891059E-03
 2.139195858E-04 3.485685680E-03 2.725113649E-03 1.964540686E-03
 2.205637284E-04 3.493523691E-03 2.731233137E-03 1.968941418E-03
 2.274130820E-04 3.500951687E-03 2.737031551E-03 1.973110484E-03
 2.344739914E-04 3.507997608E-03 2.742531244E-03 1.977063483E-03
 2.417530341E-04 3.514686367E-03 2.747751307E-03 1.980814850E-03
 2.492569620E-04 3.521040780E-03 2.752709668E-03 1.984377159E-03
 2.569928183E-04 3.527081106E-03 2.757422160E-03 1.987761818E-03
 2.649677335E-04 3.532826202E-03 2.761903452E-03 1.990979305E-03
 2.731891291E-04 3.538292833E-03 2.766166814E-03 1.994038932E-03
 2.816647175E-04 3.543495666E-03 2.770223655E-03 1.996949548E-03
 2.904023277E-04 3.548448905E-03 2.774084685E-03 1.999718603E-03
 2.994100796E-04 3.553164657E-03 2.777759917E-03 2.002353314E-03
 3.086963843E-04 3.557654331E-03 2.781257965E-03 2.004859503E-03
 3.182698856E-04 3.561927937E-03 2.784586744E-03 2.007243223E-03
 3.281394893E-04 3.565994790E-03 2.787753474E-03 2.009509830E-03
 3.383143339E-04 3.569863271E-03 2.790764440E-03 2.011663280E-03
 3.488039365E-04 3.573540831E-03 2.793625928E-03 2.013708465E-03
 3.596180177E-04 3.577034222E-03 2.796343062E-03 2.015649108E-03
 3.707666765E-04 3.580349963E-03 2.798920497E-03 2.017488470E-03
 3.822602448E-04 3.583493177E-03 2.801362658E-03 2.019229578E-03
 3.941094328E-04 3.586468985E-03 2.803673735E-03 2.020875458E-03
 4.063252709E-04 3.589282278E-03 2.805856755E-03 2.022428205E-03
 4.189191386E-04 3.591936780E-03 2.807915211E-03 2.023890615E-03
 4.319027066E-04 3.594435984E-03 2.809851896E-03 2.025264548E-03
 4.452880821E-04 3.596783616E-03 2.811669372E-03 2.026551636E-03
 4.590877215E-04 3.598982235E-03 2.813369734E-03 2.027753508E-03
 4.733144306E-04 3.601034405E-03 2.814954845E-03 2.028871560E-03
 4.879814805E-04 3.602942452E-03 2.816426568E-03 2.029907191E-03
 5.031024921E-04 3.604708007E-03 2.817786532E-03 2.030861098E-03
 5.186916096E-04 3.606333164E-03 2.819035668E-03 2.031734213E-03
 5.347632105E-04 3.607818624E-03 2.820175141E-03 2.032527234E-03
 5.513323122E-04 3.609166015E-03 2.821205882E-03 2.033240860E-03
 5.684143398E-04 3.610376036E-03 2.822128125E-03 2.033875557E-03
 5.860251840E-04 3.611448919E-03 2.822942566E-03 2.034431323E-03
 6.041811430E-04 3.612385364E-03 2.823649440E-03 2.034908393E-03
 6.228992715E-04 3.613185370E-03 2.824248979E-03 2.035306767E-03
 6.421967992E-04 3.613848705E-03 2.824740484E-03 2.035626210E-03
 6.620918284E-04 3.614375368E-03 2.825123956E-03 2.035866724E-03
 6.826028111E-04 3.614763962E-03 2.825398929E-03 2.036027843E-03
 7.037487812E-04 3.615014255E-03 2.825564705E-03 2.036108635E-03
 7.255495293E-04 3.615125315E-03 2.825620351E-03 2.036108635E-03
 7.480251952E-04 3.615095280E-03 2.825564938E-03 2.036027377E-03
 7.711967919E-04 3.614922985E-03 2.825396834E-03 2.035863465E-03
 7.950857980E-04 3.614606569E-03 2.825115109E-03 2.035615733E-03
 8.197145071E-04 3.614143934E-03 2.824717900E-03 2.035283484E-03
 8.451058529E-04 3.613532754E-03 2.824203344E-03 2.034865087E-03
 8.712833514E-04 3.612770699E-03 2.823569113E-03 2.034358680E-03
 8.982714498E-04 3.611854510E-03 2.822813578E-03 2.033763099E-03
 9.260951774E-04 3.610781394E-03 2.821933711E-03 2.033076249E-03
 9.547804948E-04 3.609548090E-03 2.820927184E-03 2.032296266E-03
 9.843540611E-04 3.608150641E-03 2.819790971E-03 2.031420590E-03
 1.014843350E-03 3.606585087E-03 2.818521578E-03 2.030447125E-03
 1.046276768E-03 3.604847006E-03 2.817115979E-03 2.029373543E-03
 1.078683534E-03 3.602931742E-03 2.815570217E-03 2.028196817E-03
 1.112093800E-03 3.600834403E-03 2.813880332E-03 2.026913920E-03
 1.146538649E-03 3.598549636E-03 2.812042367E-03 2.025522059E-03
 1.182050211E-03 3.596071387E-03 2.810051199E-03 2.024017507E-03
 1.218661433E-03 3.593393834E-03 2.807902405E-03 2.022397006E-03
 1.256406307E-03 3.590509994E-03 2.805590397E-03 2.020656364E-03
 1.295320108E-03 3.587412881E-03 2.803109819E-03 2.018791623E-03
 1.335438923E-03 3.584095044E-03 2.800454618E-03 2.016798360E-03
 1.376800123E-03 3.580548335E-03 2.797618741E-03 2.014672151E-03
 1.419442124E-03 3.576764604E-03 2.794594970E-03 2.012407873E-03
 1.463404740E-03 3.572734538E-03 2.791376552E-03 2.010000404E-03
 1.508728717E-03 3.568448359E-03 2.787955804E-03 2.007444389E-03
 1.555456314E-03 3.563895822E-03 2.784324344E-03 2.004733542E-03
 1.603630953E-03 3.559066448E-03 2.780474024E-03 2.001861576E-03
 1.653297455E-03 3.553948365E-03 2.776395762E-03 1.998822205E-03
 1.704502036E-03 3.548529232E-03 2.772079781E-03 1.995608211E-03
 1.757292310E-03 3.542796476E-03 2.767516067E-03 1.992212376E-03
 1.811717520E-03 3.536736360E-03 2.762693679E-03 1.988626784E-03
 1.867828076E-03 3.530334216E-03 2.757600974E-03 1.984843053E-03
 1.925676246E-03 3.523574676E-03 2.752226545E-03 1.980852336E-03
 1.985315932E-03 3.516441677E-03 2.746557118E-03 1.976645552E-03
 2.046802780E-03 3.508917522E-03 2.740579424E-03 1.972212922E-03
 2.110193484E-03 3.500984749E-03 2.734279027E-03 1.967543969E-03
 2.175547648E-03 3.492623568E-03 2.727641026E-03 1.962627750E-03
 2.242925344E-03 3.483814187E-03 2.720649587E-03 1.957452856E-03
 2.312389901E-03 3.474534722E-03 2.713287715E-03 1.952007296E-03
 2.384005813E-03 3.464762587E-03 2.705537481E-03 1.946277800E-03
 2.457839437E-03 3.454474034E-03 2.697380492E-03 1.940251095E-03
 2.533959458E-03 3.443643684E-03 2.688796958E-03 1.933912747E-03
 2.612437122E-03 3.432244761E-03 2.679765923E-03 1.927247853E-03
 2.693345072E-03 3.420249326E-03 2.670265269E-03 1.920240466E-03
 2.776758745E-03 3.407627577E-03 2.660271944E-03 1.912873820E-03
 2.862755442E-03 3.394348547E-03 2.649761271E-03 1.905130339E-03
 2.951415488E-03 3.380378708E-03 2.638707869E-03 1.896991511E-03
 3.042821307E-03 3.365683369E-03 2.627084265E-03 1.888437662E-03
 3.137057880E-03 3.350226209E-03 2.614861820E-03 1.879448304E-03
 3.234212985E-03 3.333968110E-03 2.602010500E-03 1.870001666E-03
 3.334376728E-03 3.316868795E-03 2.588498639E-03 1.860075281E-03
 3.437642707E-03 3.298885422E-03 2.574292477E-03 1.849644817E-03
 3.544106614E-03 3.279972821E-03 2.559357556E-03 1.838685363E-03
 3.653867636E-03 3.260083497E-03 2.543656621E-03 1.827170490E-03
 3.767027752E-03 3.239167621E-03 2.527150791E-03 1.815072377E-03
 3.883692669E-03 3.217173042E-03 2.509799320E-03 1.802361920E-03
 4.003970418E-03 3.194044577E-03 2.491559600E-03 1.789008500E-03
 4.127973225E-03 3.169724718E-03 2.472386695E-03 1.774980221E-03
 4.255816340E-03 3.144152695E-03 2.452233573E-03 1.760243438E-03
 4.387618508E-03 3.117265413E-03 2.431050874E-03 1.744763111E-03
 4.523502663E-03 3.088996513E-03 2.408787375E-03 1.728502684E-03
 4.663594998E-03 3.059276147E-03 2.385389060E-03 1.711423625E-03
 4.808025900E-03 3.028031904E-03 2.360799583E-03 1.693486236E-03
 4.956929944E-03 2.995188581E-03 2.334960736E-03 1.674648956E-03
 5.110444967E-03 2.960667014E-03 2.307811053E-03 1.654868363E-03
 5.268714856E-03 2.924385248E-03 2.279286971E-03 1.634099521E-03
 5.431886297E-03 2.886258531E-03 2.249323064E-03 1.612296095E-03
 5.600110628E-03 2.846198156E-03 2.217851346E-03 1.589409891E-03
 5.773545243E-03 2.804113785E-03 2.184801036E-03 1.565391431E-03
 5.952350795E-03 2.759911120E-03 2.150100423E-03 1.540189725E-03
 6.136693992E-03 2.713494468E-03 2.113674767E-03 1.513752621E-03
 6.326746196E-03 2.664764877E-03 2.075448632E-03 1.486026915E-03
 6.522683892E-03 2.613622695E-03 2.035344718E-03 1.456958824E-03
 6.724690087E-03 2.559966408E-03 1.993285259E-03 1.426493749E-03
 6.932952441E-03 2.503694268E-03 1.949192025E-03 1.394577324E-03
 7.147664204E-03 2.444704762E-03 1.902987482E-03 1.361155533E-03
 7.369025610E-03 2.382897772E-03 1.854594913E-03 1.326175407E-03
 7.597242948E-03 2.318176208E-03 1.803940162E-03 1.289585489E-03
 7.832527161E-03 2.250447171E-03 1.750952564E-03 1.251337584E-03
 8.075099438E-03 2.179623116E-03 1.695565647E-03 1.211386407E-03
 8.325182833E-03 2.105626976E-03 1.637721318E-03 1.169692841E-03
 8.583012037E-03 2.028390998E-03 1.577368821E-03 1.126223011E-03
 8.848825470E-03 1.947863610E-03 1.514470205E-03 1.080952818E-03
 9.122870862E-03 1.864011516E-03 1.449001837E-03 1.033868175E-03
 9.405404329E-03 1.776824705E-03 1.380958245E-03 9.849683847E-04
 9.696686640E-03 1.686324249E-03 1.310358290E-03 9.342701524E-04
 9.996990673E-03 1.592565910E-03 1.237248071E-03 8.818097413E-04
 1.030659489E-02 1.495651901E-03 1.161709661E-03 8.276491426E-04
 1.062578708E-02 1.395739266E-03 1.083867624E-03 7.718809647E-04
 1.095486525E-02 1.293050940E-03 1.003898331E-03 7.146343705E-04
 1.129413396E-02 1.187892514E-03 9.220414795E-04 6.560838665E-04
 1.164390985E-02 1.080665854E-03 8.386120899E-04 5.964572192E-04
 1.200451888E-02 9.718905785E-04 7.540159859E-04 5.360465148E-04
 1.237629540E-02 8.622278110E-04 6.687684800E-04 4.752214591E-04
 1.275958586E-02 7.525052060E-04 5.835135817E-04 4.144423874E-04
 1.315474603E-02 6.437494885E-04 4.990492016E-04 3.542781051E-04
 1.356214564E-02 5.372169544E-04 4.163500562E-04 2.954218071E-04
 1.398216095E-02 4.344347981E-04 3.365998273E-04 2.387133718E-04
 1.441518404E-02 3.372313513E-04 2.612138924E-04 1.851549605E-04
 1.486161817E-02 2.477569506E-04 1.918552152E-04 1.359217131E-04
 1.532187872E-02 1.685135067E-04 1.304565521E-04 9.237656923E-05
 1.579639316E-02 1.022165889E-04 7.911301509E-05 5.599363431E-05
 1.628560200E-02 5.168217467E-05 3.999548062E-05 2.829723235E-05
 1.678996161E-02 1.931332190E-05 1.494991011E-05 1.057720237E-05
 1.730994321E-02 4.302182333E-06 3.334607072E-06 2.361802672E-06
 1.784602553E-02 3.524790202E-07 2.747145800E-07 1.957393039E-07
 1.839871332E-02 4.627775052E-09 3.848500185E-09 3.011506600E-09
 1.896851510E-02 1.792259258E-10 3.021605743E-10 4.166071099E-10
 1.955596358E-02 1.406206956E-10 2.606829752E-10 3.749972000E-10
 2.016160637E-02 1.381904174E-10 2.580649583E-10 3.727184672E-10
 2.078600600E-02 1.386108450E-10 2.588211312E-10 3.738597210E-10
 2.142974176E-02 1.391966820E-10 2.598054827E-10 3.752906319E-10
 2.209341526E-02 1.397192223E-10 2.607262461E-10 3.766271461E-10
 2.277764119E-02 1.402360589E-10 2.616162564E-10 3.779132007E-10
 2.348305658E-02 1.407194500E-10 2.624539752E-10 3.791242875E-10
 2.421032079E-02 1.411794154E-10 2.632485341E-10 3.802725357E-10
 2.496010624E-02 1.416134154E-10 2.639989061E-10 3.813570570E-10
 2.573311329E-02 1.420235457E-10 2.647078667E-10 3.823816541E-10
 2.653006092E-02 1.424102225E-10 2.653767484E-10 3.833482976E-10
 2.735168859E-02 1.427744450E-10 2.660072995E-10 3.842595409E-10
 2.819876187E-02 1.431169766E-10 2.666010468E-10 3.851176045E-10
 2.907206863E-02 1.434386498E-10 2.671596000E-10 3.859247644E-10
 2.997242101E-02 1.437402697E-10 2.676844302E-10 3.866831577E-10
 3.090065904E-02 1.440226688E-10 2.681770361E-10 3.873949772E-10
 3.185764328E-02 1.442866243E-10 2.686389444E-10 3.880623600E-10
 3.284426406E-02 1.445329828E-10 2.690715428E-10 3.886873878E-10
 3.386143968E-02 1.447625214E-10 2.694763301E-10 3.892721701E-10
 3.491012007E-02 1.449761006E-10 2.698546941E-10 3.898188161E-10
 3.599127382E-02 1.451745252E-10 2.702081059E-10 3.903293522E-10
 3.710591421E-02 1.453586140E-10 2.705379809E-10 3.908058877E-10
 3.825507313E-02 1.455291998E-10 2.708457347E-10 3.912504210E-10
 3.943981975E-02 1.456871151E-10 2.711326996E-10 3.916650337E-10
 4.066125676E-02 1.458331650E-10 2.714003466E-10 3.920517244E-10
 4.192052409E-02 1.459681820E-10 2.716499803E-10 3.924124636E-10
 4.321879148E-02 1.460929572E-10 2.718829328E-10 3.927492775E-10
 4.455726221E-02 1.462082816E-10 2.721005643E-10 3.930640258E-10
 4.593718797E-02 1.463149463E-10 2.723041237E-10 3.933586790E-10
 4.735985026E-02 1.464137006E-10 2.724949155E-10 3.936350412E-10
 4.882656783E-02 1.465052801E-10 2.726740778E-10 3.938948612E-10
 5.033871159E-02 1.465903648E-10 2.728428039E-10 3.941398874E-10
 5.189768597E-02 1.466696348E-10 2.730022042E-10 3.943717575E-10
 5.350494012E-02 1.467437283E-10 2.731533055E-10 3.945919980E-10
 5.516197160E-02 1.468132421E-10 2.732971072E-10 3.948021077E-10
 5.687032267E-02 1.468787175E-10 2.734345250E-10 3.950034466E-10
 5.863158032E-02 1.469406818E-10 2.735664473E-10 3.951972916E-10
 6.044737995E-02 1.469996347E-10 2.736936788E-10 3.953848360E-10
 6.231941655E-02 1.470559785E-10 2.738168858E-10 3.955671901E-10
 6.424943358E-02 1.471101158E-10 2.739367899E-10 3.957452699E-10
 6.623921543E-02 1.471623795E-10 2.740539462E-10 3.959199912E-10
 6.829062104E-02 1.472130751E-10 2.741688543E-10 3.960920758E-10
 7.040556520E-02 1.472624661E-10 2.742819860E-10 3.962621897E-10
 7.258599997E-02 1.473107747E-10 2.743937022E-10 3.964308881E-10
 7.483396679E-02 1.473581535E-10 2.745043082E-10 3.965986151E-10
 7.715155184E-02 1.474047689E-10 2.746140815E-10 3.967657869E-10
 7.954090834E-02 1.474507183E-10 2.747231886E-10 3.969325979E-10
 8.200427145E-02 1.474960987E-10 2.748317962E-10 3.970993256E-10
 8.454391360E-02 1.475409378E-10 2.749400152E-10 3.972660811E-10
 8.716221154E-02 1.475852773E-10 2.750478734E-10 3.974328922E-10
 8.986160159E-02 1.476291034E-10 2.751553707E-10 3.975998142E-10
 9.264458716E-02 1.476724160E-10 2.752625072E-10 3.977667640E-10
 9.551376104E-02 1.477151595E-10 2.753692552E-10 3.979336582E-10
 9.847179055E-02 1.477573064E-10 2.754754758E-10 3.981003582E-10
 1.015214324E-01 1.477987871E-10 2.755810857E-10 3.982666696E-10
 1.046655178E-01 1.478395045E-10 2.756859463E-10 3.984324259E-10
 1.079069749E-01 1.478793893E-10 2.757899187E-10 3.985973218E-10
 1.112488210E-01 1.479183442E-10 2.758928086E-10 3.987611352E-10
 1.146941632E-01 1.479562445E-10 2.759944218E-10 3.989235331E-10
 1.182462052E-01 1.479929790E-10 2.760945639E-10 3.990842101E-10
 1.219082549E-01 1.480284367E-10 2.761929574E-10 3.992427777E-10
 1.256837100E-01 1.480624373E-10 2.762893525E-10 3.993988751E-10
 1.295761019E-01 1.480948558E-10 2.763834994E-10 3.995521136E-10
 1.335890293E-01 1.481255396E-10 2.764750651E-10 3.997020215E-10
 1.377262473E-01 1.481543083E-10 2.765637441E-10 3.998480991E-10
 1.419915855E-01 1.481809675E-10 2.766491758E-10 3.999898746E-10
 1.463890225E-01 1.482053091E-10 2.767309992E-10 4.001267651E-10
 1.509226412E-01 1.482271389E-10 2.768087981E-10 4.002582155E-10
 1.555966735E-01 1.482462209E-10 2.768821283E-10 4.003835319E-10
 1.604154557E-01 1.482623191E-10 2.769505458E-10 4.005021315E-10
 1.653834581E-01 1.482751422E-10 2.770135232E-10 4.006131815E-10
 1.705053449E-01 1.482844542E-10 2.770705609E-10 4.007159882E-10
 1.757858396E-01 1.482899220E-10 2.771211038E-10 4.008096910E-10
 1.812298745E-01 1.482912543E-10 2.771645136E-10 4.008934296E-10
 1.868425012E-01 1.482881179E-10 2.772001795E-10 4.009662602E-10
 1.926289499E-01 1.482801382E-10 2.772274077E-10 4.010271837E-10
 1.985946149E-01 1.482669681E-10 2.772454766E-10 4.010751453E-10
 2.047450244E-01 1.482481915E-10 2.772536367E-10 4.011090626E-10
 2.110859156E-01 1.482234196E-10 2.772511110E-10 4.011277421E-10
 2.176231891E-01 1.481922224E-10 2.772370111E-10 4.011299626E-10
 2.243629098E-01 1.481541279E-10 2.772104768E-10 4.011144472E-10
 2.313113511E-01 1.481086781E-10 2.771705920E-10 4.010797527E-10
 2.384749949E-01 1.480553874E-10 2.771163854E-10 4.010245469E-10
 2.458604872E-01 1.479937561E-10 2.770468577E-10 4.009473309E-10
 2.534747124E-01 1.479232431E-10 2.769610097E-10 4.008465504E-10
 2.613247335E-01 1.478433348E-10 2.768576479E-10 4.007205956E-10
 2.694178820E-01 1.477534484E-10 2.767357454E-10 4.005678012E-10
 2.777616680E-01 1.476530426E-10 2.765941087E-10 4.003864462E-10
 2.863638699E-01 1.475415345E-10 2.764315721E-10 4.001747822E-10
 2.952324748E-01 1.474183553E-10 2.762469697E-10 3.999310327E-10
 3.043757379E-01 1.472829081E-10 2.760390250E-10 3.996533660E-10
 3.138021529E-01 1.471346239E-10 2.758065720E-10 3.993399222E-10
 3.235205114E-01 1.469729338E-10 2.755483341E-10 3.989888697E-10
 3.335398436E-01 1.467972549E-10 2.752631179E-10 3.985983488E-10
 3.438694775E-01 1.466070459E-10 2.749497019E-10 3.981664998E-10
 3.545189798E-01 1.464017796E-10 2.746068928E-10 3.976915186E-10
 3.654983342E-01 1.461809562E-10 2.742335525E-10 3.971716289E-10
 3.768177032E-01 1.459441179E-10 2.738286264E-10 3.966051376E-10
 3.884876370E-01 1.456908622E-10 2.733910598E-10 3.959904904E-10
 4.005189836E-01 1.454208004E-10 2.729199089E-10 3.953261885E-10
 4.129229188E-01 1.451336690E-10 2.724143966E-10 3.946109273E-10
 4.257110059E-01 1.448292458E-10 2.718738290E-10 3.938435411E-10
 4.388951659E-01 1.445074338E-10 2.712976788E-10 3.930231141E-10
 4.524875879E-01 1.441682329E-10 2.706856128E-10 3.921490077E-10
 4.665009975E-01 1.438117542E-10 2.700374924E-10 3.912208890E-10
 4.809483886E-01 1.434382890E-10 2.693534840E-10 3.902386747E-10
 4.958432019E-01 1.430482538E-10 2.686339762E-10 3.892028366E-10
 5.111992955E-01 1.426423007E-10 2.678797184E-10 3.881142074E-10
 5.270310044E-01 1.422212764E-10 2.670918209E-10 3.869741194E-10
 5.433530211E-01 1.417862633E-10 2.662717824E-10 3.857845432E-10
 5.601804852E-01 1.413386075E-10 2.654216014E-10 3.845480323E-10
 5.775290728E-01 1.408799882E-10 2.645437758E-10 3.832678896E-10
 5.954149961E-01 1.404123762E-10 2.636413310E-10 3.819481675E-10
 6.138547659E-01 1.399381583E-10 2.627179585E-10 3.805938342E-10
 6.328656673E-01 1.394600685E-10 2.617779604E-10 3.792106629E-10
 6.524653435E-01 1.389813542E-10 2.608264438E-10 3.778055924E-10
 6.726719737E-01 1.385057347E-10 2.598692650E-10 3.763864220E-10
 6.935044527E-01 1.380373593E-10 2.589131687E-10 3.749626998E-10
 7.149820328E-01 1.375815156E-10 2.579659264E-10 3.735436682E-10
 7.371248007E-01 1.371427832E-10 2.570359758E-10 3.721440101E-10
 7.599533200E-01 1.367305158E-10 2.561341417E-10 3.707693319E-10
 7.834888697E-01 1.363450602E-10 2.552695555E-10 3.694542727E-10
 8.077532649E-01 1.360193208E-10 2.544643107E-10 3.681659422E-10
 8.327691555E-01 1.356998403E-10 2.537073052E-10 3.670488635E-10
 8.585597277E-01 1.355705409E-10 2.530855803E-10 3.657947556E-10
 8.851490617E-01 1.352228052E-10 2.524433718E-10 3.652512459E-10
 9.125618339E-01 1.372633951E-10 2.532112853E-10 3.636175805E-10
 9.408236146E-01 1.372062464E-10 2.530481935E-10 3.654251068E-10
 9.699606299E-01 1.262391164E-10 2.423934109E-10 3.452567954E-10
 1.000000000E+00 0.000000000E+00 0.000000000E+00 0.000000000E+00
ZONE T="FUN3D, SA-QCR2000"
 4.999999987E-07 2.027949857E-11 1.585574554E-11 1.143199077E-11
 1.000465204E-06 3.250719416E-10 2.541609700E-10 1.832500263E-10
 1.501861107E-06 1.650760417E-09 1.290664686E-09 9.305690107E-10
 2.004654107E-06 5.239802370E-09 4.096795347E-09 2.953788103E-09
 2.509312253E-06 1.286369677E-08 1.005761785E-08 7.251539369E-09
 3.016304618E-06 2.685561462E-08 2.099734608E-08 1.513907755E-08
 3.526103228E-06 5.015313320E-08 3.921275749E-08 2.827237822E-08
 4.039182386E-06 8.635173998E-08 6.751501047E-08 4.867828451E-08
 4.556018666E-06 1.397697815E-07 1.092804709E-07 7.879116026E-08
 5.077094102E-06 2.155259580E-07 1.685112210E-07 1.214964698E-07
 5.602892543E-06 3.196300895E-07 2.499061225E-07 1.801821128E-07
 6.133903298E-06 4.590889660E-07 3.589434243E-07 2.587979111E-07
 6.670620678E-06 6.420279988E-07 5.019762170E-07 3.619243785E-07
 7.213543540E-06 8.778312690E-07 6.863413660E-07 4.948514061E-07
 7.763177564E-06 1.177300419E-06 9.204843536E-07 6.636682315E-07
 8.320033885E-06 1.552836011E-06 1.214100507E-06 8.753651741E-07
 8.884630006E-06 2.018642135E-06 1.578295723E-06 1.137949312E-06
 9.457491615E-06 2.590957820E-06 2.025766435E-06 1.460574936E-06
 1.003915168E-05 3.288316748E-06 2.571003051E-06 1.853689810E-06
 1.063015134E-05 4.131838978E-06 3.230519269E-06 2.329199788E-06
 1.123103993E-05 5.145557225E-06 4.023104793E-06 2.900652589E-06
 1.184237772E-05 6.356782251E-06 4.970112968E-06 3.583443231E-06
 1.246473221E-05 7.796503269E-06 6.095772278E-06 4.395041742E-06
 1.309868276E-05 9.499840417E-06 7.427542641E-06 5.355245321E-06
 1.374481872E-05 1.150653497E-05 8.996496035E-06 6.486456641E-06
 1.440374217E-05 1.386149688E-05 1.083774441E-05 7.813992852E-06
 1.507606521E-05 1.661539136E-05 1.299090218E-05 9.366414815E-06
 1.576241448E-05 1.982528920E-05 1.550059096E-05 1.117589272E-05
 1.646342571E-05 2.355535798E-05 1.841698031E-05 1.327860173E-05
 1.717975465E-05 2.787761150E-05 2.179637158E-05 1.571513531E-05
 1.791206523E-05 3.287268555E-05 2.570181459E-05 1.853094727E-05
 1.866104139E-05 3.863067104E-05 3.020374788E-05 2.177682472E-05
 1.942737617E-05 4.525196346E-05 3.538066449E-05 2.550936733E-05
 2.021178625E-05 5.284811414E-05 4.131978494E-05 2.979144847E-05
 2.101499740E-05 6.154267612E-05 4.811770486E-05 3.469272633E-05
 2.183776087E-05 7.147201541E-05 5.588103886E-05 4.029005868E-05
 2.268083881E-05 8.278598398E-05 6.472696259E-05 4.666794484E-05
 2.354501703E-05 9.564859647E-05 7.478369662E-05 5.391880768E-05
 2.443110134E-05 1.102383103E-04 8.619079017E-05 6.214327732E-05
 2.533991210E-05 1.267482730E-04 9.909924847E-05 7.145020936E-05
 2.627229696E-05 1.453860750E-04 1.136713472E-04 8.195663395E-05
 2.722912359E-05 1.663730218E-04 1.300801669E-04 9.378731193E-05
 2.821128328E-05 1.899430645E-04 1.485085813E-04 1.070741127E-04
 2.921968553E-05 2.163408208E-04 1.691478828E-04 1.219549376E-04
 3.025527258E-05 2.458189556E-04 1.921955700E-04 1.385721989E-04
 3.131900667E-05 2.786345722E-04 2.178527066E-04 1.570708409E-04
 3.241187733E-05 3.150446573E-04 2.463201818E-04 1.775957353E-04
 3.353489956E-05 3.553003771E-04 2.777944319E-04 2.002884576E-04
 3.468912109E-05 3.996403248E-04 3.124619252E-04 2.252834965E-04
 3.587561514E-05 4.482824879E-04 3.504931228E-04 2.527037286E-04
 3.709548400E-05 5.014156923E-04 3.920356103E-04 2.826555865E-04
 3.834985910E-05 5.591895315E-04 4.372064723E-04 3.152234131E-04
 3.963991549E-05 6.217047339E-04 4.860844056E-04 3.504640190E-04
 4.096685007E-05 6.890030345E-04 5.387018900E-04 3.884008038E-04
 4.233189611E-05 7.610573084E-04 5.950379418E-04 4.290186043E-04
 4.373632328E-05 8.377640042E-04 6.550115068E-04 4.722589510E-04
 4.518143760E-05 9.189363336E-04 7.184764836E-04 5.180165172E-04
 4.666858513E-05 1.004300779E-03 7.852190174E-04 5.661371979E-04
 4.819914830E-05 1.093496452E-03 8.549570339E-04 6.164174993E-04
 4.977455319E-05 1.186078764E-03 9.273427422E-04 6.686067209E-04
 5.139626228E-05 1.281525823E-03 1.001968281E-03 7.224107976E-04
 5.306578896E-05 1.379249850E-03 1.078374102E-03 7.774982951E-04
 5.478467938E-05 1.478611608E-03 1.156060258E-03 8.335087332E-04
 5.655453788E-05 1.578936935E-03 1.234499505E-03 8.900622488E-04
 5.837701246E-05 1.679535955E-03 1.313152839E-03 9.467697819E-04
 6.025379116E-05 1.779722399E-03 1.391483471E-03 1.003244543E-03
 6.218662747E-05 1.878833049E-03 1.468972769E-03 1.059112605E-03
 6.417731493E-05 1.976244384E-03 1.545133418E-03 1.114022569E-03
 6.622770888E-05 2.071388531E-03 1.619521296E-03 1.167654060E-03
 6.833971565E-05 2.163763857E-03 1.691744197E-03 1.219724538E-03
 7.051529974E-05 2.252943814E-03 1.761468477E-03 1.269993256E-03
 7.275648386E-05 2.338580787E-03 1.828422653E-03 1.318264636E-03
 7.506535621E-05 2.420407953E-03 1.892397995E-03 1.364388037E-03
 7.744405593E-05 2.498236485E-03 1.953246538E-03 1.408256940E-03
 7.989480946E-05 2.571950899E-03 2.010878641E-03 1.449806150E-03
 8.241988689E-05 2.641502535E-03 2.065255772E-03 1.489008544E-03
 8.502163837E-05 2.706902334E-03 2.116386313E-03 1.525869942E-03
 8.770249406E-05 2.768211300E-03 2.164318226E-03 1.560425037E-03
 9.046493506E-05 2.825532341E-03 2.209132072E-03 1.592731802E-03
 9.331152978E-05 2.879002364E-03 2.250934718E-03 1.622867072E-03
 9.624494123E-05 2.928783419E-03 2.289853059E-03 1.650922466E-03
 9.926789062E-05 2.975055482E-03 2.326027490E-03 1.676999382E-03
 1.023831865E-04 3.018011106E-03 2.359608887E-03 1.701206318E-03
 1.055937319E-04 3.057849128E-03 2.390752314E-03 1.723655616E-03
 1.089025172E-04 3.094770480E-03 2.419615397E-03 1.744460082E-03
 1.123126131E-04 3.128973767E-03 2.446353203E-03 1.763732289E-03
 1.158271916E-04 3.160654334E-03 2.471118001E-03 1.781581668E-03
 1.194495271E-04 3.189999610E-03 2.494057175E-03 1.798114390E-03
 1.231829810E-04 3.217188874E-03 2.515310422E-03 1.813431387E-03
 1.270310458E-04 3.242392326E-03 2.535010688E-03 1.827628585E-03
 1.309972722E-04 3.265770152E-03 2.553283237E-03 1.840796089E-03
 1.350853854E-04 3.287470900E-03 2.570244716E-03 1.853018068E-03
 1.392991544E-04 3.307634266E-03 2.586003859E-03 1.864372985E-03
 1.436425227E-04 3.326388542E-03 2.600661013E-03 1.874933136E-03
 1.481195213E-04 3.343851771E-03 2.614308614E-03 1.884765108E-03
 1.527343265E-04 3.360132920E-03 2.627032110E-03 1.893930486E-03
 1.574912167E-04 3.375331638E-03 2.638908802E-03 1.902485383E-03
 1.623946155E-04 3.389538964E-03 2.650010167E-03 1.910480787E-03
 1.674490923E-04 3.402837552E-03 2.660400933E-03 1.917963615E-03
 1.726593473E-04 3.415302606E-03 2.670139773E-03 1.924976357E-03
 1.780302409E-04 3.427002812E-03 2.679280471E-03 1.931557199E-03
 1.835667499E-04 3.438000102E-03 2.687871223E-03 1.937741647E-03
 1.892740256E-04 3.448350588E-03 2.695956267E-03 1.943561016E-03
 1.951573940E-04 3.458105028E-03 2.703574952E-03 1.949044061E-03
 2.012223267E-04 3.467309754E-03 2.710763598E-03 1.954216510E-03
 2.074744407E-04 3.476005979E-03 2.717554569E-03 1.959102228E-03
 2.139195858E-04 3.484231653E-03 2.723977203E-03 1.963721821E-03
 2.205637284E-04 3.492020071E-03 2.730058040E-03 1.968094846E-03
 2.274130820E-04 3.499402432E-03 2.735820832E-03 1.972238068E-03
 2.344739914E-04 3.506405978E-03 2.741287230E-03 1.976167317E-03
 2.417530341E-04 3.513055621E-03 2.746476792E-03 1.979896799E-03
 2.492569620E-04 3.519373946E-03 2.751406981E-03 1.983438618E-03
 2.569928183E-04 3.525381442E-03 2.756093862E-03 1.986804651E-03
 2.649677335E-04 3.531096037E-03 2.760551404E-03 1.990005374E-03
 2.731891291E-04 3.536534728E-03 2.764793113E-03 1.993049635E-03
 2.816647175E-04 3.541712649E-03 2.768830163E-03 1.995946048E-03
 2.904023277E-04 3.546643071E-03 2.772673499E-03 1.998702297E-03
 2.994100796E-04 3.551338334E-03 2.776332665E-03 2.001325367E-03
 3.086963843E-04 3.555809380E-03 2.779816277E-03 2.003821079E-03
 3.182698856E-04 3.560066456E-03 2.783132019E-03 2.006195718E-03
 3.281394893E-04 3.564118408E-03 2.786287339E-03 2.008453710E-03
 3.383143339E-04 3.567973617E-03 2.789288061E-03 2.010600176E-03
 3.488039365E-04 3.571639769E-03 2.792140469E-03 2.012639074E-03
 3.596180177E-04 3.575123148E-03 2.794849686E-03 2.014573896E-03
 3.707666765E-04 3.578429809E-03 2.797420369E-03 2.016408369E-03
 3.822602448E-04 3.581565805E-03 2.799856942E-03 2.018145286E-03
 3.941094328E-04 3.584535327E-03 2.802162664E-03 2.019787673E-03
 4.063252709E-04 3.587343264E-03 2.804341959E-03 2.021337859E-03
 4.189191386E-04 3.589993576E-03 2.806397388E-03 2.022798173E-03
 4.319027066E-04 3.592489986E-03 2.808331745E-03 2.024170244E-03
 4.452880821E-04 3.594835056E-03 2.810147125E-03 2.025456168E-03
 4.590877215E-04 3.597032279E-03 2.811846556E-03 2.026657341E-03
 4.733144306E-04 3.599083982E-03 2.813431434E-03 2.027775161E-03
 4.879814805E-04 3.600992030E-03 2.814903157E-03 2.028810792E-03
 5.031024921E-04 3.602758516E-03 2.816263819E-03 2.029765164E-03
 5.186916096E-04 3.604384838E-03 2.817514120E-03 2.030639211E-03
 5.347632105E-04 3.605872625E-03 2.818655223E-03 2.031433629E-03
 5.513323122E-04 3.607222345E-03 2.819687827E-03 2.032148885E-03
 5.684143398E-04 3.608435625E-03 2.820612630E-03 2.032785444E-03
 5.860251840E-04 3.609512001E-03 2.821430098E-03 2.033343306E-03
 6.041811430E-04 3.610452637E-03 2.822140232E-03 2.033822704E-03
 6.228992715E-04 3.611257300E-03 2.822743263E-03 2.034223871E-03
 6.421967992E-04 3.611925524E-03 2.823238727E-03 2.034546342E-03
 6.620918284E-04 3.612457076E-03 2.823626623E-03 2.034790115E-03
 6.826028111E-04 3.612851724E-03 2.823906019E-03 2.034954494E-03
 7.037487812E-04 3.613108303E-03 2.824076684E-03 2.035039011E-03
 7.255495293E-04 3.613225650E-03 2.824137453E-03 2.035042970E-03
 7.480251952E-04 3.613202367E-03 2.824087394E-03 2.034965437E-03
 7.711967919E-04 3.613037290E-03 2.823924879E-03 2.034805715E-03
 7.950857980E-04 3.612728091E-03 2.823648974E-03 2.034562640E-03
 8.197145071E-04 3.612273373E-03 2.823258052E-03 2.034234814E-03
 8.451058529E-04 3.611670109E-03 2.822749782E-03 2.033821307E-03
 8.712833514E-04 3.610916203E-03 2.822122304E-03 2.033319790E-03
 8.982714498E-04 3.610008629E-03 2.821373288E-03 2.032729099E-03
 9.260951774E-04 3.608944593E-03 2.820500638E-03 2.032047370E-03
 9.547804948E-04 3.607720369E-03 2.819501329E-03 2.031272976E-03
 9.843540611E-04 3.606332233E-03 2.818372566E-03 2.030402888E-03
 1.014843350E-03 3.604776226E-03 2.817111090E-03 2.029435243E-03
 1.046276768E-03 3.603048157E-03 2.815712942E-03 2.028367249E-03
 1.078683534E-03 3.601143137E-03 2.814175561E-03 2.027196577E-03
 1.112093800E-03 3.599056276E-03 2.812494058E-03 2.025919966E-03
 1.146538649E-03 3.596782451E-03 2.810664475E-03 2.024534391E-03
 1.182050211E-03 3.594315378E-03 2.808682388E-03 2.023036592E-03
 1.218661433E-03 3.591649001E-03 2.806542441E-03 2.021422610E-03
 1.256406307E-03 3.588776803E-03 2.804239979E-03 2.019689186E-03
 1.295320108E-03 3.585691797E-03 2.801768947E-03 2.017831430E-03
 1.335438923E-03 3.582386300E-03 2.799123526E-03 2.015845617E-03
 1.376800123E-03 3.578852629E-03 2.796297660E-03 2.013727091E-03
 1.419442124E-03 3.575082170E-03 2.793284599E-03 2.011470497E-03
 1.463404740E-03 3.571065376E-03 2.790076891E-03 2.009071410E-03
 1.508728717E-03 3.566793399E-03 2.786667319E-03 2.006523311E-03
 1.555456314E-03 3.562255297E-03 2.783047734E-03 2.003821079E-03
 1.603630953E-03 3.557441058E-03 2.779209521E-03 2.000958193E-03
 1.653297455E-03 3.552338574E-03 2.775143366E-03 1.997927902E-03
 1.704502036E-03 3.546935739E-03 2.770840423E-03 1.994723687E-03
 1.757292310E-03 3.541219980E-03 2.766289981E-03 1.991337631E-03
 1.811717520E-03 3.535177093E-03 2.761481330E-03 1.987762284E-03
 1.867828076E-03 3.528793110E-03 2.756403293E-03 1.983989496E-03
 1.925676246E-03 3.522052662E-03 2.751043998E-03 1.980009954E-03
 1.985315932E-03 3.514939221E-03 2.745389938E-03 1.975814812E-03
 2.046802780E-03 3.507435787E-03 2.739428775E-03 1.971394289E-03
 2.110193484E-03 3.499524668E-03 2.733145608E-03 1.966737909E-03
 2.175547648E-03 3.491186071E-03 2.726525301E-03 1.961835194E-03
 2.242925344E-03 3.482399974E-03 2.719552489E-03 1.956674270E-03
 2.312389901E-03 3.473145189E-03 2.712210175E-03 1.951242913E-03
 2.384005813E-03 3.463398898E-03 2.704480430E-03 1.945528551E-03
 2.457839437E-03 3.453137586E-03 2.696344862E-03 1.939517562E-03
 2.533959458E-03 3.442335641E-03 2.687783679E-03 1.933195977E-03
 2.612437122E-03 3.430966521E-03 2.678776160E-03 1.926548313E-03
 2.693345072E-03 3.419002285E-03 2.669300186E-03 1.919559203E-03
 2.776758745E-03 3.406413132E-03 2.659332938E-03 1.912211534E-03
 2.862755442E-03 3.393168561E-03 2.648849506E-03 1.904488076E-03
 2.951415488E-03 3.379234578E-03 2.637824509E-03 1.896370202E-03
 3.042821307E-03 3.364577424E-03 2.626230707E-03 1.887838240E-03
 3.137057880E-03 3.349159844E-03 2.614039695E-03 1.878871932E-03
 3.234212985E-03 3.332943656E-03 2.601221437E-03 1.869449508E-03
 3.334376728E-03 3.315888345E-03 2.587744035E-03 1.859548269E-03
 3.437642707E-03 3.297950840E-03 2.573574428E-03 1.849144464E-03
 3.544106614E-03 3.279086435E-03 2.558677457E-03 1.838212833E-03
 3.653867636E-03 3.259247867E-03 2.543016337E-03 1.826727181E-03
 3.767027752E-03 3.238385078E-03 2.526552416E-03 1.814659568E-03
 3.883692669E-03 3.216446377E-03 2.509244950E-03 1.801981125E-03
 4.003970418E-03 3.193376586E-03 2.491051098E-03 1.788661117E-03
 4.127973225E-03 3.169118194E-03 2.471926156E-03 1.774667879E-03
 4.255816340E-03 3.143610666E-03 2.451823559E-03 1.759967883E-03
 4.387618508E-03 3.116790671E-03 2.430694178E-03 1.744525973E-03
 4.523502663E-03 3.088592319E-03 2.408486092E-03 1.728305710E-03
 4.663594998E-03 3.058945760E-03 2.385145519E-03 1.711268793E-03
 4.808025900E-03 3.027779050E-03 2.360616578E-03 1.693375176E-03
 4.956929944E-03 2.995016519E-03 2.334841061E-03 1.674583647E-03
 5.110444967E-03 2.960579470E-03 2.307757270E-03 1.654850901E-03
 5.268714856E-03 2.924385946E-03 2.279302571E-03 1.634132001E-03
 5.431886297E-03 2.886350965E-03 2.249410609E-03 1.612380380E-03
 5.600110628E-03 2.846386982E-03 2.218013629E-03 1.589548192E-03
 5.773545243E-03 2.804402495E-03 2.185041783E-03 1.565585961E-03
 5.952350795E-03 2.760304138E-03 2.150421962E-03 1.540442579E-03
 6.136693992E-03 2.713995287E-03 2.114080824E-03 1.514066011E-03
 6.326746196E-03 2.665378153E-03 2.075942000E-03 1.486403169E-03
 6.522683892E-03 2.614351921E-03 2.035928424E-03 1.457399805E-03
 6.724690087E-03 2.560816007E-03 1.993962564E-03 1.427001785E-03
 6.932952441E-03 2.504667500E-03 1.949965837E-03 1.395154279E-03
 7.147664204E-03 2.445805585E-03 1.903860364E-03 1.361803152E-03
 7.369025610E-03 2.384129912E-03 1.855569659E-03 1.326895552E-03
 7.597242948E-03 2.319542458E-03 1.805018983E-03 1.290379791E-03
 7.832527161E-03 2.251950325E-03 1.752137323E-03 1.252207323E-03
 8.075099438E-03 2.181265270E-03 1.696858206E-03 1.212332747E-03
 8.325182833E-03 2.107409528E-03 1.639122260E-03 1.170715783E-03
 8.583012037E-03 2.030314179E-03 1.578878611E-03 1.127323252E-03
 8.848825470E-03 1.949927304E-03 1.516088378E-03 1.082129427E-03
 9.122870862E-03 1.866213628E-03 1.450726646E-03 1.035119989E-03
 9.405404329E-03 1.779162441E-03 1.382787363E-03 9.862934239E-04
 9.696686640E-03 1.688791788E-03 1.312287292E-03 9.356650990E-04
 9.996990673E-03 1.595156500E-03 1.239271252E-03 8.832704625E-04
 1.030659489E-02 1.498355414E-03 1.163819106E-03 8.291699341E-04
 1.062578708E-02 1.398542430E-03 1.086053089E-03 7.734541432E-04
 1.095486525E-02 1.295937342E-03 1.006146544E-03 7.162503898E-04
 1.129413396E-02 1.190840499E-03 9.243358509E-04 6.577307358E-04
 1.164390985E-02 1.083649229E-03 8.409320144E-04 5.981201539E-04
 1.200451888E-02 9.748775046E-04 7.563367253E-04 5.377078196E-04
 1.237629540E-02 8.651789394E-04 6.710594171E-04 4.768592189E-04
 1.275958586E-02 7.553735632E-04 5.857382785E-04 4.160306707E-04
 1.315474603E-02 6.464777980E-04 5.011633039E-04 3.557854507E-04
 1.356214564E-02 5.397390923E-04 4.183025158E-04 2.968120098E-04
 1.398216095E-02 4.366715148E-04 3.383293515E-04 2.399431105E-04
 1.441518404E-02 3.390906786E-04 2.626496425E-04 1.861742348E-04
 1.486161817E-02 2.491406922E-04 1.929216232E-04 1.366772340E-04
 1.532187872E-02 1.692971273E-04 1.310578809E-04 9.280100494E-05
 1.579639316E-02 1.023136356E-04 7.918347546E-05 5.604112448E-05
 1.628560200E-02 5.103257354E-05 3.948884114E-05 2.793533531E-05
 1.678996161E-02 1.787622386E-05 1.383608833E-05 9.786247574E-06
 1.730994321E-02 2.982589876E-06 2.314952098E-06 1.639583047E-06
 1.784602553E-02 7.740973729E-08 6.129103269E-08 4.421472255E-08
 1.839871332E-02 9.479075302E-10 9.623518649E-10 9.464359296E-10
 1.896851510E-02 2.100764562E-10 3.176122143E-10 4.172103774E-10
 1.955596358E-02 1.392407023E-10 2.615407613E-10 3.782229807E-10
 2.016160637E-02 1.413548445E-10 2.627626727E-10 3.791603420E-10
 2.078600600E-02 1.416681356E-10 2.633168406E-10 3.800594006E-10
 2.142974176E-02 1.419488971E-10 2.639143071E-10 3.809933757E-10
 2.209341526E-02 1.422728740E-10 2.645305641E-10 3.818968752E-10
 2.277764119E-02 1.425876361E-10 2.651189823E-10 3.827509698E-10
 2.348305658E-02 1.428836771E-10 2.656738995E-10 3.835559648E-10
 2.421032079E-02 1.431636476E-10 2.661986465E-10 3.843169949E-10
 2.496010624E-02 1.434281027E-10 2.666948329E-10 3.850367802E-10
 2.573311329E-02 1.436780278E-10 2.671642907E-10 3.857180408E-10
 2.653006092E-02 1.439143527E-10 2.676087407E-10 3.863633025E-10
 2.735168859E-02 1.441379516E-10 2.680298206E-10 3.869748966E-10
 2.819876187E-02 1.443496295E-10 2.684290290E-10 3.875550436E-10
 2.907206863E-02 1.445501496E-10 2.688078093E-10 3.881058253E-10
 2.997242101E-02 1.447402337E-10 2.691675494E-10 3.886291289E-10
 3.090065904E-02 1.449205617E-10 2.695094703E-10 3.891268419E-10
 3.185764328E-02 1.450917858E-10 2.698347379E-10 3.896006573E-10
 3.284426406E-02 1.452545029E-10 2.701445179E-10 3.900521850E-10
 3.386143968E-02 1.454092541E-10 2.704398372E-10 3.904829238E-10
 3.491012007E-02 1.455565529E-10 2.707216396E-10 3.908942892E-10
 3.599127382E-02 1.456969267E-10 2.709908964E-10 3.912876689E-10
 3.710591421E-02 1.458308196E-10 2.712484404E-10 3.916642566E-10
 3.825507313E-02 1.459586896E-10 2.714951042E-10 3.920253011E-10
 3.943981975E-02 1.460809113E-10 2.717316649E-10 3.923718295E-10
 4.066125676E-02 1.461978871E-10 2.719588166E-10 3.927049519E-10
 4.192052409E-02 1.463099780E-10 2.721772252E-10 3.930256398E-10
 4.321879148E-02 1.464175170E-10 2.723875847E-10 3.933348092E-10
 4.455726221E-02 1.465208371E-10 2.725904502E-10 3.936333204E-10
 4.593718797E-02 1.466202160E-10 2.727863491E-10 3.939220061E-10
 4.735985026E-02 1.467159172E-10 2.729758641E-10 3.942015603E-10
 4.882656783E-02 1.468082322E-10 2.731594118E-10 3.944727600E-10
 5.033871159E-02 1.468973831E-10 2.733375193E-10 3.947362714E-10
 5.189768597E-02 1.469836058E-10 2.735105753E-10 3.949927052E-10
 5.350494012E-02 1.470670669E-10 2.736789684E-10 3.952426164E-10
 5.516197160E-02 1.471480021E-10 2.738431149E-10 3.954866157E-10
 5.687032267E-02 1.472265920E-10 2.740033200E-10 3.957251193E-10
 5.863158032E-02 1.473029476E-10 2.741598615E-10 3.959586270E-10
 6.044737995E-02 1.473772770E-10 2.743131278E-10 3.961876383E-10
 6.231941655E-02 1.474496913E-10 2.744633409E-10 3.964124584E-10
 6.424943358E-02 1.475202599E-10 2.746106953E-10 3.966334761E-10
 6.623921543E-02 1.475891909E-10 2.747554684E-10 3.968510520E-10
 6.829062104E-02 1.476565259E-10 2.748978545E-10 3.970654638E-10
 7.040556520E-02 1.477223482E-10 2.750380479E-10 3.972769891E-10
 7.258599997E-02 1.477867551E-10 2.751761874E-10 3.974858775E-10
 7.483396679E-02 1.478497741E-10 2.753124118E-10 3.976923235E-10
 7.715155184E-02 1.479115025E-10 2.754468320E-10 3.978965213E-10
 7.954090834E-02 1.479719541E-10 2.755795869E-10 3.980986374E-10
 8.200427145E-02 1.480311707E-10 2.757107320E-10 3.982988106E-10
 8.454391360E-02 1.480891521E-10 2.758402950E-10 3.984971242E-10
 8.716221154E-02 1.481459261E-10 2.759684148E-10 3.986936614E-10
 8.986160159E-02 1.482015066E-10 2.760950357E-10 3.988884778E-10
 9.264458716E-02 1.482558520E-10 2.762201856E-10 3.990816011E-10
 9.551376104E-02 1.483089623E-10 2.763438922E-10 3.992730313E-10
 9.847179055E-02 1.483607820E-10 2.764660723E-10 3.994627129E-10
 1.015214324E-01 1.484113249E-10 2.765866702E-10 3.996506182E-10
 1.046655178E-01 1.484604800E-10 2.767056861E-10 3.998366360E-10
 1.079069749E-01 1.485082057E-10 2.768229534E-10 4.000206832E-10
 1.112488210E-01 1.485544326E-10 2.769384444E-10 4.002025933E-10
 1.146941632E-01 1.485990775E-10 2.770519092E-10 4.003821996E-10
 1.182462052E-01 1.486420570E-10 2.771633478E-10 4.005592802E-10
 1.219082549E-01 1.486832463E-10 2.772724828E-10 4.007336130E-10
 1.256837100E-01 1.487225343E-10 2.773791197E-10 4.009049204E-10
 1.295761019E-01 1.487597961E-10 2.774830921E-10 4.010729249E-10
 1.335890293E-01 1.487948931E-10 2.775841224E-10 4.012372101E-10
 1.377262473E-01 1.488276863E-10 2.776819608E-10 4.013974708E-10
 1.419915855E-01 1.488579815E-10 2.777762742E-10 4.015532351E-10
 1.463890225E-01 1.488856122E-10 2.778668129E-10 4.017040867E-10
 1.509226412E-01 1.489104118E-10 2.779531327E-10 4.018494704E-10
 1.555966735E-01 1.489321444E-10 2.780349284E-10 4.019889144E-10
 1.604154557E-01 1.489506435E-10 2.781117836E-10 4.021217526E-10
 1.653834581E-01 1.489656176E-10 2.781832542E-10 4.022473743E-10
 1.705053449E-01 1.489768725E-10 2.782488406E-10 4.023650857E-10
 1.757858396E-01 1.489841445E-10 2.783080710E-10 4.024741651E-10
 1.812298745E-01 1.489871421E-10 2.783604180E-10 4.025738076E-10
 1.868425012E-01 1.489856155E-10 2.784052711E-10 4.026632083E-10
 1.926289499E-01 1.489792317E-10 2.784421027E-10 4.027413958E-10
 1.985946149E-01 1.489676715E-10 2.784701636E-10 4.028074818E-10
 2.047450244E-01 1.489506574E-10 2.784888986E-10 4.028604395E-10
 2.110859156E-01 1.489277868E-10 2.784975306E-10 4.028992417E-10
 2.176231891E-01 1.488987683E-10 2.784953657E-10 4.029228062E-10
 2.243629098E-01 1.488633661E-10 2.784819320E-10 4.029303280E-10
 2.313113511E-01 1.488216633E-10 2.784572573E-10 4.029219181E-10
 2.384749949E-01 1.487741597E-10 2.784221742E-10 4.028986866E-10
 2.458604872E-01 1.487202306E-10 2.783754616E-10 4.028587741E-10
 2.534747124E-01 1.486578222E-10 2.783130948E-10 4.027963241E-10
 2.613247335E-01 1.485855328E-10 2.782323261E-10 4.027073119E-10
 2.694178820E-01 1.485029044E-10 2.781321840E-10 4.025901834E-10
 2.777616680E-01 1.484097151E-10 2.780120856E-10 4.024441336E-10
 2.863638699E-01 1.483057288E-10 2.778715036E-10 4.022682187E-10
 2.952324748E-01 1.481906542E-10 2.777096331E-10 4.020612454E-10
 3.043757379E-01 1.480640888E-10 2.775255581E-10 4.018218258E-10
 3.138021529E-01 1.479256162E-10 2.773183627E-10 4.015484889E-10
 3.235205114E-01 1.477747369E-10 2.770869645E-10 4.012395971E-10
 3.335398436E-01 1.476110206E-10 2.768303087E-10 4.008934573E-10
 3.438694775E-01 1.474339539E-10 2.765472296E-10 4.005084320E-10
 3.545189798E-01 1.472431066E-10 2.762366724E-10 4.000827447E-10
 3.654983342E-01 1.470379790E-10 2.758975548E-10 3.996147302E-10
 3.768177032E-01 1.468181549E-10 2.755288220E-10 3.991028341E-10
 3.884876370E-01 1.465832455E-10 2.751294748E-10 3.985454466E-10
 4.005189836E-01 1.463328902E-10 2.746986527E-10 3.979411523E-10
 4.129229188E-01 1.460667975E-10 2.742354954E-10 3.972885909E-10
 4.257110059E-01 1.457847593E-10 2.737393645E-10 3.965867079E-10
 4.388951659E-01 1.454866505E-10 2.732096493E-10 3.958344763E-10
 4.524875879E-01 1.451724296E-10 2.726460724E-10 3.950312577E-10
 4.665009975E-01 1.448421799E-10 2.720483561E-10 3.941766080E-10
 4.809483886E-01 1.444961373E-10 2.714165837E-10 3.932704717E-10
 4.958432019E-01 1.441346625E-10 2.707511715E-10 3.923131264E-10
 5.111992955E-01 1.437583386E-10 2.700527024E-10 3.913052660E-10
 5.270310044E-01 1.433679286E-10 2.693221202E-10 3.902481671E-10
 5.433530211E-01 1.429643903E-10 2.685608957E-10 3.891435230E-10
 5.601804852E-01 1.425490004E-10 2.677707778E-10 3.879937482E-10
 5.775290728E-01 1.421232437E-10 2.669540977E-10 3.868018406E-10
 5.954149961E-01 1.416889522E-10 2.661136589E-10 3.855716302E-10
 6.138547659E-01 1.412482770E-10 2.652527920E-10 3.843076968E-10
 6.328656673E-01 1.408037020E-10 2.643755770E-10 3.830154527E-10
 6.524653435E-01 1.403580585E-10 2.634866769E-10 3.817013650E-10
 6.726719737E-01 1.399145660E-10 2.625913653E-10 3.803728443E-10
 6.935044527E-01 1.394769716E-10 2.616958594E-10 3.790383563E-10
 7.149820328E-01 1.390495358E-10 2.608071814E-10 3.777076985E-10
 7.371248007E-01 1.386359916E-10 2.599325477E-10 3.763912793E-10
 7.599533200E-01 1.382366582E-10 2.590771764E-10 3.750991462E-10
 7.834888697E-01 1.378499398E-10 2.582453973E-10 3.738415133E-10
 8.077532649E-01 1.374945852E-10 2.574568336E-10 3.726386422E-10
 8.327691555E-01 1.372400110E-10 2.567683288E-10 3.715345531E-10
 8.585597277E-01 1.370700081E-10 2.561756363E-10 3.705367402E-10
 8.851490617E-01 1.363156393E-10 2.552019707E-10 3.693600426E-10
 9.125618339E-01 1.341032146E-10 2.531456988E-10 3.674756055E-10
 9.408236146E-01 1.330580091E-10 2.519618958E-10 3.661699000E-10
 9.699606299E-01 1.510205988E-10 2.642104868E-10 3.727175790E-10
 1.000000000E+00 1.849525810E-10 2.862579895E-10 3.829437878E-10
