VARIABLES = "y","uuprime_nok","wwprime_nok","vvprime_nok"
ZONE T="CFL3D, SA-QCR2000"
 4.999999987E-07 1.134110340E-11 -3.322071336E-19 -1.134110340E-11
 1.000465204E-06 9.783211741E-11 -2.893181652E-18 -9.783211047E-11
 1.501861107E-06 4.206259507E-10 -1.230155710E-17 -4.206259230E-10
 2.004654107E-06 1.251154513E-09 -3.632885930E-17 -1.251154513E-09
 2.509312253E-06 2.976420443E-09 -8.582007458E-17 -2.976420443E-09
 3.016304618E-06 6.106117389E-09 -1.747111862E-16 -6.106117389E-09
 3.526103228E-06 1.128197002E-08 -3.203045826E-16 -1.128197002E-08
 4.039182386E-06 1.928941273E-08 -5.433177432E-16 -1.928941096E-08
 4.556018666E-06 3.107176738E-08 -8.679258619E-16 -3.107176383E-08
 5.077094102E-06 4.774721063E-08 -1.321891582E-15 -4.774720708E-08
 5.602892543E-06 7.062852347E-08 -1.937144022E-15 -7.062852347E-08
 6.133903298E-06 1.012462434E-07 -2.750145303E-15 -1.012462363E-07
 6.670620678E-06 1.413752955E-07 -3.802282196E-15 -1.413752955E-07
 7.213543540E-06 1.930654605E-07 -5.140516325E-15 -1.930654463E-07
 7.763177564E-06 2.586761809E-07 -6.818145122E-15 -2.586761809E-07
 8.320033885E-06 3.409161309E-07 -8.895871202E-15 -3.409161309E-07
 8.884630006E-06 4.428878526E-07 -1.144290266E-14 -4.428878242E-07
 9.457491615E-06 5.681383186E-07 -1.453836170E-14 -5.681383186E-07
 1.003915168E-05 7.207158887E-07 -1.827307735E-14 -7.207158319E-07
 1.063015134E-05 9.052334349E-07 -2.275146421E-14 -9.052334349E-07
 1.123103993E-05 1.126939992E-06 -2.809381789E-14 -1.126939992E-06
 1.184237772E-05 1.391801220E-06 -3.443883498E-14 -1.391801106E-06
 1.246473221E-05 1.706585294E-06 -4.194651150E-14 -1.706585181E-06
 1.309868276E-05 2.078962780E-06 -5.080062144E-14 -2.078962552E-06
 1.374481872E-05 2.517613439E-06 -6.121131705E-14 -2.517613439E-06
 1.440374217E-05 3.032346513E-06 -7.341813247E-14 -3.032346513E-06
 1.507606521E-05 3.634226232E-06 -8.768968218E-14 -3.634226005E-06
 1.576241448E-05 4.335719041E-06 -1.043226920E-13 -4.335718586E-06
 1.646342571E-05 5.150835932E-06 -1.236392987E-13 -5.150835932E-06
 1.717975465E-05 6.095306162E-06 -1.459768450E-13 -6.095305707E-06
 1.791206523E-05 7.186737548E-06 -1.716702952E-13 -7.186737093E-06
 1.866104139E-05 8.444809282E-06 -2.010279828E-13 -8.444809282E-06
 1.942737617E-05 9.891437912E-06 -2.342893403E-13 -9.891437912E-06
 2.021178625E-05 1.155099017E-05 -2.715641839E-13 -1.155099017E-05
 2.101499740E-05 1.345043893E-05 -3.127479287E-13 -1.345043893E-05
 2.183776087E-05 1.561956560E-05 -3.574019065E-13 -1.561956560E-05
 2.268083881E-05 1.809108289E-05 -4.045952484E-13 -1.809108289E-05
 2.354501703E-05 2.090079943E-05 -4.527037924E-13 -2.090079943E-05
 2.443110134E-05 2.408769251E-05 -4.991504714E-13 -2.408769069E-05
 2.533991210E-05 2.769390630E-05 -5.400960170E-13 -2.769390630E-05
 2.627229696E-05 3.176475730E-05 -5.700892232E-13 -3.176475730E-05
 2.722912359E-05 3.634856330E-05 -5.816827055E-13 -3.634855966E-05
 2.821128328E-05 4.149637971E-05 -5.650611814E-13 -4.149637971E-05
 2.921968553E-05 4.726157204E-05 -5.077462973E-13 -4.726157204E-05
 3.025527258E-05 5.369927385E-05 -3.944515342E-13 -5.369927385E-05
 3.131900667E-05 6.086559006E-05 -2.072248081E-13 -6.086559006E-05
 3.241187733E-05 6.881657464E-05 7.396446194E-14 -6.881657464E-05
 3.353489956E-05 7.760696462E-05 4.700399141E-13 -7.760696462E-05
 3.468912109E-05 8.728879038E-05 1.000858793E-12 -8.728879766E-05
 3.587561514E-05 9.790957120E-05 1.682338296E-12 -9.790957120E-05
 3.709548400E-05 1.095103507E-04 2.522664369E-12 -1.095103580E-04
 3.834985910E-05 1.221236889E-04 3.517751195E-12 -1.221237035E-04
 3.963991549E-05 1.357714646E-04 4.646379635E-12 -1.357714646E-04
 4.096685007E-05 1.504625689E-04 5.865589698E-12 -1.504625689E-04
 4.233189611E-05 1.661909046E-04 7.107373717E-12 -1.661909191E-04
 4.373632328E-05 1.829336106E-04 8.277959047E-12 -1.829336106E-04
 4.518143760E-05 2.006496652E-04 9.260813470E-12 -2.006496652E-04
 4.666858513E-05 2.192790998E-04 9.924104073E-12 -2.192790998E-04
 4.819914830E-05 2.387428540E-04 1.013298733E-11 -2.387428540E-04
 4.977455319E-05 2.589435608E-04 9.766304952E-12 -2.589435608E-04
 5.139626228E-05 2.797670313E-04 8.735859258E-12 -2.797670313E-04
 5.306578896E-05 3.010847431E-04 7.005093120E-12 -3.010847722E-04
 5.478467938E-05 3.227568814E-04 4.604053250E-12 -3.227568814E-04
 5.655453788E-05 3.446362680E-04 1.637680009E-12 -3.446362680E-04
 5.837701246E-05 3.665722907E-04 -1.715119366E-12 -3.665722907E-04
 6.025379116E-05 3.884151811E-04 -5.212945960E-12 -3.884151811E-04
 6.218662747E-05 4.100205551E-04 -8.572791782E-12 -4.100205551E-04
 6.417731493E-05 4.312527308E-04 -1.149656932E-11 -4.312527017E-04
 6.622770888E-05 4.519881331E-04 -1.369980171E-11 -4.519881040E-04
 6.833971565E-05 4.721179721E-04 -1.493848795E-11 -4.721179721E-04
 7.051529974E-05 4.915499012E-04 -1.502985410E-11 -4.915498430E-04
 7.275648386E-05 5.102088326E-04 -1.386422834E-11 -5.102088326E-04
 7.506535621E-05 5.280372570E-04 -1.140759882E-11 -5.280372570E-04
 7.744405593E-05 5.449946038E-04 -7.695843962E-12 -5.449946038E-04
 7.989480946E-05 5.610565422E-04 -2.822278002E-12 -5.610565422E-04
 8.241988689E-05 5.762128276E-04 3.078676853E-12 -5.762128276E-04
 8.502163837E-05 5.904663703E-04 9.848899474E-12 -5.904664285E-04
 8.770249406E-05 6.038309657E-04 1.732325047E-11 -6.038309657E-04
 9.046493506E-05 6.163291400E-04 2.534377049E-11 -6.163291400E-04
 9.331152978E-05 6.279908703E-04 3.376971272E-11 -6.279908703E-04
 9.624494123E-05 6.388515467E-04 4.248389140E-11 -6.388516049E-04
 9.926789062E-05 6.489504012E-04 5.139631082E-11 -6.489504594E-04
 1.023831865E-04 6.583292270E-04 6.044491296E-11 -6.583292852E-04
 1.055937319E-04 6.670311559E-04 6.959324089E-11 -6.670312141E-04
 1.089025172E-04 6.750996108E-04 7.882669517E-11 -6.750997272E-04
 1.123126131E-04 6.825778983E-04 8.814914076E-11 -6.825780147E-04
 1.158271916E-04 6.895080442E-04 9.757946534E-11 -6.895081606E-04
 1.194495271E-04 6.959306193E-04 1.071470274E-10 -6.959307357E-04
 1.231829810E-04 7.018845645E-04 1.168875413E-10 -7.018846809E-04
 1.270310458E-04 7.074065506E-04 1.268406630E-10 -7.074066671E-04
 1.309972722E-04 7.125311531E-04 1.370482061E-10 -7.125312695E-04
 1.350853854E-04 7.172907353E-04 1.475522343E-10 -7.172909100E-04
 1.392991544E-04 7.217152743E-04 1.583928544E-10 -7.217154489E-04
 1.436425227E-04 7.258326514E-04 1.696083413E-10 -7.258328260E-04
 1.481195213E-04 7.296684780E-04 1.812348743E-10 -7.296686526E-04
 1.527343265E-04 7.332462701E-04 1.933064542E-10 -7.332465029E-04
 1.574912167E-04 7.365876809E-04 2.058544168E-10 -7.365879137E-04
 1.623946155E-04 7.397123845E-04 2.189078779E-10 -7.397126174E-04
 1.674490923E-04 7.426383672E-04 2.324946624E-10 -7.426386001E-04
 1.726593473E-04 7.453819853E-04 2.466413740E-10 -7.453822182E-04
 1.780302409E-04 7.479581982E-04 2.613735339E-10 -7.479584310E-04
 1.835667499E-04 7.503803936E-04 2.767159002E-10 -7.503806846E-04
 1.892740256E-04 7.526609115E-04 2.926933695E-10 -7.526612026E-04
 1.951573940E-04 7.548107533E-04 3.093310885E-10 -7.548111025E-04
 2.012223267E-04 7.568400470E-04 3.266545645E-10 -7.568403962E-04
 2.074744407E-04 7.587578730E-04 3.446899988E-10 -7.587582222E-04
 2.139195858E-04 7.605723222E-04 3.634646195E-10 -7.605727296E-04
 2.205637284E-04 7.622909616E-04 3.830069317E-10 -7.622913690E-04
 2.274130820E-04 7.639204268E-04 4.033468282E-10 -7.639208343E-04
 2.344739914E-04 7.654668298E-04 4.245153951E-10 -7.654672372E-04
 2.417530341E-04 7.669355255E-04 4.465455783E-10 -7.669359911E-04
 2.492569620E-04 7.683315780E-04 4.694719613E-10 -7.683321019E-04
 2.569928183E-04 7.696595276E-04 4.933310982E-10 -7.696599932E-04
 2.649677335E-04 7.709232741E-04 5.181610696E-10 -7.709237980E-04
 2.731891291E-04 7.721266011E-04 5.440021766E-10 -7.721271249E-04
 2.816647175E-04 7.732727681E-04 5.708969408E-10 -7.732733502E-04
 2.904023277E-04 7.743648021E-04 5.988894936E-10 -7.743653841E-04
 2.994100796E-04 7.754053804E-04 6.280264642E-10 -7.754060207E-04
 3.086963843E-04 7.763970061E-04 6.583567580E-10 -7.763977046E-04
 3.182698856E-04 7.773419493E-04 6.899315008E-10 -7.773426478E-04
 3.281394893E-04 7.782421890E-04 7.228040388E-10 -7.782429457E-04
 3.383143339E-04 7.790995878E-04 7.570303273E-10 -7.791003445E-04
 3.488039365E-04 7.799157174E-04 7.926692080E-10 -7.799165323E-04
 3.596180177E-04 7.806922076E-04 8.297812992E-10 -7.806930225E-04
 3.707666765E-04 7.814303390E-04 8.684303832E-10 -7.814312121E-04
 3.822602448E-04 7.821313338E-04 9.086830732E-10 -7.821322652E-04
 3.941094328E-04 7.827963564E-04 9.506090359E-10 -7.827973459E-04
 4.063252709E-04 7.834264543E-04 9.942805468E-10 -7.834274438E-04
 4.189191386E-04 7.840224425E-04 1.039773156E-09 -7.840234903E-04
 4.319027066E-04 7.845851942E-04 1.087165358E-09 -7.845862419E-04
 4.452880821E-04 7.851154078E-04 1.136539640E-09 -7.851165137E-04
 4.590877215E-04 7.856137236E-04 1.187981158E-09 -7.856148877E-04
 4.733144306E-04 7.860807236E-04 1.241578951E-09 -7.860819460E-04
 4.879814805E-04 7.865169318E-04 1.297425611E-09 -7.865182706E-04
 5.031024921E-04 7.869228139E-04 1.355617951E-09 -7.869242108E-04
 5.186916096E-04 7.872987189E-04 1.416257112E-09 -7.873001159E-04
 5.347632105E-04 7.876449381E-04 1.479447009E-09 -7.876464515E-04
 5.513323122E-04 7.879617624E-04 1.545297001E-09 -7.879633340E-04
 5.684143398E-04 7.882494247E-04 1.613920775E-09 -7.882510545E-04
 5.860251840E-04 7.885080413E-04 1.685436346E-09 -7.885096711E-04
 6.041811430E-04 7.887376705E-04 1.759966284E-09 -7.887394167E-04
 6.228992715E-04 7.889384287E-04 1.837639152E-09 -7.889402914E-04
 6.421967992E-04 7.891103160E-04 1.918587511E-09 -7.891122368E-04
 6.620918284E-04 7.892532158E-04 2.002950250E-09 -7.892552530E-04
 6.826028111E-04 7.893671282E-04 2.090870810E-09 -7.893692236E-04
 7.037487812E-04 7.894518203E-04 2.182498848E-09 -7.894540322E-04
 7.255495293E-04 7.895071176E-04 2.277990907E-09 -7.895094459E-04
 7.480251952E-04 7.895328454E-04 2.377507524E-09 -7.895352319E-04
 7.711967919E-04 7.895285962E-04 2.481217232E-09 -7.895310991E-04
 7.950857980E-04 7.894940791E-04 2.589294557E-09 -7.894966402E-04
 8.197145071E-04 7.894288283E-04 2.701920909E-09 -7.894315640E-04
 8.451058529E-04 7.893324946E-04 2.819284806E-09 -7.893352886E-04
 8.712833514E-04 7.892044378E-04 2.941581423E-09 -7.892074063E-04
 8.982714498E-04 7.890441339E-04 3.069013710E-09 -7.890472189E-04
 9.260951774E-04 7.888510008E-04 3.201792165E-09 -7.888542023E-04
 9.547804948E-04 7.886242820E-04 3.340135057E-09 -7.886276580E-04
 9.843540611E-04 7.883632788E-04 3.484268873E-09 -7.883667131E-04
 1.014843350E-03 7.880670601E-04 3.634427648E-09 -7.880706689E-04
 1.046276768E-03 7.877348107E-04 3.790854297E-09 -7.877385942E-04
 1.078683534E-03 7.873655413E-04 3.953800842E-09 -7.873694412E-04
 1.112093800E-03 7.869582041E-04 4.123527741E-09 -7.869623369E-04
 1.146538649E-03 7.865116349E-04 4.300304113E-09 -7.865159423E-04
 1.182050211E-03 7.860247279E-04 4.484408844E-09 -7.860292098E-04
 1.218661433E-03 7.854960859E-04 4.676129262E-09 -7.855008007E-04
 1.256406307E-03 7.849243702E-04 4.875762905E-09 -7.849292597E-04
 1.295320108E-03 7.843081257E-04 5.083617083E-09 -7.843131898E-04
 1.335438923E-03 7.836456643E-04 5.300007988E-09 -7.836509612E-04
 1.376800123E-03 7.829354145E-04 5.525261582E-09 -7.829409442E-04
 1.419442124E-03 7.821754552E-04 5.759714483E-09 -7.821812178E-04
 1.463404740E-03 7.813639822E-04 6.003712638E-09 -7.813699776E-04
 1.508728717E-03 7.804988418E-04 6.257610874E-09 -7.805051282E-04
 1.555456314E-03 7.795779966E-04 6.521776008E-09 -7.795845158E-04
 1.603630953E-03 7.785990019E-04 6.796581076E-09 -7.786058122E-04
 1.653297455E-03 7.775595295E-04 7.082410658E-09 -7.775665727E-04
 1.704502036E-03 7.764568436E-04 7.379657330E-09 -7.764642360E-04
 1.757292310E-03 7.752882666E-04 7.688723436E-09 -7.752959500E-04
 1.811717520E-03 7.740508299E-04 8.010019314E-09 -7.740588626E-04
 1.867828076E-03 7.727414486E-04 8.343961078E-09 -7.727498305E-04
 1.925676246E-03 7.713568048E-04 8.690973274E-09 -7.713655359E-04
 1.985315932E-03 7.698934642E-04 9.051486671E-09 -7.699025446E-04
 2.046802780E-03 7.683476433E-04 9.425939140E-09 -7.683570730E-04
 2.110193484E-03 7.667155005E-04 9.814765889E-09 -7.667252794E-04
 2.175547648E-03 7.649928448E-04 1.021841367E-08 -7.650030311E-04
 2.242925344E-03 7.631752524E-04 1.063732302E-08 -7.631859044E-04
 2.312389901E-03 7.612581830E-04 1.107193981E-08 -7.612692425E-04
 2.384005813E-03 7.592366310E-04 1.152270368E-08 -7.592481561E-04
 2.457839437E-03 7.571054739E-04 1.199004984E-08 -7.571174647E-04
 2.533959458E-03 7.548591821E-04 1.247440640E-08 -7.548716967E-04
 2.612437122E-03 7.524919929E-04 1.297619523E-08 -7.525049732E-04
 2.693345072E-03 7.499977364E-04 1.349581691E-08 -7.500112406E-04
 2.776758745E-03 7.473698934E-04 1.403366046E-08 -7.473839796E-04
 2.862755442E-03 7.446017698E-04 1.459008825E-08 -7.446163218E-04
 2.951415488E-03 7.416859735E-04 1.516544224E-08 -7.417011657E-04
 3.042821307E-03 7.386149955E-04 1.576002617E-08 -7.386307698E-04
 3.137057880E-03 7.353807450E-04 1.637411096E-08 -7.353971014E-04
 3.234212985E-03 7.319747237E-04 1.700792218E-08 -7.319917204E-04
 3.334376728E-03 7.283879677E-04 1.766162683E-08 -7.284056628E-04
 3.437642707E-03 7.246111054E-04 1.833533858E-08 -7.246294408E-04
 3.544106614E-03 7.206341252E-04 1.902909474E-08 -7.206531591E-04
 3.653867636E-03 7.164465496E-04 1.974285802E-08 -7.164662820E-04
 3.767027752E-03 7.120373775E-04 2.047649339E-08 -7.120578666E-04
 3.883692669E-03 7.073949673E-04 2.122976639E-08 -7.074161549E-04
 4.003970418E-03 7.025070372E-04 2.200231641E-08 -7.025290979E-04
 4.127973225E-03 6.973608979E-04 2.279365319E-08 -6.973836571E-04
 4.255816340E-03 6.919429288E-04 2.360313012E-08 -6.919665029E-04
 4.387618508E-03 6.862389855E-04 2.442992653E-08 -6.862633745E-04
 4.523502663E-03 6.802342250E-04 2.527303167E-08 -6.802594871E-04
 4.663594998E-03 6.739131059E-04 2.613121985E-08 -6.739392411E-04
 4.808025900E-03 6.672593299E-04 2.700301849E-08 -6.672863383E-04
 4.956929944E-03 6.602559006E-04 2.788668496E-08 -6.602837821E-04
 5.110444967E-03 6.528850063E-04 2.878017469E-08 -6.529137609E-04
 5.268714856E-03 6.451280788E-04 2.968111801E-08 -6.451577065E-04
 5.431886297E-03 6.369658513E-04 3.058675802E-08 -6.369964103E-04
 5.600110628E-03 6.283784169E-04 3.149393635E-08 -6.284099072E-04
 5.773545243E-03 6.193449371E-04 3.239904345E-08 -6.193773588E-04
 5.952350795E-03 6.098441081E-04 3.329796527E-08 -6.098774029E-04
 6.136693992E-03 5.998538109E-04 3.418604777E-08 -5.998879788E-04
 6.326746196E-03 5.893514608E-04 3.505802937E-08 -5.893865018E-04
 6.522683892E-03 5.783140077E-04 3.590800546E-08 -5.783499219E-04
 6.724690087E-03 5.667179357E-04 3.672935378E-08 -5.667546648E-04
 6.932952441E-03 5.545396707E-04 3.751468824E-08 -5.545771564E-04
 7.147664204E-03 5.417554639E-04 3.825579853E-08 -5.417937064E-04
 7.369025610E-03 5.283417413E-04 3.894358613E-08 -5.283806822E-04
 7.597242948E-03 5.142755690E-04 3.956801109E-08 -5.143151502E-04
 7.832527161E-03 4.995347117E-04 4.011804577E-08 -4.995748168E-04
 8.075099438E-03 4.840980982E-04 4.058162872E-08 -4.841386690E-04
 8.325182833E-03 4.679466365E-04 4.094562200E-08 -4.679875856E-04
 8.583012037E-03 4.510633880E-04 4.119583252E-08 -4.511045991E-04
 8.848825470E-03 4.334347323E-04 4.131697295E-08 -4.334760597E-04
 9.122870862E-03 4.150510067E-04 4.129276476E-08 -4.150923050E-04
 9.405404329E-03 3.959076130E-04 4.110597374E-08 -3.959487076E-04
 9.696686640E-03 3.760066465E-04 4.073863735E-08 -3.760473919E-04
 9.996990673E-03 3.553580027E-04 4.017222821E-08 -3.553981951E-04
 1.030659489E-02 3.339817049E-04 3.938804127E-08 -3.340210824E-04
 1.062578708E-02 3.119099420E-04 3.836779783E-08 -3.119483008E-04
 1.095486525E-02 2.891897457E-04 3.709392615E-08 -2.892268240E-04
 1.129413396E-02 2.658865124E-04 3.555142314E-08 -2.659220772E-04
 1.164390985E-02 2.420874371E-04 3.372738888E-08 -2.421211684E-04
 1.200451888E-02 2.179062139E-04 3.161546758E-08 -2.179378207E-04
 1.237629540E-02 1.934885804E-04 2.921425590E-08 -1.935178007E-04
 1.275958586E-02 1.690181525E-04 2.653438180E-08 -1.690446952E-04
 1.315474603E-02 1.447239192E-04 2.360031637E-08 -1.447475224E-04
 1.356214564E-02 1.208873582E-04 2.044966330E-08 -1.209078109E-04
 1.398216095E-02 9.785212751E-05 1.716262155E-08 -9.786929149E-05
 1.441518404E-02 7.603129052E-05 1.381948156E-08 -7.604511484E-05
 1.486161817E-02 5.591232912E-05 1.059009502E-08 -5.592291927E-05
 1.532187872E-02 3.806463064E-05 7.681793868E-09 -3.807231042E-05
 1.579639316E-02 2.310884338E-05 5.267282166E-09 -2.311411117E-05
 1.628560200E-02 1.169054940E-05 3.850421315E-09 -1.169439929E-05
 1.678996161E-02 4.366511803E-06 3.098571844E-09 -4.369609997E-06
 1.730994321E-02 9.693185348E-07 1.743145961E-09 -9.710616951E-07
 1.784602553E-02 7.816809244E-08 4.036097567E-10 -7.857171624E-08
 1.839871332E-02 7.985153649E-10 1.923928204E-11 -8.177552524E-10
 1.896851510E-02 -1.201053146E-10 2.829341796E-12 1.172758973E-10
 1.955596358E-02 -1.181462705E-10 1.915993189E-12 1.162302338E-10
 2.016160637E-02 -1.181342246E-10 1.740326091E-12 1.163938460E-10
 2.078600600E-02 -1.184864012E-10 1.723880912E-12 1.167624747E-10
 2.142974176E-02 -1.189009308E-10 1.707859331E-12 1.171930192E-10
 2.209341526E-02 -1.193049964E-10 1.702021445E-12 1.176029135E-10
 2.277764119E-02 -1.196858029E-10 1.694398636E-12 1.179913389E-10
 2.348305658E-02 -1.200464728E-10 1.688056053E-12 1.183583648E-10
 2.421032079E-02 -1.203874361E-10 1.681687341E-12 1.187056980E-10
 2.496010624E-02 -1.207097200E-10 1.675767923E-12 1.190339077E-10
 2.573311329E-02 -1.210141570E-10 1.670168452E-12 1.193439375E-10
 2.653006092E-02 -1.213015521E-10 1.664971004E-12 1.196365229E-10
 2.735168859E-02 -1.215726686E-10 1.660180782E-12 1.199124411E-10
 2.819876187E-02 -1.218282558E-10 1.655823482E-12 1.201723859E-10
 2.907206863E-02 -1.220690354E-10 1.651912439E-12 1.204170652E-10
 2.997242101E-02 -1.222957013E-10 1.648459039E-12 1.206471867E-10
 3.090065904E-02 -1.225089197E-10 1.645470002E-12 1.208634026E-10
 3.185764328E-02 -1.227093704E-10 1.642947822E-12 1.210663653E-10
 3.284426406E-02 -1.228976781E-10 1.640890982E-12 1.212567269E-10
 3.386143968E-02 -1.230744950E-10 1.639293627E-12 1.214351536E-10
 3.491012007E-02 -1.232404456E-10 1.638146433E-12 1.216022560E-10
 3.599127382E-02 -1.233961544E-10 1.637435955E-12 1.217586726E-10
 3.710591421E-02 -1.235422320E-10 1.637145497E-12 1.219050277E-10
 3.825507313E-02 -1.236792613E-10 1.637254893E-12 1.220419599E-10
 3.943981975E-02 -1.238078529E-10 1.637741375E-12 1.221700657E-10
 4.066125676E-02 -1.239285896E-10 1.638579246E-12 1.222899559E-10
 4.192052409E-02 -1.240420405E-10 1.639740860E-12 1.224022550E-10
 4.321879148E-02 -1.241487746E-10 1.641196619E-12 1.225075319E-10
 4.455726221E-02 -1.242493608E-10 1.642915296E-12 1.226063973E-10
 4.593718797E-02 -1.243443126E-10 1.644865125E-12 1.226994062E-10
 4.735985026E-02 -1.244341852E-10 1.647013472E-12 1.227871277E-10
 4.882656783E-02 -1.245194781E-10 1.649327701E-12 1.228701030E-10
 5.033871159E-02 -1.246006770E-10 1.651775288E-12 1.229488594E-10
 5.189768597E-02 -1.246782400E-10 1.654325006E-12 1.230238689E-10
 5.350494012E-02 -1.247526388E-10 1.656946173E-12 1.230956309E-10
 5.516197160E-02 -1.248242620E-10 1.659610275E-12 1.231646035E-10
 5.687032267E-02 -1.248935261E-10 1.662290206E-12 1.232311891E-10
 5.863158032E-02 -1.249608056E-10 1.664961571E-12 1.232957902E-10
 6.044737995E-02 -1.250264337E-10 1.667602146E-12 1.233587815E-10
 6.231941655E-02 -1.250907156E-10 1.670192196E-12 1.234204822E-10
 6.424943358E-02 -1.251539566E-10 1.672715135E-12 1.234811975E-10
 6.623921543E-02 -1.252164067E-10 1.675157083E-12 1.235412050E-10
 6.829062104E-02 -1.252782739E-10 1.677506766E-12 1.236007130E-10
 7.040556520E-02 -1.253397663E-10 1.679755944E-12 1.236599573E-10
 7.258599997E-02 -1.254010368E-10 1.681899086E-12 1.237190767E-10
 7.483396679E-02 -1.254622239E-10 1.683932941E-12 1.237782377E-10
 7.715155184E-02 -1.255234527E-10 1.685856966E-12 1.238375374E-10
 7.954090834E-02 -1.255847926E-10 1.687672354E-12 1.238970732E-10
 8.200427145E-02 -1.256463267E-10 1.689382033E-12 1.239568864E-10
 8.454391360E-02 -1.257080828E-10 1.690990772E-12 1.240170466E-10
 8.716221154E-02 -1.257700888E-10 1.692504318E-12 1.240775260E-10
 8.986160159E-02 -1.258323445E-10 1.693929285E-12 1.241383663E-10
 9.264458716E-02 -1.258948362E-10 1.695272828E-12 1.241995118E-10
 9.551376104E-02 -1.259575499E-10 1.696542754E-12 1.242609488E-10
 9.847179055E-02 -1.260204163E-10 1.697746436E-12 1.243226216E-10
 1.015214324E-01 -1.260834215E-10 1.698891462E-12 1.243844749E-10
 1.046655178E-01 -1.261464683E-10 1.699984879E-12 1.244464393E-10
 1.079069749E-01 -1.262095012E-10 1.701033303E-12 1.245084175E-10
 1.112488210E-01 -1.262724370E-10 1.702042478E-12 1.245703540E-10
 1.146941632E-01 -1.263351784E-10 1.703017610E-12 1.246321102E-10
 1.182462052E-01 -1.263976146E-10 1.703963251E-12 1.246936027E-10
 1.219082549E-01 -1.264596483E-10 1.704882763E-12 1.247547066E-10
 1.256837100E-01 -1.265211408E-10 1.705778856E-12 1.248153109E-10
 1.295761019E-01 -1.265819810E-10 1.706653699E-12 1.248752768E-10
 1.335890293E-01 -1.266420163E-10 1.707508267E-12 1.249344517E-10
 1.377262473E-01 -1.267010941E-10 1.708343211E-12 1.249926967E-10
 1.419915855E-01 -1.267590616E-10 1.709158206E-12 1.250498455E-10
 1.463890225E-01 -1.268157385E-10 1.709952601E-12 1.251057313E-10
 1.509226412E-01 -1.268709166E-10 1.710725203E-12 1.251601461E-10
 1.555966735E-01 -1.269244293E-10 1.711473953E-12 1.252128956E-10
 1.604154557E-01 -1.269760269E-10 1.712196899E-12 1.252637716E-10
 1.653834581E-01 -1.270254874E-10 1.712891222E-12 1.253125520E-10
 1.705053449E-01 -1.270725747E-10 1.713554103E-12 1.253589732E-10
 1.757858396E-01 -1.271169975E-10 1.714182182E-12 1.254027715E-10
 1.812298745E-01 -1.271584921E-10 1.714771879E-12 1.254436693E-10
 1.868425012E-01 -1.271967531E-10 1.715318968E-12 1.254813892E-10
 1.926289499E-01 -1.272314615E-10 1.715819435E-12 1.255155840E-10
 1.985946149E-01 -1.272622563E-10 1.716268729E-12 1.255459348E-10
 2.047450244E-01 -1.272887906E-10 1.716661969E-12 1.255720805E-10
 2.110859156E-01 -1.273106898E-10 1.716993952E-12 1.255936327E-10
 2.176231891E-01 -1.273275374E-10 1.717259364E-12 1.256102167E-10
 2.243629098E-01 -1.273389033E-10 1.717452244E-12 1.256214022E-10
 2.313113511E-01 -1.273443573E-10 1.717566627E-12 1.256267312E-10
 2.384749949E-01 -1.273434136E-10 1.717596226E-12 1.256257598E-10
 2.458604872E-01 -1.273355865E-10 1.717534209E-12 1.256180021E-10
 2.534747124E-01 -1.273203765E-10 1.717373748E-12 1.256029447E-10
 2.613247335E-01 -1.272972144E-10 1.717107359E-12 1.255800602E-10
 2.694178820E-01 -1.272655592E-10 1.716727346E-12 1.255487797E-10
 2.777616680E-01 -1.272248418E-10 1.716225903E-12 1.255085619E-10
 2.863638699E-01 -1.271744515E-10 1.715594789E-12 1.254588100E-10
 2.952324748E-01 -1.271137778E-10 1.714825764E-12 1.253988996E-10
 3.043757379E-01 -1.270422101E-10 1.713909938E-12 1.253282478E-10
 3.138021529E-01 -1.269590960E-10 1.712838747E-12 1.252462023E-10
 3.235205114E-01 -1.268638111E-10 1.711603081E-12 1.251521525E-10
 3.335398436E-01 -1.267556754E-10 1.710193944E-12 1.250454323E-10
 3.438694775E-01 -1.266340505E-10 1.708602227E-12 1.249254034E-10
 3.545189798E-01 -1.264982979E-10 1.706818931E-12 1.247914272E-10
 3.654983342E-01 -1.263477795E-10 1.704834949E-12 1.246428932E-10
 3.768177032E-01 -1.261818566E-10 1.702641717E-12 1.244791631E-10
 3.884876370E-01 -1.259999605E-10 1.700230451E-12 1.242996817E-10
 4.005189836E-01 -1.258015220E-10 1.697593346E-12 1.241038800E-10
 4.129229188E-01 -1.255860138E-10 1.694722596E-12 1.238912445E-10
 4.257110059E-01 -1.253529780E-10 1.691611478E-12 1.236613173E-10
 4.388951659E-01 -1.251019982E-10 1.688253595E-12 1.234136821E-10
 4.524875879E-01 -1.248327414E-10 1.684643961E-12 1.231480473E-10
 4.665009975E-01 -1.245449716E-10 1.680778346E-12 1.228641494E-10
 4.809483886E-01 -1.242385500E-10 1.676654041E-12 1.225618496E-10
 4.958432019E-01 -1.239134489E-10 1.672269961E-12 1.222411339E-10
 5.111992955E-01 -1.235697933E-10 1.667626432E-12 1.219021134E-10
 5.270310044E-01 -1.232078051E-10 1.662726055E-12 1.215450379E-10
 5.433530211E-01 -1.228279423E-10 1.657573601E-12 1.211703238E-10
 5.601804852E-01 -1.224308155E-10 1.652176226E-12 1.207785955E-10
 5.775290728E-01 -1.220172435E-10 1.646543579E-12 1.203706579E-10
 5.954149961E-01 -1.215882672E-10 1.640689754E-12 1.199475380E-10
 6.138547659E-01 -1.211451772E-10 1.634628088E-12 1.195104987E-10
 6.328656673E-01 -1.206895139E-10 1.628385686E-12 1.190610804E-10
 6.524653435E-01 -1.202231370E-10 1.621967751E-12 1.186011150E-10
 6.726719737E-01 -1.197481003E-10 1.615450395E-12 1.181326009E-10
 6.935044527E-01 -1.192670684E-10 1.608740918E-12 1.176582859E-10
 7.149820328E-01 -1.187822063E-10 1.602201336E-12 1.171799463E-10
 7.371248007E-01 -1.182981629E-10 1.595032049E-12 1.167030778E-10
 7.599533200E-01 -1.178141751E-10 1.589465105E-12 1.162246618E-10
 7.834888697E-01 -1.173445785E-10 1.579901249E-12 1.157646340E-10
 8.077532649E-01 -1.168638936E-10 1.581099726E-12 1.152827417E-10
 8.327691555E-01 -1.164521812E-10 1.555297774E-12 1.148968351E-10
 8.585597277E-01 -1.159130986E-10 1.601940369E-12 1.143111092E-10
 8.851490617E-01 -1.157496807E-10 1.470882769E-12 1.142787531E-10
 9.125618339E-01 -1.141007080E-10 1.847192321E-12 1.122534635E-10
 9.408236146E-01 -1.146869544E-10 1.155003068E-12 1.135319200E-10
 9.699606299E-01 -1.117240328E-10 4.430255642E-12 1.072936462E-10
 1.000000000E+00 0.000000000E+00 0.000000000E+00 0.000000000E+00
ZONE T="FUN3D, SA-QCR2000"
 4.999999987E-07 4.423753898E-12 -4.350963964E-21 -4.423753898E-12
 1.000465204E-06 7.091095072E-11 2.084808309E-19 -7.091095072E-11
 1.501861107E-06 3.600957310E-10 -1.918560903E-19 -3.600957310E-10
 2.004654107E-06 1.143006911E-09 -5.817771145E-19 -1.143006911E-09
 2.509312253E-06 2.806078925E-09 -1.782613098E-18 -2.806078925E-09
 3.016304618E-06 5.858267649E-09 -3.758006014E-18 -5.858267649E-09
 3.526103228E-06 1.094037749E-08 -7.258579358E-18 -1.094037749E-08
 4.039182386E-06 1.883672596E-08 -1.313525838E-17 -1.883672596E-08
 4.556018666E-06 3.048931774E-08 -2.285122342E-17 -3.048931774E-08
 5.077094102E-06 4.701474410E-08 -3.858866710E-17 -4.701474410E-08
 5.602892543E-06 6.972398836E-08 -6.364754458E-17 -6.972398836E-08
 6.133903298E-06 1.001455203E-07 -1.028222228E-16 -1.001455203E-07
 6.670620678E-06 1.400518101E-07 -1.630772416E-16 -1.400518101E-07
 7.213543540E-06 1.914899173E-07 -2.541234632E-16 -1.914899173E-07
 7.763177564E-06 2.568160937E-07 -3.892718580E-16 -2.568160937E-07
 8.320033885E-06 3.387354184E-07 -5.872268724E-16 -3.387354184E-07
 8.884630006E-06 4.403464118E-07 -8.727914839E-16 -4.403464118E-07
 9.457491615E-06 5.651913852E-07 -1.278039627E-15 -5.651913852E-07
 1.003915168E-05 7.173134122E-07 -1.845881092E-15 -7.173134122E-07
 1.063015134E-05 9.013195381E-07 -2.631794895E-15 -9.013195381E-07
 1.123103993E-05 1.122452431E-06 -3.706028760E-15 -1.122452431E-06
 1.184237772E-05 1.386669510E-06 -5.157179581E-15 -1.386669510E-06
 1.246473221E-05 1.700730763E-06 -7.096055785E-15 -1.700730763E-06
 1.309868276E-05 2.072297548E-06 -9.657256413E-15 -2.072297548E-06
 1.374481872E-05 2.510038939E-06 -1.300445195E-14 -2.510038939E-06
 1.440374217E-05 3.023751788E-06 -1.733061767E-14 -3.023751788E-06
 1.507606521E-05 3.624488272E-06 -2.285798029E-14 -3.624488272E-06
 1.576241448E-05 4.324697784E-06 -2.983620024E-14 -4.324697784E-06
 1.646342571E-05 5.138378583E-06 -3.853582492E-14 -5.138378583E-06
 1.717975465E-05 6.081238553E-06 -4.922979884E-14 -6.081238553E-06
 1.791206523E-05 7.170868685E-06 -6.216924355E-14 -7.170868685E-06
 1.866104139E-05 8.426922250E-06 -7.754700473E-14 -8.426922250E-06
 1.942737617E-05 9.871298971E-06 -9.541544258E-14 -9.871298971E-06
 2.021178625E-05 1.152833283E-05 -1.156163923E-13 -1.152833283E-05
 2.101499740E-05 1.342497671E-05 -1.376586697E-13 -1.342497580E-05
 2.183776087E-05 1.559097655E-05 -1.605031890E-13 -1.559097655E-05
 2.268083881E-05 1.805902320E-05 -1.823617348E-13 -1.805902320E-05
 2.354501703E-05 2.086489258E-05 -2.003788574E-13 -2.086489258E-05
 2.443110134E-05 2.404752013E-05 -2.102572131E-13 -2.404752013E-05
 2.533991210E-05 2.764903365E-05 -2.057919265E-13 -2.764903365E-05
 2.627229696E-05 3.171471690E-05 -1.783712880E-13 -3.171471690E-05
 2.722912359E-05 3.629285129E-05 -1.164059490E-13 -3.629285129E-05
 2.821128328E-05 4.143447586E-05 -4.792607283E-15 -4.143447586E-05
 2.921968553E-05 4.719294157E-05 1.754874322E-13 -4.719294157E-05
 3.025527258E-05 5.362337470E-05 4.475432069E-13 -5.362337470E-05
 3.131900667E-05 6.078185834E-05 8.383067461E-13 -6.078185834E-05
 3.241187733E-05 6.872446102E-05 1.377605820E-12 -6.872446102E-05
 3.353489956E-05 7.750595978E-05 2.096279530E-12 -7.750596706E-05
 3.468912109E-05 8.717840683E-05 3.023093277E-12 -8.717840683E-05
 3.587561514E-05 9.778937965E-05 4.180475410E-12 -9.778937965E-05
 3.709548400E-05 1.093800311E-04 5.578504238E-12 -1.093800311E-04
 3.834985910E-05 1.219830374E-04 7.208287786E-12 -1.219830447E-04
 3.963991549E-05 1.356203720E-04 9.034281136E-12 -1.356203720E-04
 4.096685007E-05 1.503010863E-04 1.098759278E-11 -1.503011008E-04
 4.233189611E-05 1.660193520E-04 1.296102635E-11 -1.660193666E-04
 4.373632328E-05 1.827525266E-04 1.480817552E-11 -1.827525411E-04
 4.518143760E-05 2.004598937E-04 1.634771138E-11 -2.004599082E-04
 4.666858513E-05 2.190817759E-04 1.737522279E-11 -2.190817904E-04
 4.819914830E-05 2.385394764E-04 1.768155414E-11 -2.385394910E-04
 4.977455319E-05 2.587359922E-04 1.707814445E-11 -2.587360214E-04
 5.139626228E-05 2.795575128E-04 1.542528084E-11 -2.795575128E-04
 5.306578896E-05 3.008758358E-04 1.266049938E-11 -3.008758358E-04
 5.478467938E-05 3.225514374E-04 8.820820810E-12 -3.225514665E-04
 5.655453788E-05 3.444374015E-04 4.055098705E-12 -3.444374015E-04
 5.837701246E-05 3.663830867E-04 -1.377983339E-12 -3.663830867E-04
 6.025379116E-05 3.882389574E-04 -7.126115670E-12 -3.882389283E-04
 6.218662747E-05 4.098602512E-04 -1.277449240E-11 -4.098602221E-04
 6.417731493E-05 4.311109951E-04 -1.788461046E-11 -4.311109660E-04
 6.622770888E-05 4.518672649E-04 -2.203754540E-11 -4.518672358E-04
 6.833971565E-05 4.720196885E-04 -2.487402471E-11 -4.720196594E-04
 7.051529974E-05 4.914751626E-04 -2.612268735E-11 -4.914751626E-04
 7.275648386E-05 5.101580755E-04 -2.562604642E-11 -5.101580755E-04
 7.506535621E-05 5.280100158E-04 -2.333203075E-11 -5.280100158E-04
 7.744405593E-05 5.449898308E-04 -1.929778733E-11 -5.449898308E-04
 7.989480946E-05 5.610723747E-04 -1.367116750E-11 -5.610723165E-04
 8.241988689E-05 5.762470537E-04 -6.654117361E-12 -5.762470537E-04
 8.502163837E-05 5.905161961E-04 1.507121684E-12 -5.905161961E-04
 8.770249406E-05 6.038930733E-04 1.055653742E-11 -6.038930733E-04
 9.046493506E-05 6.164003280E-04 2.024734894E-11 -6.164003862E-04
 9.331152978E-05 6.280677044E-04 3.035627305E-11 -6.280677626E-04
 9.624494123E-05 6.389304763E-04 4.069660234E-11 -6.389304763E-04
 9.926789062E-05 6.490280502E-04 5.112077428E-11 -6.490281085E-04
 1.023831865E-04 6.584023358E-04 6.152376525E-11 -6.584023940E-04
 1.055937319E-04 6.670967559E-04 7.183799389E-11 -6.670968723E-04
 1.089025172E-04 6.751551409E-04 8.203232538E-11 -6.751551991E-04
 1.123126131E-04 6.826207973E-04 9.210202045E-11 -6.826208555E-04
 1.158271916E-04 6.895362749E-04 1.020668966E-10 -6.895363913E-04
 1.194495271E-04 6.959424936E-04 1.119612042E-10 -6.959426100E-04
 1.231829810E-04 7.018786855E-04 1.218329326E-10 -7.018788019E-04
 1.270310458E-04 7.073818706E-04 1.317342624E-10 -7.073819870E-04
 1.309972722E-04 7.124869153E-04 1.417231610E-10 -7.124870317E-04
 1.350853854E-04 7.172263577E-04 1.518552784E-10 -7.172264741E-04
 1.392991544E-04 7.216305821E-04 1.621877632E-10 -7.216307567E-04
 1.436425227E-04 7.257275865E-04 1.727719773E-10 -7.257277612E-04
 1.481195213E-04 7.295432151E-04 1.836583385E-10 -7.295433898E-04
 1.527343265E-04 7.331011584E-04 1.948911171E-10 -7.331013330E-04
 1.574912167E-04 7.364231278E-04 2.065134730E-10 -7.364233606E-04
 1.623946155E-04 7.395289722E-04 2.185623627E-10 -7.395292050E-04
 1.674490923E-04 7.424367941E-04 2.310739378E-10 -7.424370269E-04
 1.726593473E-04 7.451630081E-04 2.440804225E-10 -7.451632409E-04
 1.780302409E-04 7.477225736E-04 2.576104885E-10 -7.477228646E-04
 1.835667499E-04 7.501289947E-04 2.716992187E-10 -7.501292857E-04
 1.892740256E-04 7.523945533E-04 2.863652371E-10 -7.523948443E-04
 1.951573940E-04 7.545303670E-04 3.016445149E-10 -7.545306580E-04
 2.012223267E-04 7.565463893E-04 3.175586460E-10 -7.565466803E-04
 2.074744407E-04 7.584517589E-04 3.341374122E-10 -7.584521081E-04
 2.139195858E-04 7.602546830E-04 3.514076807E-10 -7.602550322E-04
 2.205637284E-04 7.619624957E-04 3.693984285E-10 -7.619628450E-04
 2.274130820E-04 7.635819493E-04 3.881391042E-10 -7.635822985E-04
 2.344739914E-04 7.651190390E-04 4.076576021E-10 -7.651194464E-04
 2.417530341E-04 7.665791200E-04 4.279955279E-10 -7.665795856E-04
 2.492569620E-04 7.679673727E-04 4.491719774E-10 -7.679677801E-04
 2.569928183E-04 7.692879881E-04 4.712349955E-10 -7.692884537E-04
 2.649677335E-04 7.705451571E-04 4.942161680E-10 -7.705456228E-04
 2.731891291E-04 7.717424305E-04 5.181481355E-10 -7.717429544E-04
 2.816647175E-04 7.728830678E-04 5.430849104E-10 -7.728835917E-04
 2.904023277E-04 7.739700959E-04 5.690646843E-10 -7.739706780E-04
 2.994100796E-04 7.750061923E-04 5.961227068E-10 -7.750067743E-04
 3.086963843E-04 7.759937434E-04 6.243200401E-10 -7.759943837E-04
 3.182698856E-04 7.769350195E-04 6.536972075E-10 -7.769357180E-04
 3.281394893E-04 7.778319414E-04 6.843080547E-10 -7.778326399E-04
 3.383143339E-04 7.786864298E-04 7.162109239E-10 -7.786871283E-04
 3.488039365E-04 7.794999983E-04 7.494498910E-10 -7.795007550E-04
 3.596180177E-04 7.802742766E-04 7.841016170E-10 -7.802750333E-04
 3.707666765E-04 7.810104289E-04 8.202163948E-10 -7.810112438E-04
 3.822602448E-04 7.817097357E-04 8.578571187E-10 -7.817106089E-04
 3.941094328E-04 7.823734195E-04 8.971037246E-10 -7.823742926E-04
 4.063252709E-04 7.830022951E-04 9.380133337E-10 -7.830032264E-04
 4.189191386E-04 7.835973520E-04 9.806678802E-10 -7.835983415E-04
 4.319027066E-04 7.841592887E-04 1.025144858E-09 -7.841603365E-04
 4.452880821E-04 7.846889785E-04 1.071514322E-09 -7.846900844E-04
 4.590877215E-04 7.851869450E-04 1.119873860E-09 -7.851881091E-04
 4.733144306E-04 7.856537704E-04 1.170298636E-09 -7.856549346E-04
 4.879814805E-04 7.860899786E-04 1.222888124E-09 -7.860912010E-04
 5.031024921E-04 7.864959771E-04 1.277733364E-09 -7.864972576E-04
 5.186916096E-04 7.868720568E-04 1.334933386E-09 -7.868733956E-04
 5.347632105E-04 7.872186834E-04 1.394592664E-09 -7.872200804E-04
 5.513323122E-04 7.875360316E-04 1.456816445E-09 -7.875374868E-04
 5.684143398E-04 7.878242759E-04 1.521721193E-09 -7.878257893E-04
 5.860251840E-04 7.880835910E-04 1.589414378E-09 -7.880852208E-04
 6.041811430E-04 7.883140352E-04 1.660028115E-09 -7.883157232E-04
 6.228992715E-04 7.885157829E-04 1.733680421E-09 -7.885174709E-04
 6.421967992E-04 7.886886015E-04 1.810509409E-09 -7.886904059E-04
 6.620918284E-04 7.888326072E-04 1.890648749E-09 -7.888344699E-04
 6.826028111E-04 7.889476838E-04 1.974242547E-09 -7.889496628E-04
 7.037487812E-04 7.890335983E-04 2.061438797E-09 -7.890356937E-04
 7.255495293E-04 7.890902343E-04 2.152391598E-09 -7.890923880E-04
 7.480251952E-04 7.891173591E-04 2.247263042E-09 -7.891196292E-04
 7.711967919E-04 7.891145651E-04 2.346218553E-09 -7.891168934E-04
 7.950857980E-04 7.890815032E-04 2.449433101E-09 -7.890840061E-04
 8.197145071E-04 7.890178822E-04 2.557087431E-09 -7.890204433E-04
 8.451058529E-04 7.889231201E-04 2.669368504E-09 -7.889257977E-04
 8.712833514E-04 7.887968677E-04 2.786471054E-09 -7.887996617E-04
 8.982714498E-04 7.886383100E-04 2.908600694E-09 -7.886412204E-04
 9.260951774E-04 7.884469815E-04 3.035959262E-09 -7.884500083E-04
 9.547804948E-04 7.882220671E-04 3.168772356E-09 -7.882252685E-04
 9.843540611E-04 7.879629848E-04 3.307265795E-09 -7.879663026E-04
 1.014843350E-03 7.876687450E-04 3.451671615E-09 -7.876722375E-04
 1.046276768E-03 7.873385330E-04 3.602229848E-09 -7.873421418E-04
 1.078683534E-03 7.869714173E-04 3.759199174E-09 -7.869751425E-04
 1.112093800E-03 7.865661755E-04 3.922831837E-09 -7.865700754E-04
 1.146538649E-03 7.861218764E-04 4.093404726E-09 -7.861259510E-04
 1.182050211E-03 7.856371813E-04 4.271191401E-09 -7.856414304E-04
 1.218661433E-03 7.851108676E-04 4.456482738E-09 -7.851153496E-04
 1.256406307E-03 7.845415385E-04 4.649575835E-09 -7.845461951E-04
 1.295320108E-03 7.839277387E-04 4.850777557E-09 -7.839325699E-04
 1.335438923E-03 7.832678966E-04 5.060404984E-09 -7.832729607E-04
 1.376800123E-03 7.825602079E-04 5.278782300E-09 -7.825655048E-04
 1.419442124E-03 7.818029844E-04 5.506254563E-09 -7.818084559E-04
 1.463404740E-03 7.809942472E-04 5.743155285E-09 -7.809999515E-04
 1.508728717E-03 7.801320171E-04 5.989851282E-09 -7.801380125E-04
 1.555456314E-03 7.792141405E-04 6.246704487E-09 -7.792203687E-04
 1.603630953E-03 7.782381726E-04 6.514083939E-09 -7.782446919E-04
 1.653297455E-03 7.772019017E-04 6.792386653E-09 -7.772087120E-04
 1.704502036E-03 7.761025336E-04 7.081994990E-09 -7.761096349E-04
 1.757292310E-03 7.749373908E-04 7.383318401E-09 -7.749447832E-04
 1.811717520E-03 7.737035630E-04 7.696763227E-09 -7.737112464E-04
 1.867828076E-03 7.723979070E-04 8.022747799E-09 -7.724059396E-04
 1.925676246E-03 7.710171631E-04 8.361698001E-09 -7.710255450E-04
 1.985315932E-03 7.695578388E-04 8.714041044E-09 -7.695665699E-04
 2.046802780E-03 7.680162671E-04 9.080217467E-09 -7.680253475E-04
 2.110193484E-03 7.663885481E-04 9.460660699E-09 -7.663980359E-04
 2.175547648E-03 7.646705490E-04 9.855817495E-09 -7.646803861E-04
 2.242925344E-03 7.628578460E-04 1.026612662E-08 -7.628681487E-04
 2.312389901E-03 7.609458407E-04 1.069203392E-08 -7.609565509E-04
 2.384005813E-03 7.589297020E-04 1.113397374E-08 -7.589408197E-04
 2.457839437E-03 7.568041328E-04 1.159238305E-08 -7.568157162E-04
 2.533959458E-03 7.545637782E-04 1.206768374E-08 -7.545758272E-04
 2.612437122E-03 7.522027590E-04 1.256029325E-08 -7.522153319E-04
 2.693345072E-03 7.497150218E-04 1.307060771E-08 -7.497280603E-04
 2.776758745E-03 7.470941055E-04 1.359900725E-08 -7.471076678E-04
 2.862755442E-03 7.443330833E-04 1.414586404E-08 -7.443472277E-04
 2.951415488E-03 7.414249121E-04 1.471149336E-08 -7.414396387E-04
 3.042821307E-03 7.383619086E-04 1.529618032E-08 -7.383772172E-04
 3.137057880E-03 7.351360400E-04 1.590020560E-08 -7.351519307E-04
 3.234212985E-03 7.317388663E-04 1.652377080E-08 -7.317553973E-04
 3.334376728E-03 7.281613653E-04 1.716702158E-08 -7.281785365E-04
 3.437642707E-03 7.243942819E-04 1.783007697E-08 -7.244120934E-04
 3.544106614E-03 7.204274880E-04 1.851292630E-08 -7.204459980E-04
 3.653867636E-03 7.162507391E-04 1.921551451E-08 -7.162699476E-04
 3.767027752E-03 7.118528592E-04 1.993768706E-08 -7.118728245E-04
 3.883692669E-03 7.072223816E-04 2.067916682E-08 -7.072430453E-04
 4.003970418E-03 7.023470243E-04 2.143956124E-08 -7.023684448E-04
 4.127973225E-03 6.972139818E-04 2.221834094E-08 -6.972361589E-04
 4.255816340E-03 6.918098079E-04 2.301480784E-08 -6.918328581E-04
 4.387618508E-03 6.861204165E-04 2.382809328E-08 -6.861442234E-04
 4.523502663E-03 6.801309064E-04 2.465712790E-08 -6.801555865E-04
 4.663594998E-03 6.738257362E-04 2.550061495E-08 -6.738512311E-04
 4.808025900E-03 6.671887240E-04 2.635700902E-08 -6.672150921E-04
 4.956929944E-03 6.602028152E-04 2.722448578E-08 -6.602299982E-04
 5.110444967E-03 6.528502563E-04 2.810091004E-08 -6.528783124E-04
 5.268714856E-03 6.451125373E-04 2.898379847E-08 -6.451415247E-04
 5.431886297E-03 6.369704497E-04 2.987028935E-08 -6.370003102E-04
 5.600110628E-03 6.284039700E-04 3.075708932E-08 -6.284347037E-04
 5.773545243E-03 6.193924346E-04 3.164045026E-08 -6.194240414E-04
 5.952350795E-03 6.099144230E-04 3.251610536E-08 -6.099469028E-04
 6.136693992E-03 5.999479326E-04 3.337922294E-08 -5.999812856E-04
 6.326746196E-03 5.894702626E-04 3.422435668E-08 -5.895045470E-04
 6.522683892E-03 5.784585373E-04 3.504539592E-08 -5.784935784E-04
 6.724690087E-03 5.668891245E-04 3.583549102E-08 -5.669249222E-04
 6.932952441E-03 5.547384499E-04 3.658701786E-08 -5.547750043E-04
 7.147664204E-03 5.419826484E-04 3.729149967E-08 -5.420199595E-04
 7.369025610E-03 5.285982043E-04 3.793955372E-08 -5.286361557E-04
 7.597242948E-03 5.145620671E-04 3.852085229E-08 -5.146006006E-04
 7.832527161E-03 4.998519435E-04 3.902404444E-08 -4.998910008E-04
 8.075099438E-03 4.844466748E-04 3.943674542E-08 -4.844861105E-04
 8.325182833E-03 4.683269071E-04 3.974550111E-08 -4.683666630E-04
 8.583012037E-03 4.514756438E-04 3.993577025E-08 -4.515155742E-04
 8.848825470E-03 4.338789440E-04 3.999197062E-08 -4.339189327E-04
 9.122870862E-03 4.155268834E-04 3.989753239E-08 -4.155667848E-04
 9.405404329E-03 3.964146308E-04 3.963500816E-08 -3.964542702E-04
 9.696686640E-03 3.765437286E-04 3.918628266E-08 -3.765829315E-04
 9.996990673E-03 3.559236939E-04 3.853283914E-08 -3.559622273E-04
 1.030659489E-02 3.345739387E-04 3.765618217E-08 -3.346115991E-04
 1.062578708E-02 3.125258954E-04 3.653840963E-08 -3.125624207E-04
 1.095486525E-02 2.898258681E-04 3.516301916E-08 -2.898610255E-04
 1.129413396E-02 2.665381180E-04 3.351599176E-08 -2.665716165E-04
 1.164390985E-02 2.427487343E-04 3.158725548E-08 -2.427803265E-04
 1.200451888E-02 2.185701596E-04 2.937263410E-08 -2.185995399E-04
 1.237629540E-02 1.941464434E-04 2.687646905E-08 -1.941733062E-04
 1.275958586E-02 1.696593681E-04 2.411504241E-08 -1.696834661E-04
 1.315474603E-02 1.453356090E-04 2.112111375E-08 -1.453567384E-04
 1.356214564E-02 1.214545846E-04 1.794988513E-08 -1.214725344E-04
 1.398216095E-02 9.835685341E-05 1.468679844E-08 -9.837154357E-05
 1.441518404E-02 7.645250298E-05 1.145754869E-08 -7.646395534E-05
 1.486161817E-02 5.622751269E-05 8.440434129E-09 -5.623595280E-05
 1.532187872E-02 3.824512169E-05 5.877076603E-09 -3.825100066E-05
 1.579639316E-02 2.313422192E-05 4.064607761E-09 -2.313828554E-05
 1.628560200E-02 1.154698930E-05 3.257451864E-09 -1.155024711E-05
 1.678996161E-02 4.043370609E-06 3.235162582E-09 -4.046605682E-06
 1.730994321E-02 6.702146038E-07 2.577063674E-09 -6.727916571E-07
 1.784602553E-02 1.643789638E-08 3.192013875E-10 -1.675709704E-08
 1.839871332E-02 -4.324237149E-12 1.012011221E-11 -5.795875932E-12
 1.896851510E-02 -1.048899023E-10 2.645879175E-12 1.022440257E-10
 1.955596358E-02 -1.204274319E-10 1.872611224E-12 1.185548187E-10
 2.016160637E-02 -1.197377753E-10 1.670058948E-12 1.180677084E-10
 2.078600600E-02 -1.200133187E-10 1.635395812E-12 1.183779186E-10
 2.142974176E-02 -1.203366295E-10 1.628773613E-12 1.187078491E-10
 2.209341526E-02 -1.206272304E-10 1.630455103E-12 1.189967708E-10
 2.277764119E-02 -1.208982081E-10 1.633109446E-12 1.192650978E-10
 2.348305658E-02 -1.211541700E-10 1.636052947E-12 1.195181037E-10
 2.421032079E-02 -1.213961154E-10 1.638889111E-12 1.197572180E-10
 2.496010624E-02 -1.216251405E-10 1.641594629E-12 1.199835370E-10
 2.573311329E-02 -1.218420781E-10 1.644162671E-12 1.201979211E-10
 2.653006092E-02 -1.220477747E-10 1.646600933E-12 1.204011613E-10
 2.735168859E-02 -1.222429241E-10 1.648919391E-12 1.205940209E-10
 2.819876187E-02 -1.224282759E-10 1.651127152E-12 1.207771383E-10
 2.907206863E-02 -1.226044544E-10 1.653233214E-12 1.209512213E-10
 2.997242101E-02 -1.227720842E-10 1.655245494E-12 1.211168388E-10
 3.090065904E-02 -1.229317342E-10 1.657171470E-12 1.212745460E-10
 3.185764328E-02 -1.230839458E-10 1.659018084E-12 1.214249257E-10
 3.284426406E-02 -1.232292324E-10 1.660791947E-12 1.215684359E-10
 3.386143968E-02 -1.233680796E-10 1.662498589E-12 1.217055762E-10
 3.491012007E-02 -1.235009456E-10 1.664143216E-12 1.218367907E-10
 3.599127382E-02 -1.236282327E-10 1.665730921E-12 1.219624957E-10
 3.710591421E-02 -1.237503433E-10 1.667266043E-12 1.220830936E-10
 3.825507313E-02 -1.238676800E-10 1.668752593E-12 1.221989315E-10
 3.943981975E-02 -1.239805619E-10 1.670194582E-12 1.223103563E-10
 4.066125676E-02 -1.240893360E-10 1.671594829E-12 1.224177426E-10
 4.192052409E-02 -1.241943215E-10 1.672956803E-12 1.225213542E-10
 4.321879148E-02 -1.242957959E-10 1.674283000E-12 1.226215102E-10
 4.455726221E-02 -1.243940367E-10 1.675576236E-12 1.227184604E-10
 4.593718797E-02 -1.244893078E-10 1.676838464E-12 1.228124685E-10
 4.735985026E-02 -1.245818587E-10 1.678072395E-12 1.229037844E-10
 4.882656783E-02 -1.246719117E-10 1.679279437E-12 1.229926300E-10
 5.033871159E-02 -1.247596748E-10 1.680461651E-12 1.230792135E-10
 5.189768597E-02 -1.248453702E-10 1.681620663E-12 1.231637431E-10
 5.350494012E-02 -1.249291642E-10 1.682758100E-12 1.232463992E-10
 5.516197160E-02 -1.250112375E-10 1.683875695E-12 1.233273622E-10
 5.687032267E-02 -1.250917564E-10 1.684974534E-12 1.234067848E-10
 5.863158032E-02 -1.251708737E-10 1.686056134E-12 1.234848196E-10
 6.044737995E-02 -1.252487419E-10 1.687121796E-12 1.235616193E-10
 6.231941655E-02 -1.253254722E-10 1.688172930E-12 1.236372948E-10
 6.424943358E-02 -1.254012033E-10 1.689210512E-12 1.237119990E-10
 6.623921543E-02 -1.254760601E-10 1.690235733E-12 1.237858149E-10
 6.829062104E-02 -1.255500981E-10 1.691249896E-12 1.238588537E-10
 7.040556520E-02 -1.256234422E-10 1.692253976E-12 1.239311848E-10
 7.258599997E-02 -1.256961757E-10 1.693248840E-12 1.240029329E-10
 7.483396679E-02 -1.257683957E-10 1.694235789E-12 1.240741537E-10
 7.715155184E-02 -1.258401161E-10 1.695215366E-12 1.241449027E-10
 7.954090834E-02 -1.259114341E-10 1.696188546E-12 1.242152492E-10
 8.200427145E-02 -1.259824051E-10 1.697155979E-12 1.242852488E-10
 8.454391360E-02 -1.260530430E-10 1.698118534E-12 1.243549291E-10
 8.716221154E-02 -1.261233895E-10 1.699076426E-12 1.244243181E-10
 8.986160159E-02 -1.261935001E-10 1.700030307E-12 1.244934711E-10
 9.264458716E-02 -1.262633609E-10 1.700980611E-12 1.245623882E-10
 9.551376104E-02 -1.263329857E-10 1.701927553E-12 1.246310555E-10
 9.847179055E-02 -1.264024024E-10 1.702871026E-12 1.246995285E-10
 1.015214324E-01 -1.264715555E-10 1.703811137E-12 1.247677378E-10
 1.046655178E-01 -1.265404448E-10 1.704747780E-12 1.248356973E-10
 1.079069749E-01 -1.266090843E-10 1.705680519E-12 1.249034071E-10
 1.112488210E-01 -1.266773769E-10 1.706609138E-12 1.249707698E-10
 1.146941632E-01 -1.267453226E-10 1.707532987E-12 1.250377857E-10
 1.182462052E-01 -1.268128380E-10 1.708451414E-12 1.251043852E-10
 1.219082549E-01 -1.268798677E-10 1.709363337E-12 1.251704990E-10
 1.256837100E-01 -1.269463284E-10 1.710268103E-12 1.252360576E-10
 1.295761019E-01 -1.270121508E-10 1.711164305E-12 1.253009779E-10
 1.335890293E-01 -1.270771821E-10 1.712050532E-12 1.253651349E-10
 1.377262473E-01 -1.271413530E-10 1.712925591E-12 1.254284315E-10
 1.419915855E-01 -1.272045247E-10 1.713787532E-12 1.254907428E-10
 1.463890225E-01 -1.272665445E-10 1.714634511E-12 1.255519161E-10
 1.509226412E-01 -1.273272598E-10 1.715464793E-12 1.256117987E-10
 1.555966735E-01 -1.273865180E-10 1.716275668E-12 1.256702242E-10
 1.604154557E-01 -1.274440969E-10 1.717064858E-12 1.257270121E-10
 1.653834581E-01 -1.274997746E-10 1.717829655E-12 1.257819543E-10
 1.705053449E-01 -1.275533845E-10 1.718567346E-12 1.258348148E-10
 1.757858396E-01 -1.276046491E-10 1.719274462E-12 1.258853716E-10
 1.812298745E-01 -1.276533185E-10 1.719947752E-12 1.259333610E-10
 1.868425012E-01 -1.276990874E-10 1.720583637E-12 1.259785054E-10
 1.926289499E-01 -1.277416922E-10 1.721178105E-12 1.260205135E-10
 1.985946149E-01 -1.277807721E-10 1.721727036E-12 1.260590382E-10
 2.047450244E-01 -1.278160217E-10 1.722225878E-12 1.260938021E-10
 2.110859156E-01 -1.278470663E-10 1.722670184E-12 1.261244026E-10
 2.176231891E-01 -1.278735451E-10 1.723054967E-12 1.261504928E-10
 2.243629098E-01 -1.278951806E-10 1.723376867E-12 1.261718091E-10
 2.313113511E-01 -1.279119449E-10 1.723635557E-12 1.261883098E-10
 2.384749949E-01 -1.279241851E-10 1.723835484E-12 1.262003418E-10
 2.458604872E-01 -1.279312489E-10 1.723968733E-12 1.262072669E-10
 2.534747124E-01 -1.279312489E-10 1.724009499E-12 1.262072530E-10
 2.613247335E-01 -1.279228529E-10 1.723939893E-12 1.261989124E-10
 2.694178820E-01 -1.279055195E-10 1.723752868E-12 1.261817595E-10
 2.777616680E-01 -1.278789435E-10 1.723444087E-12 1.261554888E-10
 2.863638699E-01 -1.278427503E-10 1.723008888E-12 1.261197397E-10
 2.952324748E-01 -1.277965095E-10 1.722441200E-12 1.260740679E-10
 3.043757379E-01 -1.277397493E-10 1.721734409E-12 1.260180016E-10
 3.138021529E-01 -1.276719008E-10 1.720880816E-12 1.259510135E-10
 3.235205114E-01 -1.275923672E-10 1.719872617E-12 1.258724930E-10
 3.335398436E-01 -1.275005795E-10 1.718701028E-12 1.257818710E-10
 3.438694775E-01 -1.273958994E-10 1.717357810E-12 1.256785509E-10
 3.545189798E-01 -1.272777439E-10 1.715834072E-12 1.255618942E-10
 3.654983342E-01 -1.271454469E-10 1.714121033E-12 1.254313181E-10
 3.768177032E-01 -1.269984395E-10 1.712209909E-12 1.252862397E-10
 3.884876370E-01 -1.268361527E-10 1.710092137E-12 1.251260484E-10
 4.005189836E-01 -1.266580174E-10 1.707759802E-12 1.249502446E-10
 4.129229188E-01 -1.264635063E-10 1.705204771E-12 1.247583009E-10
 4.257110059E-01 -1.262521754E-10 1.702419998E-12 1.245497455E-10
 4.388951659E-01 -1.260236082E-10 1.699398651E-12 1.243242176E-10
 4.524875879E-01 -1.257774856E-10 1.696135094E-12 1.240813563E-10
 4.665009975E-01 -1.255135440E-10 1.692624448E-12 1.238209119E-10
 4.809483886E-01 -1.252316029E-10 1.688863350E-12 1.235427455E-10
 4.958432019E-01 -1.249316622E-10 1.684849309E-12 1.232468017E-10
 5.111992955E-01 -1.246137638E-10 1.680581997E-12 1.229331775E-10
 5.270310044E-01 -1.242781433E-10 1.676062392E-12 1.226020813E-10
 5.433530211E-01 -1.239252173E-10 1.671293746E-12 1.222539153E-10
 5.601804852E-01 -1.235555130E-10 1.666281696E-12 1.218892348E-10
 5.775290728E-01 -1.231698216E-10 1.661034266E-12 1.215087753E-10
 5.954149961E-01 -1.227691282E-10 1.655562189E-12 1.211135636E-10
 6.138547659E-01 -1.223546403E-10 1.649879669E-12 1.207047517E-10
 6.328656673E-01 -1.219278845E-10 1.644003835E-12 1.202838801E-10
 6.524653435E-01 -1.214906370E-10 1.637956047E-12 1.198526833E-10
 6.726719737E-01 -1.210450074E-10 1.631761132E-12 1.194132571E-10
 6.935044527E-01 -1.205934241E-10 1.625448365E-12 1.189679744E-10
 7.149820328E-01 -1.201386074E-10 1.619052006E-12 1.185195414E-10
 7.371248007E-01 -1.196839572E-10 1.612611086E-12 1.180713444E-10
 7.599533200E-01 -1.192343307E-10 1.606169408E-12 1.176281711E-10
 7.834888697E-01 -1.187956816E-10 1.599773699E-12 1.171958919E-10
 8.077532649E-01 -1.183687731E-10 1.593475135E-12 1.167752978E-10
 8.327691555E-01 -1.179409626E-10 1.587348200E-12 1.163536073E-10
 8.585597277E-01 -1.175241293E-10 1.581516927E-12 1.159426027E-10
 8.851490617E-01 -1.173102449E-10 1.576077376E-12 1.157341584E-10
 9.125618339E-01 -1.174716435E-10 1.570847510E-12 1.159007820E-10
 9.408236146E-01 -1.173385833E-10 1.565292600E-12 1.157732937E-10
 9.699606299E-01 -1.116289561E-10 1.560932590E-12 1.100680172E-10
 1.000000000E+00 -9.976553611E-11 1.539870662E-12 9.822566371E-11
