 VARIABLES =X,cf
 ZONE T="Lower"
  0.000000000000000E+000  3.587109990119736E-003
  1.125000000000000E-002  3.473971708644553E-003
  2.250000000000000E-002  3.389455947668762E-003
  3.375000000000000E-002  3.329264481665959E-003
  4.500000000000000E-002  3.289048036832688E-003
  5.624999999999999E-002  3.263782154525960E-003
  6.750000000000000E-002  3.247355123461003E-003
  7.875000000000000E-002  3.232440056367061E-003
  9.000000000000000E-002  3.210576221841174E-003
  0.101250000000000       3.172538326643546E-003
  0.112500000000000       3.108886168476997E-003
  0.123750000000000       3.010840917511997E-003
  0.135000000000000       2.871272034464372E-003
  0.146250000000000       2.685391808755490E-003
  0.157500000000000       2.451256885457074E-003
  0.168750000000000       2.169988595925057E-003
  0.180000000000000       1.845759014120553E-003
  0.191250000000000       1.485549330887682E-003
  0.202500000000000       1.098723811458906E-003
  0.213750000000000       6.964219236653726E-004
  0.225000000000000       2.908368068857148E-004
  0.236250000000000      -1.054685762090633E-004
  0.247500000000000      -4.802443795743293E-004
  0.258750000000000      -8.223459478199032E-004
  0.270000000000000      -1.122625876079068E-003
  0.281250000000000      -1.374610062599085E-003
  0.292500000000000      -1.574731255524211E-003
  0.303750000000000      -1.722258072208282E-003
  0.315000000000000      -1.819132883800870E-003
  0.326250000000000      -1.869480290657791E-003
  0.337500000000000      -1.878512195522946E-003
  0.348750000000000      -1.851450247609892E-003
  0.360000000000000      -1.793464558933809E-003
  0.371250000000000      -1.710316636011408E-003
  0.382500000000000      -1.608264417585809E-003
  0.393750000000000      -1.492989443098865E-003
  0.405000000000000      -1.368884646267995E-003
  0.416250000000000      -1.239339154725808E-003
  0.427500000000000      -1.107559632332801E-003
  0.438750000000000      -9.772641239631850E-004
  0.450000000000000      -8.528412865941884E-004
  0.461250000000000      -7.389718671220821E-004
  0.472500000000000      -6.397637534515928E-004
  0.483750000000000      -5.575762273981760E-004
  0.495000000000000      -4.923833824511063E-004
  0.506250000000000      -4.422417024290886E-004
  0.517500000000000      -4.042167369985168E-004
  0.528750000000000      -3.750837812180198E-004
  0.540000000000000      -3.518415422224840E-004
  0.551250000000000      -3.323680696705532E-004
  0.562500000000000      -3.160406080198342E-004
  0.573750000000000      -3.034595341165676E-004
  0.585000000000000      -2.953026348483139E-004
  0.596250000000000      -2.916014266573013E-004
  0.607500000000000      -2.919846912970625E-004
  0.618750000000000      -2.961851568369634E-004
  0.630000000000000      -3.042264202560798E-004
  0.641250000000000      -3.161965512495213E-004
  0.652500000000000      -3.316111537878036E-004
  0.663750000000000      -3.489717533924929E-004
  0.675000000000000      -3.664050890171260E-004
  0.686250000000000      -3.828023454173789E-004
  0.697500000000000      -3.980709038069369E-004
  0.708750000000000      -4.125993708745584E-004
  0.720000000000000      -4.268413572741088E-004
  0.731250000000000      -4.411870704927068E-004
  0.742500000000000      -4.560142572318394E-004
  0.753750000000000      -4.717631513267533E-004
  0.765000000000000      -4.888044636952435E-004
  0.776250000000000      -5.072361979511310E-004
  0.787500000000000      -5.268637473302723E-004
  0.798750000000000      -5.473344846768034E-004
  0.810000000000000      -5.682910807857089E-004
  0.821250000000000      -5.894420788867802E-004
  0.832500000000000      -6.105415820318155E-004
  0.843750000000000      -6.314085297819481E-004
  0.855000000000000      -6.520735352863825E-004
  0.866250000000000      -6.729424030747713E-004
  0.877500000000000      -6.947902874251102E-004
  0.888750000000000      -7.184597713929922E-004
  0.900000000000000      -7.443780387339203E-004
  0.911250000000000      -7.722839808121178E-004
  0.922500000000000      -8.013568865717799E-004
  0.933750000000000      -8.306060581878459E-004
  0.945000000000000      -8.593333165685044E-004
  0.956250000000000      -8.874021976604463E-004
  0.967500000000000      -9.151953935271230E-004
  0.978750000000000      -9.433361474609481E-004
  0.990000000000000      -9.723070795019327E-004
   1.00125000000000      -1.002272910893757E-003
   1.01250000000000      -1.033186725028101E-003
   1.02375000000000      -1.064936923192168E-003
   1.03500000000000      -1.097422149785101E-003
   1.04625000000000      -1.130605781277002E-003
   1.05750000000000      -1.164546098794752E-003
   1.06875000000000      -1.199314073480399E-003
   1.08000000000000      -1.234813259218887E-003
   1.09125000000000      -1.270696640191369E-003
   1.10250000000000      -1.306489348403902E-003
   1.11375000000000      -1.341779707122467E-003
   1.12500000000000      -1.376295747486214E-003
   1.13625000000000      -1.409866102013975E-003
   1.14750000000000      -1.442373971743582E-003
   1.15875000000000      -1.473740982404951E-003
   1.17000000000000      -1.503908597672198E-003
   1.18125000000000      -1.532804686557156E-003
   1.19250000000000      -1.560315378663274E-003
   1.20375000000000      -1.586286762428005E-003
   1.21500000000000      -1.610563022846373E-003
   1.22625000000000      -1.633020571187319E-003
   1.23750000000000      -1.653542496096977E-003
   1.24875000000000      -1.671940402183469E-003
   1.26000000000000      -1.687888127648623E-003
   1.27125000000000      -1.700918982255637E-003
   1.28250000000000      -1.710489458289535E-003
   1.29375000000000      -1.716062613171463E-003
   1.30500000000000      -1.717177274851439E-003
   1.31625000000000      -1.713499225796154E-003
   1.32750000000000      -1.704861423867268E-003
   1.33875000000000      -1.691296362689603E-003
   1.35000000000000      -1.673034657204175E-003
   1.36125000000000      -1.650442678390352E-003
   1.37250000000000      -1.623912975456568E-003
   1.38375000000000      -1.593765159028891E-003
   1.39500000000000      -1.560217383688721E-003
   1.40625000000000      -1.523435616771579E-003
   1.41750000000000      -1.483609834203916E-003
   1.42875000000000      -1.440977301494196E-003
   1.44000000000000      -1.395759831825374E-003
   1.45125000000000      -1.348093569553284E-003
   1.46250000000000      -1.298053468374485E-003
   1.47375000000000      -1.245756503999916E-003
   1.48500000000000      -1.191440993086402E-003
   1.49625000000000      -1.135493614154782E-003
   1.50750000000000      -1.078483732623751E-003
   1.51875000000000      -1.021203935678423E-003
   1.53000000000000      -9.646004305845919E-004
   1.54125000000000      -9.095594480070238E-004
   1.55250000000000      -8.567133895569869E-004
   1.56375000000000      -8.063972469224176E-004
   1.57500000000000      -7.587282557462164E-004
   1.58625000000000      -7.137463180997789E-004
   1.59750000000000      -6.715308252019423E-004
   1.60875000000000      -6.322397838752818E-004
   1.62000000000000      -5.961082101969649E-004
   1.63125000000000      -5.634505782871144E-004
   1.64250000000000      -5.346371117658799E-004
   1.65375000000000      -5.100147396899373E-004
   1.66500000000000      -4.898273796957003E-004
   1.67625000000000      -4.741870295434150E-004
   1.68750000000000      -4.631153060935263E-004
   1.69875000000000      -4.566168016462702E-004
   1.71000000000000      -4.547393364125456E-004
   1.72125000000000      -4.575793485757962E-004
   1.73250000000000      -4.652570677605528E-004
   1.74375000000000      -4.778689327199908E-004
   1.75500000000000      -4.954245738570523E-004
   1.76625000000000      -5.177596605302691E-004
   1.77750000000000      -5.444974002251925E-004
   1.78875000000000      -5.751000280451476E-004
   1.80000000000000      -6.089826487500751E-004
   1.81125000000000      -6.457553068421823E-004
   1.82250000000000      -6.854334676056743E-004
   1.83375000000000      -7.287373336558375E-004
   1.84500000000000      -7.773157334356951E-004
   1.85625000000000      -8.340196928742702E-004
   1.86750000000000      -9.021685555577993E-004
   1.87875000000000      -9.842606062726480E-004
   1.89000000000000      -1.080680543499924E-003
   1.90125000000000      -1.188809331909793E-003
   1.91250000000000      -1.303685062797283E-003
   1.92375000000000      -1.419841296696190E-003
   1.93500000000000      -1.534995393899400E-003
   1.94625000000000      -1.649213513342332E-003
   1.95750000000000      -1.762706205754473E-003
   1.96875000000000      -1.875873818232176E-003
   1.98000000000000      -1.989012385502997E-003
   1.99125000000000      -2.102277746578285E-003
   2.00250000000000      -2.215648067667448E-003
   2.01375000000000      -2.328965335298676E-003
   2.02500000000000      -2.442088562029431E-003
   2.03625000000000      -2.554876339895438E-003
   2.04750000000000      -2.667177869062976E-003
   2.05875000000000      -2.778776174600288E-003
   2.07000000000000      -2.889432067514217E-003
   2.08125000000000      -2.998974148500841E-003
   2.09250000000000      -3.107452905397723E-003
   2.10375000000000      -3.215127364045356E-003
   2.11500000000000      -3.322343259309397E-003
   2.12625000000000      -3.429421251183789E-003
   2.13750000000000      -3.536461742092469E-003
   2.14875000000000      -3.643194859049734E-003
   2.16000000000000      -3.749165412215200E-003
   2.17125000000000      -3.854047208357015E-003
   2.18250000000000      -3.957657225737202E-003
   2.19375000000000      -4.059778378139876E-003
   2.20500000000000      -4.160119827440047E-003
   2.21625000000000      -4.258436065825252E-003
   2.22750000000000      -4.354619150516611E-003
   2.23875000000000      -4.448709255643367E-003
   2.25000000000000      -4.540856910246062E-003
   2.26125000000000      -4.631287555460664E-003
   2.27250000000000      -4.720298411652439E-003
   2.28375000000000      -4.808203718548465E-003
   2.29500000000000      -4.895175928663874E-003
   2.30625000000000      -4.981142566217656E-003
   2.31750000000000      -5.065854677246984E-003
   2.32875000000000      -5.148956683359326E-003
   2.34000000000000      -5.229956875875068E-003
   2.35125000000000      -5.308278892580624E-003
   2.36250000000000      -5.383421174046400E-003
   2.37375000000000      -5.455018904742802E-003
   2.38500000000000      -5.522791731278952E-003
   2.39625000000000      -5.586555283825694E-003
   2.40750000000000      -5.646334100542545E-003
   2.41875000000000      -5.702401486276168E-003
   2.43000000000000      -5.755172427309998E-003
   2.44125000000000      -5.805111939881666E-003
   2.45250000000000      -5.852756960872333E-003
   2.46375000000000      -5.898715828089492E-003
   2.47500000000000      -5.943493751650979E-003
   2.48625000000000      -5.987268532983383E-003
   2.49750000000000      -6.029931212385702E-003
   2.50875000000000      -6.071387939649113E-003
   2.52000000000000      -6.111741740390973E-003
   2.53125000000000      -6.151198383459886E-003
   2.54250000000000      -6.189931665303978E-003
   2.55375000000000      -6.228041809282893E-003
   2.56500000000000      -6.265459768964430E-003
   2.57625000000000      -6.301872583723825E-003
   2.58750000000000      -6.336902761189379E-003
   2.59875000000000      -6.370358490171705E-003
   2.61000000000000      -6.402348718715541E-003
   2.62125000000000      -6.433210710532881E-003
   2.63250000000000      -6.463192149863357E-003
   2.64375000000000      -6.492184730447120E-003
   2.65500000000000      -6.519805532137813E-003
   2.66625000000000      -6.545657952256144E-003
   2.67750000000000      -6.569465678400999E-003
   2.68875000000000      -6.591007303778142E-003
   2.70000000000000      -6.610075438008550E-003
   2.71125000000000      -6.626519208404826E-003
   2.72250000000000      -6.640207404965319E-003
   2.73375000000000      -6.650977016532882E-003
   2.74500000000000      -6.658611145701443E-003
   2.75625000000000      -6.662704495256665E-003
   2.76750000000000      -6.662589844079720E-003
   2.77875000000000      -6.657629363894683E-003
   2.79000000000000      -6.647632618035840E-003
   2.80125000000000      -6.633011955109217E-003
   2.81250000000000      -6.614857022223728E-003
   2.82375000000000      -6.595019507969084E-003
   2.83500000000000      -6.575168371001082E-003
   2.84625000000000      -6.555376579217914E-003
   2.85750000000000      -6.535233542690628E-003
   2.86875000000000      -6.515996668197687E-003
   2.88000000000000      -6.499870118664063E-003
   2.89125000000000      -6.488214180069752E-003
   2.90250000000000      -6.481310223097726E-003
   2.91375000000000      -6.478830942113317E-003
   2.92500000000000      -6.480336356042171E-003
   2.93625000000000      -6.485539243103262E-003
   2.94750000000000      -6.494022482055712E-003
   2.95875000000000      -6.504962836097460E-003
   2.97000000000000      -6.517464354740924E-003
   2.98125000000000      -6.530967483326880E-003
   2.99250000000000      -6.545022302051515E-003
   3.00375000000000      -6.558772775557439E-003
   3.01500000000000      -6.570909763990449E-003
   3.02625000000000      -6.580286229951918E-003
   3.03750000000000      -6.586537978770303E-003
   3.04875000000000      -6.589978969802528E-003
   3.06000000000000      -6.591011009116739E-003
   3.07125000000000      -6.589744873037078E-003
   3.08250000000000      -6.586016010854546E-003
   3.09375000000000      -6.579463953467470E-003
   3.10500000000000      -6.569560227628903E-003
   3.11625000000000      -6.555934584590536E-003
   3.12750000000000      -6.538926110324109E-003
   3.13875000000000      -6.519649401198913E-003
   3.15000000000000      -6.499393774465364E-003
   3.16125000000000      -6.479018193203068E-003
   3.17250000000000      -6.458733997265704E-003
   3.18375000000000      -6.438229048909234E-003
   3.19500000000000      -6.417229410317107E-003
   3.20625000000000      -6.396082958007298E-003
   3.21750000000000      -6.375510737096598E-003
   3.22875000000000      -6.355724543702855E-003
   3.24000000000000      -6.335881285394346E-003
   3.25125000000000      -6.314365329778734E-003
   3.26250000000000      -6.289764277388076E-003
   3.27375000000000      -6.261717625261843E-003
   3.28500000000000      -6.230801443148167E-003
   3.29625000000000      -6.197807573846715E-003
   3.30750000000000      -6.163387125716599E-003
   3.31875000000000      -6.128294019091140E-003
   3.33000000000000      -6.093635249226037E-003
   3.34125000000000      -6.060757988991541E-003
   3.35250000000000      -6.030937764583258E-003
   3.36375000000000      -6.004920006385858E-003
   3.37500000000000      -5.982711186893709E-003
   3.38625000000000      -5.964153004759563E-003
   3.39750000000000      -5.949611548929259E-003
   3.40875000000000      -5.939779036220928E-003
   3.42000000000000      -5.934901042850663E-003
   3.43125000000000      -5.934381892364343E-003
   3.44250000000000      -5.936797259964766E-003
   3.45375000000000      -5.940019322906028E-003
   3.46500000000000      -5.942105915661162E-003
   3.47625000000000      -5.942502222812017E-003
   3.48750000000000      -5.941853085552459E-003
   3.49875000000000      -5.940763510122376E-003
   3.51000000000000      -5.939074721517952E-003
   3.52125000000000      -5.935898023276500E-003
   3.53250000000000      -5.930047510593714E-003
   3.54375000000000      -5.920705834117431E-003
   3.55500000000000      -5.907486519479704E-003
   3.56625000000000      -5.889722059658003E-003
   3.57750000000000      -5.866763522520019E-003
   3.58875000000000      -5.839200134952430E-003
   3.60000000000000      -5.808975597581096E-003
   3.61125000000000      -5.778425279946272E-003
   3.62250000000000      -5.749056337103319E-003
   3.63375000000000      -5.720791241096116E-003
   3.64500000000000      -5.692720810635598E-003
   3.65625000000000      -5.664949488104162E-003
   3.66750000000000      -5.639181780573515E-003
   3.67875000000000      -5.617197092917531E-003
   3.69000000000000      -5.599119533666533E-003
   3.70125000000000      -5.583199708666102E-003
   3.71250000000000      -5.566977041786201E-003
   3.72375000000000      -5.548369293300756E-003
   3.73500000000000      -5.525907561206612E-003
   3.74625000000000      -5.498678065483868E-003
   3.75750000000000      -5.466547658726722E-003
   3.76875000000000      -5.430581794337625E-003
   3.78000000000000      -5.392992353375131E-003
   3.79125000000000      -5.356151032612133E-003
   3.80250000000000      -5.321234824749974E-003
   3.81375000000000      -5.287604789582952E-003
   3.82500000000000      -5.253616693591062E-003
   3.83625000000000      -5.218212543832650E-003
   3.84750000000000      -5.181553036322856E-003
   3.85875000000000      -5.144323478221498E-003
   3.87000000000000      -5.106950163891892E-003
   3.88125000000000      -5.069408785097459E-003
   3.89250000000000      -5.031519865959825E-003
   3.90375000000000      -4.993456165762356E-003
   3.91500000000000      -4.955983288016919E-003
   3.92625000000000      -4.920111631565262E-003
   3.93750000000000      -4.886505387551871E-003
   3.94875000000000      -4.855009045466326E-003
   3.96000000000000      -4.824302733846684E-003
   3.97125000000000      -4.792112440390847E-003
   3.98250000000000      -4.756114918012378E-003
   3.99375000000000      -4.714909892325431E-003
   4.00500000000000      -4.668172316172978E-003
   4.01625000000000      -4.616103883376023E-003
   4.02750000000000      -4.559581888844514E-003
   4.03875000000000      -4.500650707997878E-003
   4.05000000000000      -4.441944379346051E-003
   4.06125000000000      -4.385640262862338E-003
   4.07250000000000      -4.332639896539794E-003
   4.08375000000000      -4.282214715544938E-003
   4.09500000000000      -4.232678178812660E-003
   4.10625000000000      -4.182510053258571E-003
   4.11750000000000      -4.130773191765460E-003
   4.12875000000000      -4.076990007359619E-003
   4.14000000000000      -4.021227209984320E-003
   4.15125000000000      -3.964263569173030E-003
   4.16250000000000      -3.907495681087917E-003
   4.17375000000000      -3.852619338357300E-003
   4.18500000000000      -3.801057626590913E-003
   4.19625000000000      -3.753367526648701E-003
   4.20750000000000      -3.709193612824054E-003
   4.21875000000000      -3.667667718138260E-003
   4.23000000000000      -3.627612223115776E-003
   4.24125000000000      -3.587622202113150E-003
   4.25250000000000      -3.546506181049804E-003
   4.26375000000000      -3.503568152278595E-003
   4.27500000000000      -3.458394240439395E-003
   4.28625000000000      -3.410919168411019E-003
   4.29750000000000      -3.361736954686991E-003
   4.30875000000000      -3.311980275706015E-003
   4.32000000000000      -3.262802570980928E-003
   4.33125000000000      -3.214941278794836E-003
   4.34250000000000      -3.168565606888382E-003
   4.35375000000000      -3.123337869917705E-003
   4.36500000000000      -3.078739394359159E-003
   4.37625000000000      -3.034439668999822E-003
   4.38750000000000      -2.990149890693363E-003
   4.39875000000000      -2.945196389290541E-003
   4.41000000000000      -2.898579384081230E-003
   4.42125000000000      -2.849436779863758E-003
   4.43250000000000      -2.797416103380176E-003
   4.44375000000000      -2.742887124471942E-003
   4.45500000000000      -2.687008234486196E-003
   4.46625000000000      -2.631457995944617E-003
   4.47750000000000      -2.577822013700623E-003
   4.48875000000000      -2.526947331589579E-003
   4.50000000000000      -2.478740449786047E-003
   4.51125000000000      -2.432624974260807E-003
   4.52250000000000      -2.388126206896885E-003
   4.53375000000000      -2.344839457026580E-003
   4.54500000000000      -2.301885533752511E-003
   4.55625000000000      -2.257689348766626E-003
   4.56750000000000      -2.210523475830407E-003
   4.57875000000000      -2.159329384593879E-003
   4.59000000000000      -2.104007682925263E-003
   4.60125000000000      -2.045129785083325E-003
   4.61250000000000      -1.983854145232476E-003
   4.62375000000000      -1.922244587648477E-003
   4.63500000000000      -1.863117866968508E-003
   4.64625000000000      -1.809145497049573E-003
   4.65750000000000      -1.762114045455214E-003
   4.66875000000000      -1.722815697057489E-003
   4.68000000000000      -1.691189927026174E-003
   4.69125000000000      -1.666332113258448E-003
   4.70250000000000      -1.646280359764309E-003
   4.71375000000000      -1.628181393517584E-003
   4.72500000000000      -1.609627540896058E-003
   4.73625000000000      -1.590155816291847E-003
   4.74750000000000      -1.571021445272252E-003
   4.75875000000000      -1.553628419416018E-003
   4.77000000000000      -1.538359635659695E-003
   4.78125000000000      -1.524390258768493E-003
   4.79250000000000      -1.510107454276713E-003
   4.80375000000000      -1.493794414631705E-003
   4.81500000000000      -1.474526956086075E-003
   4.82625000000000      -1.452855759889736E-003
   4.83750000000000      -1.430535777525563E-003
   4.84875000000000      -1.409532895155379E-003
   4.86000000000000      -1.391210456720228E-003
   4.87125000000000      -1.376036750672675E-003
   4.88250000000000      -1.363674493968190E-003
   4.89375000000000      -1.353236028252612E-003
   4.90500000000000      -1.343527875337110E-003
   4.91625000000000      -1.333204026181204E-003
   4.92750000000000      -1.320958046002843E-003
   4.93875000000000      -1.306147387603785E-003
   4.95000000000000      -1.289643164713059E-003
   4.96125000000000      -1.273702837052296E-003
   4.97250000000000      -1.260452158028478E-003
   4.98375000000000      -1.250370952069441E-003
   4.99500000000000      -1.242184675300975E-003
   5.00625000000000      -1.233894836826458E-003
   5.01750000000000      -1.223755064396125E-003
   5.02875000000000      -1.210648777118006E-003
   5.04000000000000      -1.194115006425766E-003
   5.05125000000000      -1.174258028522571E-003
   5.06250000000000      -1.151529437129093E-003
   5.07375000000000      -1.126493206163212E-003
   5.08500000000000      -1.099852435992722E-003
   5.09625000000000      -1.072606168197338E-003
   5.10750000000000      -1.045728291316517E-003
   5.11875000000000      -1.019330559800880E-003
   5.13000000000000      -9.922172563161975E-004
   5.14125000000000      -9.625084798497499E-004
   5.15250000000000      -9.288682958780447E-004
   5.16375000000000      -8.912273549960757E-004
   5.17500000000000      -8.504989046427139E-004
   5.18625000000000      -8.078016644919192E-004
   5.19750000000000      -7.638588243412598E-004
   5.20875000000000      -7.188548350972827E-004
   5.22000000000000      -6.727278467752344E-004
   5.23125000000000      -6.256123416520324E-004
   5.24250000000000      -5.780558828035331E-004
   5.25375000000000      -5.308492451010967E-004
   5.26500000000000      -4.846815955691763E-004
   5.27625000000000      -4.400475765976071E-004
   5.28750000000000      -3.974638264336814E-004
   5.29875000000000      -3.576151659346931E-004
   5.31000000000000      -3.213400149929476E-004
   5.32125000000000      -2.896327621789129E-004
   5.33250000000000      -2.634144214366429E-004
   5.34375000000000      -2.428736676147788E-004
   5.35500000000000      -2.272188560428937E-004
   5.36625000000000      -2.153711124230397E-004
   5.37750000000000      -2.064389652153393E-004
   5.38875000000000      -1.992413973635641E-004
   5.40000000000000      -1.919735961010883E-004
   5.41125000000000      -1.827675789400728E-004
   5.42250000000000      -1.703515889606494E-004
   5.43375000000000      -1.540956426344367E-004
   5.44500000000000      -1.339129504933739E-004
   5.45625000000000      -1.103636699525324E-004
   5.46750000000000      -8.460256053817614E-005
   5.47875000000000      -5.796348317137266E-005
   5.49000000000000      -3.142400342282471E-005
   5.50125000000000      -5.367185447054226E-006
   5.51250000000000       2.025072820209941E-005
   5.52375000000000       4.555292039095120E-005
   5.53500000000000       7.037848615479964E-005
   5.54625000000000       9.412328690093674E-005
   5.55750000000000       1.160080236103064E-004
   5.56875000000000       1.355109102225097E-004
   5.58000000000000       1.526622942535397E-004
   5.59125000000000       1.682312539931412E-004
   5.60250000000000       1.835952927010155E-004
   5.61375000000000       2.000664872524493E-004
   5.62500000000000       2.181265232338698E-004
   5.63625000000000       2.373197771783295E-004
   5.64750000000000       2.568172555829986E-004
   5.65875000000000       2.759230192359836E-004
   5.67000000000000       2.941186304767847E-004
   5.68125000000000       3.109174738421426E-004
   5.69250000000000       3.258901101394764E-004
   5.70375000000000       3.389563554688355E-004
   5.71500000000000       3.506821794303288E-004
   5.72625000000000       3.621638629901149E-004
   5.73750000000000       3.746031574961952E-004
   5.74875000000000       3.889537960725223E-004
   5.76000000000000       4.057360175527879E-004
   5.77125000000000       4.251257789056421E-004
   5.78250000000000       4.470804568908983E-004
   5.79375000000000       4.710785651150830E-004
   5.80500000000000       4.960105177891356E-004
   5.81625000000000       5.208050202330983E-004
   5.82750000000000       5.451222184962338E-004
   5.83875000000000       5.692521700205412E-004
   5.85000000000000       5.934084270277370E-004
   5.86125000000000       6.173243369239290E-004
   5.87250000000000       6.404882969471211E-004
   5.88375000000000       6.624848732499647E-004
   5.89500000000000       6.831111329907514E-004
   5.90625000000000       7.023494859901330E-004
   5.91750000000000       7.202842805248007E-004
   5.92875000000000       7.370890849277419E-004
   5.94000000000000       7.529776321706969E-004
   5.95125000000000       7.678844567043893E-004
   5.96250000000000       7.813542986004878E-004
   5.97375000000000       7.929363765136065E-004
   5.98500000000000       8.024665756709974E-004
   5.99625000000000       8.102330750883015E-004
   6.00750000000000       8.171849320111229E-004
   6.01875000000000       8.245244584019591E-004
   6.03000000000000       8.328815751772946E-004
   6.04125000000000       8.421627919518564E-004
   6.05250000000000       8.520069219890382E-004
   6.06375000000000       8.620865594106370E-004
   6.07500000000000       8.721887335172667E-004
   6.08625000000000       8.822227891296009E-004
   6.09750000000000       8.922108338580708E-004
   6.10875000000000       9.023130535021454E-004
   6.12000000000000       9.127759430160163E-004
   6.13125000000000       9.238010214240876E-004
   6.14250000000000       9.354823175203198E-004
   6.15375000000000       9.477227443049194E-004
   6.16500000000000       9.600553619001793E-004
   6.17625000000000       9.716536260301321E-004
   6.18750000000000       9.817429319783804E-004
   6.19875000000000       9.901425335134273E-004
   6.21000000000000       9.974171714678397E-004
   6.22125000000000       1.004407379532662E-003
   6.23250000000000       1.011583084370633E-003
   6.24375000000000       1.018849312148901E-003
   6.25500000000000       1.025760926496842E-003
   6.26625000000000       1.031735875141344E-003
   6.27750000000000       1.036203401636638E-003
   6.28875000000000       1.038784179570226E-003
   6.30000000000000       1.039388365389264E-003
   6.31125000000000       1.038120261944126E-003
   6.32250000000000       1.035187961537298E-003
   6.33375000000000       1.030997833752491E-003
   6.34500000000000       1.026173369995889E-003
   6.35625000000000       1.021277220367769E-003
   6.36750000000000       1.016565873739101E-003
   6.37875000000000       1.012094960553515E-003
   6.39000000000000       1.007950630440029E-003
   6.40125000000000       1.004269776154802E-003
   6.41250000000000       1.001068414656487E-003
   6.42375000000000       9.981365139844710E-004
   6.43500000000000       9.951388263985427E-004
   6.44625000000000       9.917797498059876E-004
   6.45750000000000       9.878229831672329E-004
   6.46875000000000       9.829779647894746E-004
   6.48000000000000       9.768594476664990E-004
   6.49125000000000       9.691230832081898E-004
   6.50250000000000       9.596243658494952E-004
   6.51375000000000       9.484172872227556E-004
   6.52500000000000       9.356357479522281E-004
   6.53625000000000       9.214364763616019E-004
   6.54750000000000       9.060317387681449E-004
   6.55875000000000       8.896641322202871E-004
   6.57000000000000       8.724830066284750E-004
   6.58125000000000       8.544763960378015E-004
   6.59250000000000       8.355447527146710E-004
   6.60375000000000       8.156242431039420E-004
   6.61500000000000       7.947814204959789E-004
   6.62625000000000       7.732853391369351E-004
   6.63750000000000       7.516142768860561E-004
   6.64875000000000       7.303093546625288E-004
   6.66000000000000       7.097186353970849E-004
   6.67125000000000       6.898531169900864E-004
   6.68250000000000       6.705170768793507E-004
   6.69375000000000       6.515710666457596E-004
   6.70500000000000       6.330095160349956E-004
   6.71625000000000       6.147560309567396E-004
   6.72750000000000       5.964400209366815E-004
   6.73875000000000       5.774579742798141E-004
   6.75000000000000       5.572909489819376E-004
   6.76125000000000       5.357492419170374E-004
   6.77250000000000       5.129136232217102E-004
   6.78375000000000       4.888993269921281E-004
   6.79500000000000       4.637450621246154E-004
   6.80625000000000       4.375318871155056E-004
   6.81750000000000       4.105531394332394E-004
   6.82875000000000       3.832887629969808E-004
   6.84000000000000       3.561611851548422E-004
   6.85125000000000       3.292653988556070E-004
   6.86250000000000       3.022861814508730E-004
   6.87375000000000       2.748191916946245E-004
   6.88500000000000       2.467709925667652E-004
   6.89625000000000       2.181433732321013E-004
   6.90750000000000       1.885291923394884E-004
   6.91875000000000       1.571004880164883E-004
   6.93000000000000       1.229525412056749E-004
   6.94125000000000       8.544063695771577E-005
   6.95250000000000       4.445746768038425E-005
   6.96375000000000       5.713530566892742E-007
   6.97500000000000      -4.523276510098690E-005
   6.98625000000000      -9.205527897963421E-005
   6.99750000000000      -1.395083449917137E-004
   7.00875000000000      -1.876944683185207E-004
   7.02000000000000      -2.368990951288897E-004
   7.03125000000000      -2.872792169454157E-004
   7.04250000000000      -3.387001329788328E-004
   7.05375000000000      -3.909348397474508E-004
   7.06500000000000      -4.437726435935832E-004
   7.07625000000000      -4.968051622796846E-004
   7.08750000000000      -5.482599742152763E-004
   7.09875000000000      -5.953919128670536E-004
   7.11000000000000      -6.362131129870650E-004
   7.12125000000000      -6.707891193980559E-004
   7.13250000000000      -7.007607173612106E-004
   7.14375000000000      -7.283431967162567E-004
   7.15500000000000      -7.553408583625373E-004
   7.16625000000000      -7.826281474715239E-004
   7.17750000000000      -8.101836756985151E-004
   7.18875000000000      -8.372997462769284E-004
   7.20000000000000      -8.627576593408026E-004
   7.21125000000000      -8.851489737950674E-004
   7.22250000000000      -9.033335374671876E-004
   7.23375000000000      -9.166549658967654E-004
   7.24500000000000      -9.249235911957847E-004
   7.25625000000000      -9.282433275999242E-004
   7.26750000000000      -9.268934205915491E-004
   7.27875000000000      -9.211987128312830E-004
   7.29000000000000      -9.113130952557861E-004
   7.30125000000000      -8.970144604054546E-004
   7.31250000000000      -8.778010209821736E-004
   7.32375000000000      -8.534685438231155E-004
   7.33500000000000      -8.244962271816956E-004
   7.34625000000000      -7.915151568076705E-004
   7.35750000000000      -7.544965894715617E-004
   7.36875000000000      -7.125631757670662E-004
   7.38000000000000      -6.643810526723182E-004
   7.39125000000000      -6.087691894496486E-004
   7.40250000000000      -5.450920560601599E-004
   7.41375000000000      -4.730955967447707E-004
   7.42500000000000      -3.924340452242661E-004
   7.43625000000000      -3.025137915676878E-004
   7.44750000000000      -2.027838893682721E-004
   7.45875000000000      -9.324627218809325E-005
   7.47000000000000       2.495316590013104E-005
   7.48125000000000       1.494783262083079E-004
   7.49250000000000       2.778550257334542E-004
   7.50375000000000       4.086772959392255E-004
   7.51500000000000       5.416664001919088E-004
   7.52625000000000       6.770395640220138E-004
   7.53750000000000       8.152456962760160E-004
   7.54875000000000       9.567666184200168E-004
   7.56000000000000       1.101490819160458E-003
   7.57125000000000       1.248241183670137E-003
   7.58250000000000       1.395169185001505E-003
   7.59375000000000       1.540713549356016E-003
   7.60500000000000       1.684138443295273E-003
   7.61625000000000       1.825386694122501E-003
   7.62750000000000       1.964762304901451E-003
   7.63875000000000       2.102768673962040E-003
   7.65000000000000       2.240121994394070E-003
   7.66125000000000       2.377934734869435E-003
   7.67250000000000       2.517940472408543E-003
   7.68375000000000       2.662123101096707E-003
   7.69500000000000       2.811565944193816E-003
   7.70625000000000       2.965956636104073E-003
   7.71750000000000       3.124648412077410E-003
   7.72875000000000       3.287599298537943E-003
   7.74000000000000       3.454757246812711E-003
   7.75125000000000       3.625259373410821E-003
   7.76250000000000       3.797759560830458E-003
   7.77375000000000       3.971079174363831E-003
   7.78500000000000       4.144527838448674E-003
   7.79625000000000       4.318013897888840E-003
   7.80750000000000       4.491896149458508E-003
   7.81875000000000       4.666751971499277E-003
   7.83000000000000       4.843284406127257E-003
   7.84125000000000       5.022167701745925E-003
   7.85250000000000       5.203811049968022E-003
   7.86375000000000       5.388345508429663E-003
   7.87500000000000       5.575709050833091E-003
   7.88625000000000       5.765651094162633E-003
   7.89750000000000       5.957844814615382E-003
   7.90875000000000       6.152091850117405E-003
   7.92000000000000       6.348467395432223E-003
   7.93125000000000       6.547593130590438E-003
   7.94250000000000       6.751076563448395E-003
   7.95375000000000       6.961066188373776E-003
   7.96500000000000       7.178660991919460E-003
   7.97625000000000       7.403175384461102E-003
   7.98750000000000       7.633118280780239E-003
   7.99875000000000       7.867363829339422E-003
   8.01000000000000       8.105506288348829E-003
   8.02125000000000       8.347573846026477E-003
   8.03250000000000       8.593721117920946E-003
   8.04375000000000       8.844273738981332E-003
   8.05500000000000       9.099837129451224E-003
   8.06625000000000       9.361211574630733E-003
   8.07750000000000       9.629249938368327E-003
   8.08875000000000       9.904838104119114E-003
   8.10000000000000       1.018906625720270E-002
   8.11125000000000       1.048365259525892E-002
   8.12250000000000       1.079115594758251E-002
   8.13375000000000       1.111427017029309E-002
   8.14500000000000       1.145480737817721E-002
   8.15625000000000       1.181347759940788E-002
   8.16750000000000       1.219047369842352E-002
   8.17875000000000       1.258642727078627E-002
   8.19000000000000       1.300286981075394E-002
   8.20125000000000       1.344158189985455E-002
   8.21250000000000       1.390388539506528E-002
   8.22375000000000       1.439064497421676E-002
   8.23500000000000       1.490238097699231E-002
   8.24625000000000       1.543952570539689E-002
   8.25750000000000       1.600291641323065E-002
   8.26875000000000       1.659391667257698E-002
   8.28000000000000       1.721409969339972E-002
   8.29125000000000       1.786487831544487E-002
   8.30250000000000       1.854743543218538E-002
   8.31375000000000       1.926300609373021E-002
   8.32500000000000       2.001321946154747E-002
   8.33625000000000       2.080036411846840E-002
   8.34750000000000       2.162732492930130E-002
   8.35875000000000       2.249693397110199E-002
   8.37000000000000       2.341138956259287E-002
   8.38125000000000       2.437244852331199E-002
   8.39250000000000       2.538180009857732E-002
   8.40375000000000       2.644083179994443E-002
   8.41500000000000       2.755002552657500E-002
   8.42625000000000       2.870858267131570E-002
   8.43750000000000       2.991465931808132E-002
   8.44875000000000       3.116584716395312E-002
   8.46000000000000       3.245930821657217E-002
   8.47125000000000       3.379157230944625E-002
   8.48250000000000       3.515816969084519E-002
   8.49375000000000       3.655325505625358E-002
   8.50500000000000       3.796940393300163E-002
   8.51625000000000       3.939747913362159E-002
   8.52750000000000       4.082635285935422E-002
   8.53875000000000       4.224233180507935E-002
   8.55000000000000       4.362841442395014E-002
   8.56125000000000       4.496355101397510E-002
   8.57250000000000       4.622197574910093E-002
   8.58375000000000       4.737281760723631E-002
   8.59500000000000       4.838007562947748E-002
   8.60625000000000       4.920337398855519E-002
   8.61750000000000       4.979965156601204E-002
   8.62875000000000       5.012619114443904E-002
   8.64000000000000       5.014408577963660E-002
   8.65125000000000       4.982116026134290E-002
   8.66250000000000       4.913525858813876E-002
   8.67375000000000       4.807742370116430E-002
   8.68500000000000       4.665420687400222E-002
   8.69625000000000       4.488861195875991E-002
   8.70750000000000       4.281901618713595E-002
   8.71875000000000       4.049612896203190E-002
   8.73000000000000       3.797832557048795E-002
   8.74125000000000       3.532742990035749E-002
   8.75250000000000       3.260526456654626E-002
   8.76375000000000       2.987018908033640E-002
   8.77500000000000       2.717446012572159E-002
   8.78625000000000       2.456242566340731E-002
   8.79750000000000       2.206972929003348E-002
   8.80875000000000       1.972338168761610E-002
   8.82000000000000       1.754249709780210E-002
   8.83125000000000       1.553940089354997E-002
   8.84250000000000       1.372058699874004E-002
   8.85375000000000       1.208758518661742E-002
   8.86500000000000       1.063775979459641E-002
   8.87625000000000       9.365041801509204E-003
   8.88750000000000       8.260612119168498E-003
   8.89875000000000       7.313451722248405E-003
   8.91000000000000       6.510848491971679E-003
   8.92125000000000       5.838695667918828E-003
   8.93250000000000       5.282072709708570E-003
   8.94375000000000       4.826037422756712E-003
   8.95500000000000       4.456105029922786E-003
   8.96625000000000       4.158722137849243E-003
   8.97750000000000       3.921591689231974E-003
   8.98875000000000       3.734012885422750E-003
 ZONE T="Upper"
  0.000000000000000E+000  1.460056003457673E-002
  1.125000000000000E-002  1.459884172424834E-002
  2.250000000000000E-002  1.459668750167219E-002
  3.375000000000000E-002  1.459409998416387E-002
  4.500000000000000E-002  1.459108235218811E-002
  5.624999999999999E-002  1.458763783459761E-002
  6.750000000000000E-002  1.458377123015196E-002
  7.875000000000000E-002  1.457948701100207E-002
  9.000000000000000E-002  1.457479228858111E-002
  0.101250000000000       1.456969242159967E-002
  0.112500000000000       1.456419504353929E-002
  0.123750000000000       1.455830462855941E-002
  0.135000000000000       1.455202652911732E-002
  0.146250000000000       1.454536313194165E-002
  0.157500000000000       1.453831720361075E-002
  0.168750000000000       1.453089008388948E-002
  0.180000000000000       1.452308329560064E-002
  0.191250000000000       1.451489799063762E-002
  0.202500000000000       1.450633520563334E-002
  0.213750000000000       1.449739597171361E-002
  0.225000000000000       1.448808113744596E-002
  0.236250000000000       1.447839200941837E-002
  0.247500000000000       1.446832988677898E-002
  0.258750000000000       1.445789713698064E-002
  0.270000000000000       1.444709605920078E-002
  0.281250000000000       1.443593055598491E-002
  0.292500000000000       1.442440396569684E-002
  0.303750000000000       1.441252133647486E-002
  0.315000000000000       1.440028687761738E-002
  0.326250000000000       1.438770611113713E-002
  0.337500000000000       1.437478365909674E-002
  0.348750000000000       1.436152503477400E-002
  0.360000000000000       1.434793493367035E-002
  0.371250000000000       1.433401877353612E-002
  0.382500000000000       1.431978105599270E-002
  0.393750000000000       1.430522725642520E-002
  0.405000000000000       1.429036182739795E-002
  0.416250000000000       1.427519016515935E-002
  0.427500000000000       1.425971695169004E-002
  0.438750000000000       1.424394751288617E-002
  0.450000000000000       1.422788680523857E-002
  0.461250000000000       1.421154006228672E-002
  0.472500000000000       1.419491244392452E-002
  0.483750000000000       1.417800910001351E-002
  0.495000000000000       1.416083523868079E-002
  0.506250000000000       1.414339590307847E-002
  0.517500000000000       1.412569619840246E-002
  0.528750000000000       1.410774097924242E-002
  0.540000000000000       1.408953513437543E-002
  0.551250000000000       1.407108321127304E-002
  0.562500000000000       1.405238979652454E-002
  0.573750000000000       1.403345901380536E-002
  0.585000000000000       1.401429509398201E-002
  0.596250000000000       1.399490174128977E-002
  0.607500000000000       1.397528276506799E-002
  0.618750000000000       1.395544155819090E-002
  0.630000000000000       1.393538156463305E-002
  0.641250000000000       1.391510599692721E-002
  0.652500000000000       1.389461805681486E-002
  0.663750000000000       1.387392091559753E-002
  0.675000000000000       1.385301770456885E-002
  0.686250000000000       1.383191162869764E-002
  0.697500000000000       1.381060586950628E-002
  0.708750000000000       1.378910370654634E-002
  0.720000000000000       1.376740836079225E-002
  0.731250000000000       1.374552313258062E-002
  0.742500000000000       1.372345121103875E-002
  0.753750000000000       1.370119584725802E-002
  0.765000000000000       1.367876009628930E-002
  0.776250000000000       1.365614710085278E-002
  0.787500000000000       1.363335974763291E-002
  0.798750000000000       1.361040099723077E-002
  0.810000000000000       1.358727357549919E-002
  0.821250000000000       1.356398024502734E-002
  0.832500000000000       1.354052359307189E-002
  0.843750000000000       1.351690622081677E-002
  0.855000000000000       1.349313061959676E-002
  0.866250000000000       1.346919930761182E-002
  0.877500000000000       1.344511469291511E-002
  0.888750000000000       1.342087922891612E-002
  0.900000000000000       1.339649526461185E-002
  0.911250000000000       1.337196515023878E-002
  0.922500000000000       1.334729116598023E-002
  0.933750000000000       1.332247555157507E-002
  0.945000000000000       1.329752053032322E-002
  0.956250000000000       1.327242823193760E-002
  0.967500000000000       1.324720082382731E-002
  0.978750000000000       1.322184033633404E-002
  0.990000000000000       1.319634884189228E-002
   1.00125000000000       1.317072827477915E-002
   1.01250000000000       1.314498061385204E-002
   1.02375000000000       1.311910773800143E-002
   1.03500000000000       1.309311161056054E-002
   1.04625000000000       1.306699414503069E-002
   1.05750000000000       1.304075741313305E-002
   1.06875000000000       1.301440343846562E-002
   1.08000000000000       1.298793444676323E-002
   1.09125000000000       1.296135262494068E-002
   1.10250000000000       1.293466030601484E-002
   1.11375000000000       1.290785979538614E-002
   1.12500000000000       1.288095342525278E-002
   1.13625000000000       1.285394347968357E-002
   1.14750000000000       1.282683209053921E-002
   1.15875000000000       1.279962127372825E-002
   1.17000000000000       1.277231272259233E-002
   1.18125000000000       1.274490790652223E-002
   1.19250000000000       1.271740788732577E-002
   1.20375000000000       1.268981347878297E-002
   1.21500000000000       1.266212515800725E-002
   1.22625000000000       1.263434328391758E-002
   1.23750000000000       1.260646807536711E-002
   1.24875000000000       1.257849985379590E-002
   1.26000000000000       1.255043896275434E-002
   1.27125000000000       1.252228599572040E-002
   1.28250000000000       1.249404164928748E-002
   1.29375000000000       1.246570687338655E-002
   1.30500000000000       1.243728274069535E-002
   1.31625000000000       1.240877050921180E-002
   1.32750000000000       1.238017155025143E-002
   1.33875000000000       1.235148732261285E-002
   1.35000000000000       1.232271935398196E-002
   1.36125000000000       1.229386916026685E-002
   1.37250000000000       1.226493823563600E-002
   1.38375000000000       1.223592796620870E-002
   1.39500000000000       1.220683963243635E-002
   1.40625000000000       1.217767433630313E-002
   1.41750000000000       1.214843302629768E-002
   1.42875000000000       1.211911644480634E-002
   1.44000000000000       1.208972519384856E-002
   1.45125000000000       1.206025967120207E-002
   1.46250000000000       1.203072019051782E-002
   1.47375000000000       1.200110690905731E-002
   1.48500000000000       1.197141996424606E-002
   1.49625000000000       1.194165941927411E-002
   1.50750000000000       1.191182540105333E-002
   1.51875000000000       1.188191804621951E-002
   1.53000000000000       1.185193763907209E-002
   1.54125000000000       1.182188451706027E-002
   1.55250000000000       1.179175924257202E-002
   1.56375000000000       1.176156240745359E-002
   1.57500000000000       1.173129482307338E-002
   1.58625000000000       1.170095733081589E-002
   1.59750000000000       1.167055088083493E-002
   1.60875000000000       1.164007649440842E-002
   1.62000000000000       1.160953510716214E-002
   1.63125000000000       1.157892788198110E-002
   1.64250000000000       1.154825561032473E-002
   1.65375000000000       1.151751954547660E-002
   1.66500000000000       1.148672032955480E-002
   1.67625000000000       1.145585922486020E-002
   1.68750000000000       1.142493672273432E-002
   1.69875000000000       1.139395405502407E-002
   1.71000000000000       1.136291165603313E-002
   1.72125000000000       1.133181062402489E-002
   1.73250000000000       1.130065152480091E-002
   1.74375000000000       1.126943514559598E-002
   1.75500000000000       1.123816244436855E-002
   1.76625000000000       1.120683335249449E-002
   1.77750000000000       1.117544991409770E-002
   1.78875000000000       1.114401050622826E-002
   1.80000000000000       1.111251879608992E-002
   1.81125000000000       1.108097117601472E-002
   1.82250000000000       1.104937298750112E-002
   1.83375000000000       1.101771857722469E-002
   1.84500000000000       1.098601427654819E-002
   1.85625000000000       1.095425547065045E-002
   1.86750000000000       1.092244366074691E-002
   1.87875000000000       1.089058135478085E-002
   1.89000000000000       1.085865962441487E-002
   1.90125000000000       1.082669558122070E-002
   1.91250000000000       1.079466274172041E-002
   1.92375000000000       1.076259901070839E-002
   1.93500000000000       1.073046462634701E-002
   1.94625000000000       1.069830174065267E-002
   1.95750000000000       1.066607686323493E-002
   1.96875000000000       1.063382367685961E-002
   1.98000000000000       1.060152331430448E-002
   1.99125000000000       1.056919242921613E-002
   2.00250000000000       1.053682647758673E-002
   2.01375000000000       1.050442829563875E-002
   2.02500000000000       1.047200032742943E-002
   2.03625000000000       1.043953863282375E-002
   2.04750000000000       1.040704760257842E-002
   2.05875000000000       1.037452216911408E-002
   2.07000000000000       1.034196629124422E-002
   2.08125000000000       1.030937653408817E-002
   2.09250000000000       1.027675575977835E-002
   2.10375000000000       1.024410281355913E-002
   2.11500000000000       1.021141977383039E-002
   2.12625000000000       1.017870746524703E-002
   2.13750000000000       1.014596776290927E-002
   2.14875000000000       1.011320273636390E-002
   2.16000000000000       1.008041416302334E-002
   2.17125000000000       1.004760420659954E-002
   2.18250000000000       1.001477402550308E-002
   2.19375000000000       9.981924913975081E-003
   2.20500000000000       9.949057274422827E-003
   2.21625000000000       9.916171748772028E-003
   2.22750000000000       9.883268776447223E-003
   2.23875000000000       9.850349287186871E-003
   2.25000000000000       9.817414514064496E-003
   2.26125000000000       9.784466168776373E-003
   2.27250000000000       9.751506352527192E-003
   2.28375000000000       9.718537460915963E-003
   2.29500000000000       9.685562173633104E-003
   2.30625000000000       9.652583305141630E-003
   2.31750000000000       9.619603835712356E-003
   2.32875000000000       9.586626790934874E-003
   2.34000000000000       9.553655265992802E-003
   2.35125000000000       9.520692338144511E-003
   2.36250000000000       9.487741055860685E-003
   2.37375000000000       9.454804370054460E-003
   2.38500000000000       9.421885097538097E-003
   2.39625000000000       9.388985881728373E-003
   2.40750000000000       9.356109175894805E-003
   2.41875000000000       9.323257260199997E-003
   2.43000000000000       9.290432274646073E-003
   2.44125000000000       9.257636279845809E-003
   2.45250000000000       9.224871306975271E-003
   2.46375000000000       9.192139400676171E-003
   2.47500000000000       9.159442625231100E-003
   2.48625000000000       9.126783043667387E-003
   2.49750000000000       9.094162668235170E-003
   2.50875000000000       9.061583405164830E-003
   2.52000000000000       9.029047011955791E-003
   2.53125000000000       8.996555085355889E-003
   2.54250000000000       8.964109086448464E-003
   2.55375000000000       8.931710394437308E-003
   2.56500000000000       8.899360373658185E-003
   2.57625000000000       8.867060433320072E-003
   2.58750000000000       8.834812067276338E-003
   2.59875000000000       8.802616867138475E-003
   2.61000000000000       8.770476511971053E-003
   2.62125000000000       8.738392740949534E-003
   2.63250000000000       8.706367317357843E-003
   2.64375000000000       8.674401990343996E-003
   2.65500000000000       8.642498459193040E-003
   2.66625000000000       8.610658343881552E-003
   2.67750000000000       8.578883165751302E-003
   2.68875000000000       8.547174342449101E-003
   2.70000000000000       8.515533199994287E-003
   2.71125000000000       8.483961001884550E-003
   2.72250000000000       8.452458990883717E-003
   2.73375000000000       8.421028436017733E-003
   2.74500000000000       8.389670676135013E-003
   2.75625000000000       8.358387152967720E-003
   2.76750000000000       8.327179429610202E-003
   2.77875000000000       8.296049193676564E-003
   2.79000000000000       8.264998247106680E-003
   2.80125000000000       8.234028486270445E-003
   2.81250000000000       8.203141876878718E-003
   2.82375000000000       8.172340428205317E-003
   2.83500000000000       8.141626170785989E-003
   2.84625000000000       8.111001140642681E-003
   2.85750000000000       8.080467371242406E-003
   2.86875000000000       8.050026892303832E-003
   2.88000000000000       8.019681733309032E-003
   2.89125000000000       7.989433929981587E-003
   2.90250000000000       7.959285533482073E-003
   2.91375000000000       7.929238623449842E-003
   2.92500000000000       7.899295325645829E-003
   2.93625000000000       7.869457832871038E-003
   2.94750000000000       7.839728425114951E-003
   2.95875000000000       7.810109483465628E-003
   2.97000000000000       7.780603493250373E-003
   2.98125000000000       7.751213034680092E-003
   2.99250000000000       7.721940762532962E-003
   3.00375000000000       7.692789378054931E-003
   3.01500000000000       7.663761595768002E-003
   3.02625000000000       7.634860105762290E-003
   3.03750000000000       7.606087529777913E-003
   3.04875000000000       7.577446368903945E-003
   3.06000000000000       7.548938942666425E-003
   3.07125000000000       7.520567323448127E-003
   3.08250000000000       7.492333274530485E-003
   3.09375000000000       7.464238202598860E-003
   3.10500000000000       7.436283135016703E-003
   3.11625000000000       7.408468729934383E-003
   3.12750000000000       7.380795325610816E-003
   3.13875000000000       7.353263035108398E-003
   3.15000000000000       7.325871889496136E-003
   3.16125000000000       7.298622020419067E-003
   3.17250000000000       7.271513850275534E-003
   3.18375000000000       7.244548237305150E-003
   3.19500000000000       7.217726523347017E-003
   3.20625000000000       7.191050462559824E-003
   3.21750000000000       7.164522054904733E-003
   3.22875000000000       7.138143340798706E-003
   3.24000000000000       7.111916216564902E-003
   3.25125000000000       7.085842309781791E-003
   3.26250000000000       7.059922926284749E-003
   3.27375000000000       7.034159059373318E-003
   3.28500000000000       7.008551440905832E-003
   3.29625000000000       6.983100611994382E-003
   3.30750000000000       6.957806995337591E-003
   3.31875000000000       6.932670958568267E-003
   3.33000000000000       6.907692864919686E-003
   3.34125000000000       6.882873111872295E-003
   3.35250000000000       6.858212160775349E-003
   3.36375000000000       6.833710560850521E-003
   3.37500000000000       6.809368969010123E-003
   3.38625000000000       6.785188163725100E-003
   3.39750000000000       6.761169049427554E-003
   3.40875000000000       6.737312649354282E-003
   3.42000000000000       6.713620088125362E-003
   3.43125000000000       6.690092568742218E-003
   3.44250000000000       6.666731350727425E-003
   3.45375000000000       6.643537736598605E-003
   3.46500000000000       6.620513072798229E-003
   3.47625000000000       6.597658768065538E-003
   3.48750000000000       6.574976327026488E-003
   3.49875000000000       6.552467390442969E-003
   3.51000000000000       6.530133768530262E-003
   3.52125000000000       6.507977452734021E-003
   3.53250000000000       6.486000595362549E-003
   3.54375000000000       6.464205454687470E-003
   3.55500000000000       6.442594312557459E-003
   3.56625000000000       6.421169379242274E-003
   3.57750000000000       6.399932703579108E-003
   3.58875000000000       6.378886104188942E-003
   3.60000000000000       6.358031130240476E-003
   3.61125000000000       6.337369050922309E-003
   3.62250000000000       6.316900865597524E-003
   3.63375000000000       6.296627324708866E-003
   3.64500000000000       6.276548955067661E-003
   3.65625000000000       6.256666089538878E-003
   3.66750000000000       6.236978905945097E-003
   3.67875000000000       6.217487479864671E-003
   3.69000000000000       6.198191850553970E-003
   3.70125000000000       6.179092092115462E-003
   3.71250000000000       6.160188377747742E-003
   3.72375000000000       6.141481026058187E-003
   3.73500000000000       6.122970524083943E-003
   3.74625000000000       6.104657529301494E-003
   3.75750000000000       6.086542858846643E-003
   3.76875000000000       6.068627475459943E-003
   3.78000000000000       6.050912475105423E-003
   3.79125000000000       6.033399073656241E-003
   3.80250000000000       6.016088585524838E-003
   3.81375000000000       5.998982390284035E-003
   3.82500000000000       5.982081892341352E-003
   3.83625000000000       5.965388485252712E-003
   3.84750000000000       5.948903529538426E-003
   3.85875000000000       5.932628342601040E-003
   3.87000000000000       5.916564190010212E-003
   3.88125000000000       5.900712265473580E-003
   3.89250000000000       5.885073652328908E-003
   3.90375000000000       5.869649267753417E-003
   3.91500000000000       5.854439798310773E-003
   3.92625000000000       5.839445640502641E-003
   3.93750000000000       5.824666861770734E-003
   3.94875000000000       5.810103194592996E-003
   3.96000000000000       5.795754070281309E-003
   3.97125000000000       5.781618693193632E-003
   3.98250000000000       5.767696152036434E-003
   3.99375000000000       5.753985560408426E-003
   4.00500000000000       5.740486210151931E-003
   4.01625000000000       5.727197708164432E-003
   4.02750000000000       5.714120056651367E-003
   4.03875000000000       5.701253640588671E-003
   4.05000000000000       5.688599111887244E-003
   4.06125000000000       5.676157199122981E-003
   4.07250000000000       5.663928502876267E-003
   4.08375000000000       5.651913341317931E-003
   4.09500000000000       5.640111687467590E-003
   4.10625000000000       5.628523203728975E-003
   4.11750000000000       5.617147348643172E-003
   4.12875000000000       5.605983516258191E-003
   4.14000000000000       5.595031172015963E-003
   4.15125000000000       5.584289963628119E-003
   4.16250000000000       5.573759800721948E-003
   4.17375000000000       5.563440906936356E-003
   4.18500000000000       5.553333851621254E-003
   4.19625000000000       5.543439567008644E-003
   4.20750000000000       5.533759353814979E-003
   4.21875000000000       5.524294872451585E-003
   4.23000000000000       5.515048104287605E-003
   4.24125000000000       5.506021253966304E-003
   4.25250000000000       5.497216570950903E-003
   4.26375000000000       5.488636110117458E-003
   4.27500000000000       5.480281506513652E-003
   4.28625000000000       5.472153860945632E-003
   4.29750000000000       5.464253791828890E-003
   4.30875000000000       5.456581626538641E-003
   4.32000000000000       5.449137637946521E-003
   4.33125000000000       5.441922223092559E-003
   4.34250000000000       5.434935972442110E-003
   4.35375000000000       5.428179649824371E-003
   4.36500000000000       5.421654149302357E-003
   4.37625000000000       5.415360505203099E-003
   4.38750000000000       5.409300018481280E-003
   4.39875000000000       5.403474520918040E-003
   4.41000000000000       5.397886716907946E-003
   4.42125000000000       5.392540464215039E-003
   4.43250000000000       5.387440860296481E-003
   4.44375000000000       5.382594088521137E-003
   4.45500000000000       5.378007046808633E-003
   4.46625000000000       5.373686776128568E-003
   4.47750000000000       5.369639697333533E-003
   4.48875000000000       5.365870744086810E-003
   4.50000000000000       5.362382625696467E-003
   4.51125000000000       5.359175494120554E-003
   4.52250000000000       5.356247098001585E-003
   4.53375000000000       5.353593234441038E-003
   4.54500000000000       5.351208218272430E-003
   4.55625000000000       5.349085214941021E-003
   4.56750000000000       5.347216469262680E-003
   4.57875000000000       5.345593597670626E-003
   4.59000000000000       5.344208149094704E-003
   4.60125000000000       5.343052509856156E-003
   4.61250000000000       5.342120936757111E-003
   4.62375000000000       5.341410221055639E-003
   4.63500000000000       5.340919482714117E-003
   4.64625000000000       5.340649080474616E-003
   4.65750000000000       5.340599342721552E-003
   4.66875000000000       5.340770010845139E-003
   4.68000000000000       5.341160668231198E-003
   4.69125000000000       5.341771705936384E-003
   4.70250000000000       5.342605181204402E-003
   4.71375000000000       5.343665132464467E-003
   4.72500000000000       5.344957202400643E-003
   4.73625000000000       5.346487687758374E-003
   4.74750000000000       5.348262342123870E-003
   4.75875000000000       5.350285327507797E-003
   4.77000000000000       5.352558608247480E-003
   4.78125000000000       5.355081873771525E-003
   4.79250000000000       5.357852886538045E-003
   4.80375000000000       5.360868058816579E-003
   4.81500000000000       5.364123063152862E-003
   4.82625000000000       5.367613330023429E-003
   4.83750000000000       5.371334357152901E-003
   4.84875000000000       5.375281842758186E-003
   4.86000000000000       5.379451728894007E-003
   4.87125000000000       5.383840251593908E-003
   4.88250000000000       5.388444034048989E-003
   4.89375000000000       5.393260184462749E-003
   4.90500000000000       5.398286332946056E-003
   4.91625000000000       5.403520567389136E-003
   4.92750000000000       5.408961267811478E-003
   4.93875000000000       5.414606862924394E-003
   4.95000000000000       5.420455543363126E-003
   4.96125000000000       5.426504975574895E-003
   4.97250000000000       5.432752072591802E-003
   4.98375000000000       5.439192889330762E-003
   4.99500000000000       5.445822712697009E-003
   5.00625000000000       5.452636405441062E-003
   5.01750000000000       5.459629041757333E-003
   5.02875000000000       5.466796792098621E-003
   5.04000000000000       5.474137735918468E-003
   5.05125000000000       5.481651880492803E-003
   5.06250000000000       5.489339791531484E-003
   5.07375000000000       5.497200414447370E-003
   5.08500000000000       5.505229857285833E-003
   5.09625000000000       5.513422390079617E-003
   5.10750000000000       5.521773127029621E-003
   5.11875000000000       5.530280928226184E-003
   5.13000000000000       5.538950383815227E-003
   5.14125000000000       5.547792167005997E-003
   5.15250000000000       5.556821469929676E-003
   5.16375000000000       5.566055110685409E-003
   5.17500000000000       5.575508601301598E-003
   5.18625000000000       5.585194266152236E-003
   5.19750000000000       5.595120717904052E-003
   5.20875000000000       5.605293303812372E-003
   5.22000000000000       5.615714795821680E-003
   5.23125000000000       5.626385679063206E-003
   5.24250000000000       5.637303891852463E-003
   5.25375000000000       5.648464481159368E-003
   5.26500000000000       5.659859836958477E-003
   5.27625000000000       5.671480751226753E-003
   5.28750000000000       5.683317918549174E-003
   5.29875000000000       5.695363237580112E-003
   5.31000000000000       5.707610513319928E-003
   5.32125000000000       5.720055546122546E-003
   5.33250000000000       5.732695793076584E-003
   5.34375000000000       5.745529829513235E-003
   5.35500000000000       5.758556913966818E-003
   5.36625000000000       5.771777007544136E-003
   5.37750000000000       5.785191358408571E-003
   5.38875000000000       5.798803290884543E-003
   5.40000000000000       5.812618576297462E-003
   5.41125000000000       5.826644965275279E-003
   5.42250000000000       5.840890939901486E-003
   5.43375000000000       5.855364178518908E-003
   5.44500000000000       5.870070408913583E-003
   5.45625000000000       5.885013180007215E-003
   5.46750000000000       5.900194720061369E-003
   5.47875000000000       5.915617621000595E-003
   5.49000000000000       5.931286432321827E-003
   5.50125000000000       5.947207445713121E-003
   5.51250000000000       5.963385467143147E-003
   5.52375000000000       5.979819235386740E-003
   5.53500000000000       5.996499396172345E-003
   5.54625000000000       6.013410922828951E-003
   5.55750000000000       6.030537891850595E-003
   5.56875000000000       6.047867407710639E-003
   5.58000000000000       6.065391267229767E-003
   5.59125000000000       6.083105736032246E-003
   5.60250000000000       6.101010360267545E-003
   5.61375000000000       6.119106541397495E-003
   5.62500000000000       6.137396273081716E-003
   5.63625000000000       6.155881216152929E-003
   5.64750000000000       6.174562165619585E-003
   5.65875000000000       6.193438878563074E-003
   5.67000000000000       6.212510159817139E-003
   5.68125000000000       6.231774076213716E-003
   5.69250000000000       6.251228222152992E-003
   5.70375000000000       6.270870038527655E-003
   5.71500000000000       6.290697184309618E-003
   5.72625000000000       6.310707871695232E-003
   5.73750000000000       6.330901046859565E-003
   5.74875000000000       6.351276399630674E-003
   5.76000000000000       6.371834290191085E-003
   5.77125000000000       6.392575670979176E-003
   5.78250000000000       6.413502010188871E-003
   5.79375000000000       6.434615185407758E-003
   5.80500000000000       6.455917320680752E-003
   5.81625000000000       6.477410559377345E-003
   5.82750000000000       6.499096794528896E-003
   5.83875000000000       6.520977410266011E-003
   5.85000000000000       6.543053094886530E-003
   5.86125000000000       6.565323756149775E-003
   5.87250000000000       6.587788526805988E-003
   5.88375000000000       6.610445824986982E-003
   5.89500000000000       6.633293438500001E-003
   5.90625000000000       6.656328620410251E-003
   5.91750000000000       6.679548197326383E-003
   5.92875000000000       6.702948692186526E-003
   5.94000000000000       6.726526457408102E-003
   5.95125000000000       6.750277819111001E-003
   5.96250000000000       6.774199245021171E-003
   5.97375000000000       6.798287536610593E-003
   5.98500000000000       6.822540012038843E-003
   5.99625000000000       6.846954656513137E-003
   6.00750000000000       6.871530284553073E-003
   6.01875000000000       6.896266746916607E-003
   6.03000000000000       6.921165038144617E-003
   6.04125000000000       6.946227035201921E-003
   6.05250000000000       6.971454762688343E-003
   6.06375000000000       6.996849356121259E-003
   6.07500000000000       7.022410027464449E-003
   6.08625000000000       7.048133455999706E-003
   6.09750000000000       7.074014069391666E-003
   6.10875000000000       7.100045226919503E-003
   6.12000000000000       7.126220668794013E-003
   6.13125000000000       7.152535548846642E-003
   6.14250000000000       7.178986841183602E-003
   6.15375000000000       7.205573270358557E-003
   6.16500000000000       7.232295008609544E-003
   6.17625000000000       7.259153363251191E-003
   6.18750000000000       7.286150587457999E-003
   6.19875000000000       7.313289810091655E-003
   6.21000000000000       7.340574978087014E-003
   6.22125000000000       7.368010704409536E-003
   6.23250000000000       7.395601990495868E-003
   6.24375000000000       7.423353867008278E-003
   6.25500000000000       7.451271020818759E-003
   6.26625000000000       7.479357457652902E-003
   6.27750000000000       7.507616228325145E-003
   6.28875000000000       7.536049246401904E-003
   6.30000000000000       7.564657231947957E-003
   6.31125000000000       7.593439799572387E-003
   6.32250000000000       7.622395667013635E-003
   6.33375000000000       7.651522917425073E-003
   6.34500000000000       7.680819232849424E-003
   6.35625000000000       7.710282039658959E-003
   6.36750000000000       7.739908562191959E-003
   6.37875000000000       7.769695851292943E-003
   6.39000000000000       7.799640915676150E-003
   6.40125000000000       7.829741070983966E-003
   6.41250000000000       7.859994469146942E-003
   6.42375000000000       7.890400549228909E-003
   6.43500000000000       7.920960082659599E-003
   6.44625000000000       7.951674723209493E-003
   6.45750000000000       7.982546321090094E-003
   6.46875000000000       8.013576345392355E-003
   6.48000000000000       8.044765504090405E-003
   6.49125000000000       8.076113444788821E-003
   6.50250000000000       8.107618485693795E-003
   6.51375000000000       8.139277485136346E-003
   6.52500000000000       8.171086009519355E-003
   6.53625000000000       8.203038872982741E-003
   6.54750000000000       8.235130877749583E-003
   6.55875000000000       8.267357389993919E-003
   6.57000000000000       8.299714553157913E-003
   6.58125000000000       8.332199198073532E-003
   6.59250000000000       8.364808657225793E-003
   6.60375000000000       8.397540605480159E-003
   6.61500000000000       8.430393003033797E-003
   6.62625000000000       8.463364057340925E-003
   6.63750000000000       8.496452136660943E-003
   6.64875000000000       8.529655603686003E-003
   6.66000000000000       8.562972619936746E-003
   6.67125000000000       8.596401048842260E-003
   6.68250000000000       8.629938428652227E-003
   6.69375000000000       8.663582143985523E-003
   6.70500000000000       8.697329568224497E-003
   6.71625000000000       8.731178399627702E-003
   6.72750000000000       8.765126834407619E-003
   6.73875000000000       8.799173897838741E-003
   6.75000000000000       8.833319524480123E-003
   6.76125000000000       8.867564684245424E-003
   6.77250000000000       8.901911346632815E-003
   6.78375000000000       8.936362230397909E-003
   6.79500000000000       8.970920784023508E-003
   6.80625000000000       9.005590470764697E-003
   6.81750000000000       9.040375048779341E-003
   6.82875000000000       9.075277405580501E-003
   6.84000000000000       9.110300367424962E-003
   6.85125000000000       9.145445271184507E-003
   6.86250000000000       9.180713264558502E-003
   6.87375000000000       9.216104132684916E-003
   6.88500000000000       9.251617315627760E-003
   6.89625000000000       9.287251928512756E-003
   6.90750000000000       9.323005861294182E-003
   6.91875000000000       9.358878819444095E-003
   6.93000000000000       9.394867345828320E-003
   6.94125000000000       9.430973096244282E-003
   6.95250000000000       9.467191483068040E-003
   6.96375000000000       9.503526290039373E-003
   6.97500000000000       9.539971736630192E-003
   6.98625000000000       9.576531544328555E-003
   6.99750000000000       9.613200033739546E-003
   7.00875000000000       9.649976945103876E-003
   7.02000000000000       9.686861816922757E-003
   7.03125000000000       9.723845289645618E-003
   7.04250000000000       9.760939634716496E-003
   7.05375000000000       9.798120085713041E-003
   7.06500000000000       9.835417706398926E-003
   7.07625000000000       9.872790134567742E-003
   7.08750000000000       9.910277215756149E-003
   7.09875000000000       9.947838473778475E-003
   7.11000000000000       9.985504076276883E-003
   7.12125000000000       1.002324613674825E-002
   7.13250000000000       1.006107793300898E-002
   7.14375000000000       1.009898789416195E-002
   7.15500000000000       1.013697419998568E-002
   7.16625000000000       1.017503507246282E-002
   7.17750000000000       1.021316212023383E-002
   7.18875000000000       1.025135645832771E-002
   7.20000000000000       1.028960845989790E-002
   7.21125000000000       1.032791928122067E-002
   7.22250000000000       1.036628152100269E-002
   7.23375000000000       1.040469506698420E-002
   7.24500000000000       1.044315539138448E-002
   7.25625000000000       1.048166168634167E-002
   7.26750000000000       1.052021177381032E-002
   7.27875000000000       1.055880477520039E-002
   7.29000000000000       1.059743997594130E-002
   7.30125000000000       1.063611650815240E-002
   7.31250000000000       1.067483418983602E-002
   7.32375000000000       1.071359212432772E-002
   7.33500000000000       1.075239007880567E-002
   7.34625000000000       1.079122692275193E-002
   7.35750000000000       1.083010194577161E-002
   7.36875000000000       1.086901337375749E-002
   7.38000000000000       1.090795933098988E-002
   7.39125000000000       1.094693678178507E-002
   7.40250000000000       1.098594222781259E-002
   7.41375000000000       1.102497141964914E-002
   7.42500000000000       1.106401994558250E-002
   7.43625000000000       1.110308347021317E-002
   7.44750000000000       1.114215789117911E-002
   7.45875000000000       1.118123950304194E-002
   7.47000000000000       1.122032476308408E-002
   7.48125000000000       1.125941032394799E-002
   7.49250000000000       1.129849277764138E-002
   7.50375000000000       1.133756871575980E-002
   7.51500000000000       1.137663453941797E-002
   7.52625000000000       1.141568649081608E-002
   7.53750000000000       1.145472049089468E-002
   7.54875000000000       1.149373219467866E-002
   7.56000000000000       1.153271689273790E-002
   7.57125000000000       1.157166968282433E-002
   7.58250000000000       1.161058549561094E-002
   7.59375000000000       1.164945932380919E-002
   7.60500000000000       1.168828627560659E-002
   7.61625000000000       1.172706171023333E-002
   7.62750000000000       1.176578120588017E-002
   7.63875000000000       1.180444055486430E-002
   7.65000000000000       1.184303564002146E-002
   7.66125000000000       1.188156239089731E-002
   7.67250000000000       1.192001664469016E-002
   7.68375000000000       1.195839413624437E-002
   7.69500000000000       1.199669043700991E-002
   7.70625000000000       1.203490096262910E-002
   7.71750000000000       1.207302100657196E-002
   7.72875000000000       1.211104571748220E-002
   7.74000000000000       1.214897023869800E-002
   7.75125000000000       1.218678962106120E-002
   7.76250000000000       1.222449902799798E-002
   7.77375000000000       1.226209360386218E-002
   7.78500000000000       1.229956864253112E-002
   7.79625000000000       1.233691942340408E-002
   7.80750000000000       1.237414131645498E-002
   7.81875000000000       1.241122962266645E-002
   7.83000000000000       1.244817967976510E-002
   7.84125000000000       1.248498671416037E-002
   7.85250000000000       1.252164601840208E-002
   7.86375000000000       1.255815279046243E-002
   7.87500000000000       1.259450230422367E-002
   7.88625000000000       1.263068977483507E-002
   7.89750000000000       1.266671041920048E-002
   7.90875000000000       1.270255940004747E-002
   7.92000000000000       1.273823175504063E-002
   7.93125000000000       1.277372249237017E-002
   7.94250000000000       1.280902640323097E-002
   7.95375000000000       1.284413826596064E-002
   7.96500000000000       1.287905262520918E-002
   7.97625000000000       1.291376401372886E-002
   7.98750000000000       1.294826676580155E-002
   7.99875000000000       1.298255523667736E-002
   8.01000000000000       1.301662367929920E-002
   8.02125000000000       1.305046645163296E-002
   8.03250000000000       1.308407787848095E-002
   8.04375000000000       1.311745246723138E-002
   8.05500000000000       1.315058471784763E-002
   8.06625000000000       1.318346930310262E-002
   8.07750000000000       1.321610090281942E-002
   8.08875000000000       1.324847429865298E-002
   8.10000000000000       1.328058429034266E-002
   8.11125000000000       1.331242567703015E-002
   8.12250000000000       1.334399329369771E-002
   8.13375000000000       1.337528190405721E-002
   8.14500000000000       1.340628630888275E-002
   8.15625000000000       1.343700124474540E-002
   8.16750000000000       1.346742152158483E-002
   8.17875000000000       1.349754191618258E-002
   8.19000000000000       1.352735733524302E-002
   8.20125000000000       1.355686266971705E-002
   8.21250000000000       1.358605297703944E-002
   8.22375000000000       1.361492320645160E-002
   8.23500000000000       1.364346846757231E-002
   8.24625000000000       1.367168367113335E-002
   8.25750000000000       1.369956385216359E-002
   8.26875000000000       1.372710388068399E-002
   8.28000000000000       1.375429875567882E-002
   8.29125000000000       1.378114340802681E-002
   8.30250000000000       1.380763289407558E-002
   8.31375000000000       1.383376224930418E-002
   8.32500000000000       1.385952662801933E-002
   8.33625000000000       1.388492112661548E-002
   8.34750000000000       1.390994094928398E-002
   8.35875000000000       1.393458125671831E-002
   8.37000000000000       1.395883724553408E-002
   8.38125000000000       1.398270413997010E-002
   8.39250000000000       1.400617709891994E-002
   8.40375000000000       1.402925142286118E-002
   8.41500000000000       1.405192216607359E-002
   8.42625000000000       1.407418460868714E-002
   8.43750000000000       1.409603364896839E-002
   8.44875000000000       1.411746439481622E-002
   8.46000000000000       1.413847158745927E-002
   8.47125000000000       1.415905018343052E-002
   8.48250000000000       1.417919493264913E-002
   8.49375000000000       1.419890087826073E-002
   8.50500000000000       1.421816308229222E-002
   8.51625000000000       1.423697704869274E-002
   8.52750000000000       1.425533847227231E-002
   8.53875000000000       1.427324353366083E-002
   8.55000000000000       1.429068869865491E-002
   8.56125000000000       1.430767076359458E-002
   8.57250000000000       1.432418694054838E-002
   8.58375000000000       1.434023444433094E-002
   8.59500000000000       1.435581122303057E-002
   8.60625000000000       1.437091477997691E-002
   8.61750000000000       1.438554373215811E-002
   8.62875000000000       1.439969604859036E-002
   8.64000000000000       1.441337083124646E-002
   8.65125000000000       1.442656653454753E-002
   8.66250000000000       1.443928265140289E-002
   8.67375000000000       1.445151807679980E-002
   8.68500000000000       1.446327269670011E-002
   8.69625000000000       1.447454570740451E-002
   8.70750000000000       1.448533762602381E-002
   8.71875000000000       1.449564795840074E-002
   8.73000000000000       1.450547774006823E-002
   8.74125000000000       1.451482706489717E-002
   8.75250000000000       1.452369728404453E-002
   8.76375000000000       1.453208907224611E-002
   8.77500000000000       1.454000393587354E-002
   8.78625000000000       1.454744300241444E-002
   8.79750000000000       1.455440785386087E-002
   8.80875000000000       1.456089984470546E-002
   8.82000000000000       1.456692060840051E-002
   8.83125000000000       1.457247170319518E-002
   8.84250000000000       1.457755471827569E-002
   8.85375000000000       1.458217151966417E-002
   8.86500000000000       1.458632348168271E-002
   8.87625000000000       1.459001290007944E-002
   8.88750000000000       1.459324067873456E-002
   8.89875000000000       1.459600964900173E-002
   8.91000000000000       1.459832031757138E-002
   8.92125000000000       1.460017564750216E-002
   8.93250000000000       1.460157637035417E-002
   8.94375000000000       1.460252528154564E-002
   8.95500000000000       1.460302369736698E-002
   8.96625000000000       1.460307417991710E-002
   8.97750000000000       1.460267877885795E-002
   8.98875000000000       1.460183993577661E-002
