  VARIABLES =X,cp
  ZONE T="LOWER"
  0.000000000000000E+000 -0.408220908754444     
  1.125000000000000E-002 -0.402583534402645     
  2.250000000000000E-002 -0.397205363553844     
  3.375000000000000E-002 -0.392070988015846     
  4.500000000000000E-002 -0.387166698398048     
  5.624999999999999E-002 -0.382479747522048     
  6.750000000000000E-002 -0.377996863270646     
  7.875000000000000E-002 -0.373703180279243     
  9.000000000000000E-002 -0.369581139660447     
  0.101250000000000      -0.365609667457647     
  0.112500000000000      -0.361764343613245     
  0.123750000000000      -0.358017489588043     
  0.135000000000000      -0.354340378685848     
  0.146250000000000      -0.350705115610445     
  0.157500000000000      -0.347087397366046     
  0.168750000000000      -0.343468845740446     
  0.180000000000000      -0.339839078680846     
  0.191250000000000      -0.336197156593443     
  0.202500000000000      -0.332552009298446     
  0.213750000000000      -0.328922034088848     
  0.225000000000000      -0.325333317263443     
  0.236250000000000      -0.321817276526247     
  0.247500000000000      -0.318407955775243     
  0.258750000000000      -0.315139313349647     
  0.270000000000000      -0.312042242653042     
  0.281250000000000      -0.309141557921848     
  0.292500000000000      -0.306454184042046     
  0.303750000000000      -0.303988832411449     
  0.315000000000000      -0.301746712937643     
  0.326250000000000      -0.299722310446647     
  0.337500000000000      -0.297904567779447     
  0.348750000000000      -0.296279624482246     
  0.360000000000000      -0.294833839487048     
  0.371250000000000      -0.293554602019448     
  0.382500000000000      -0.292428786600645     
  0.393750000000000      -0.291442208816242     
  0.405000000000000      -0.290581078856043     
  0.416250000000000      -0.289833358930849     
  0.427500000000000      -0.289189219786849     
  0.438750000000000      -0.288640129509844     
  0.450000000000000      -0.288177556496649     
  0.461250000000000      -0.287792318169245     
  0.472500000000000      -0.287473764942845     
  0.483750000000000      -0.287208932789248     
  0.495000000000000      -0.286983440714643     
  0.506250000000000      -0.286783504609645     
  0.517500000000000      -0.286597822311442     
  0.528750000000000      -0.286419107521645     
  0.540000000000000      -0.286244764174846     
  0.551250000000000      -0.286076549726445     
  0.562500000000000      -0.285918235509044     
  0.573750000000000      -0.285771716062449     
  0.585000000000000      -0.285635382714247     
  0.596250000000000      -0.285506304755849     
  0.607500000000000      -0.285382942036847     
  0.618750000000000      -0.285265545021048     
  0.630000000000000      -0.285154818643448     
  0.641250000000000      -0.285050361277449     
  0.652500000000000      -0.284949981013042     
  0.663750000000000      -0.284851162987849     
  0.675000000000000      -0.284753632797845     
  0.686250000000000      -0.284659448949647     
  0.697500000000000      -0.284570968592043     
  0.708750000000000      -0.284489907856845     
  0.720000000000000      -0.284417375289848     
  0.731250000000000      -0.284353746007845     
  0.742500000000000      -0.284298573318644     
  0.753750000000000      -0.284250487194448     
  0.765000000000000      -0.284207365308845     
  0.776250000000000      -0.284166956508848     
  0.787500000000000      -0.284127417883646     
  0.798750000000000      -0.284087565601446     
  0.810000000000000      -0.284046958741243     
  0.821250000000000      -0.284005848823845     
  0.832500000000000      -0.283965039721643     
  0.843750000000000      -0.283925805541848     
  0.855000000000000      -0.283889677571644     
  0.866250000000000      -0.283857991742245     
  0.877500000000000      -0.283831249907244     
  0.888750000000000      -0.283808440895648     
  0.900000000000000      -0.283786993792248     
  0.911250000000000      -0.283763802307845     
  0.922500000000000      -0.283736489485243     
  0.933750000000000      -0.283704391128843     
  0.945000000000000      -0.283668903469042     
  0.956250000000000      -0.283632649651246     
  0.967500000000000      -0.283598068831644     
  0.978750000000000      -0.283566149700647     
  0.990000000000000      -0.283536306735243     
   1.00125000000000      -0.283507298374047     
   1.01250000000000      -0.283477920767048     
   1.02375000000000      -0.283447220943046     
   1.03500000000000      -0.283414500355647     
   1.04625000000000      -0.283379213629047     
   1.05750000000000      -0.283340729570249     
   1.06875000000000      -0.283298063221842     
   1.08000000000000      -0.283249903710647     
   1.09125000000000      -0.283195042778644     
   1.10250000000000      -0.283132821859049     
   1.11375000000000      -0.283063224427245     
   1.12500000000000      -0.282986591184446     
   1.13625000000000      -0.282903224115444     
   1.14750000000000      -0.282813174215249     
   1.15875000000000      -0.282716248247844     
   1.17000000000000      -0.282612149318247     
   1.18125000000000      -0.282500637856643     
   1.19250000000000      -0.282381630453649     
   1.20375000000000      -0.282255190469847     
   1.21500000000000      -0.282121425852047     
   1.22625000000000      -0.281980376129248     
   1.23750000000000      -0.281831956865446     
   1.24875000000000      -0.281676000824248     
   1.26000000000000      -0.281512394473047     
   1.27125000000000      -0.281341275411648     
   1.28250000000000      -0.281163211475047     
   1.29375000000000      -0.280979254176643     
   1.30500000000000      -0.280790897183444     
   1.31625000000000      -0.280599980729647     
   1.32750000000000      -0.280408592914448     
   1.33875000000000      -0.280218946926048     
   1.35000000000000      -0.280033178672049     
   1.36125000000000      -0.279853129979848     
   1.37250000000000      -0.279680222743245     
   1.38375000000000      -0.279515525871645     
   1.39500000000000      -0.279359951611248     
   1.40625000000000      -0.279214411078449     
   1.41750000000000      -0.279079801216042     
   1.42875000000000      -0.278956858501246     
   1.44000000000000      -0.278846141850444     
   1.45125000000000      -0.278748287669643     
   1.46250000000000      -0.278664264026844     
   1.47375000000000      -0.278595323034246     
   1.48500000000000      -0.278542739509447     
   1.49625000000000      -0.278507591014844     
   1.50750000000000      -0.278490604197245     
   1.51875000000000      -0.278491888914246     
   1.53000000000000      -0.278510603890645     
   1.54125000000000      -0.278544988207244     
   1.55250000000000      -0.278592923335843     
   1.56375000000000      -0.278652539125844     
   1.57500000000000      -0.278722449458648     
   1.58625000000000      -0.278801662178445     
   1.59750000000000      -0.278889370731044     
   1.60875000000000      -0.278984861838445     
   1.62000000000000      -0.279087468486246     
   1.63125000000000      -0.279196480498243     
   1.64250000000000      -0.279311027572248     
   1.65375000000000      -0.279430046518648     
   1.66500000000000      -0.279552445348649     
   1.67625000000000      -0.279677283673244     
   1.68750000000000      -0.279803947172645     
   1.69875000000000      -0.279932125922848     
   1.71000000000000      -0.280061794912243     
   1.72125000000000      -0.280193018901443     
   1.73250000000000      -0.280325933601645     
   1.74375000000000      -0.280460531093247     
   1.75500000000000      -0.280596652360849     
   1.76625000000000      -0.280733901791443     
   1.77750000000000      -0.280871839789647     
   1.78875000000000      -0.281010370196448     
   1.80000000000000      -0.281149736033242     
   1.81125000000000      -0.281291313932648     
   1.82250000000000      -0.281436667395646     
   1.83375000000000      -0.281588602757246     
   1.84500000000000      -0.281748982293443     
   1.85625000000000      -0.281919962091848     
   1.86750000000000      -0.282099947573045     
   1.87875000000000      -0.282284493059848     
   1.89000000000000      -0.282465884982649     
   1.90125000000000      -0.282633553850644     
   1.91250000000000      -0.282781157803647     
   1.92375000000000      -0.282902005754046     
   1.93500000000000      -0.283001318238846     
   1.94625000000000      -0.283077146388244     
   1.95750000000000      -0.283130864338247     
   1.96875000000000      -0.283162298220645     
   1.98000000000000      -0.283170649376444     
   1.99125000000000      -0.283155507129045     
   2.00250000000000      -0.283115790937643     
   2.01375000000000      -0.283051261799443     
   2.02500000000000      -0.282960803349248     
   2.03625000000000      -0.282843928664647     
   2.04750000000000      -0.282700014938449     
   2.05875000000000      -0.282529231787045     
   2.07000000000000      -0.282331728821447     
   2.08125000000000      -0.282108069487848     
   2.09250000000000      -0.281858716170646     
   2.10375000000000      -0.281583704114844     
   2.11500000000000      -0.281282516368243     
   2.12625000000000      -0.280954017934448     
   2.13750000000000      -0.280596572569642     
   2.14875000000000      -0.280208594283849     
   2.16000000000000      -0.279789136986246     
   2.17125000000000      -0.279337400434848     
   2.18250000000000      -0.278852246706649     
   2.19375000000000      -0.278332230803443     
   2.20500000000000      -0.277776186296848     
   2.21625000000000      -0.277183653593447     
   2.22750000000000      -0.276554978474643     
   2.23875000000000      -0.275891033344244     
   2.25000000000000      -0.275192787568848     
   2.26125000000000      -0.274461039114648     
   2.27250000000000      -0.273696270522443     
   2.28375000000000      -0.272898488432048     
   2.29500000000000      -0.272067197503048     
   2.30625000000000      -0.271201685603245     
   2.31750000000000      -0.270301286594844     
   2.32875000000000      -0.269365353691846     
   2.34000000000000      -0.268393251216047     
   2.35125000000000      -0.267384595664247     
   2.36250000000000      -0.266339390159843     
   2.37375000000000      -0.265258050443443     
   2.38500000000000      -0.264141374787847     
   2.39625000000000      -0.262990397397445     
   2.40750000000000      -0.261806222060443     
   2.41875000000000      -0.260589954159443     
   2.43000000000000      -0.259342911314448     
   2.44125000000000      -0.258066934123647     
   2.45250000000000      -0.256764207802249     
   2.46375000000000      -0.255436508984445     
   2.47500000000000      -0.254084782252043     
   2.48625000000000      -0.252709687694846     
   2.49750000000000      -0.251312226199843     
   2.50875000000000      -0.249893380416246     
   2.52000000000000      -0.248453409489244     
   2.53125000000000      -0.246991960160244     
   2.54250000000000      -0.245508640991446     
   2.55375000000000      -0.244003036745646     
   2.56500000000000      -0.242474332985047     
   2.57625000000000      -0.240921798511245     
   2.58750000000000      -0.239345354152647     
   2.59875000000000      -0.237745164757243     
   2.61000000000000      -0.236121449826044     
   2.62125000000000      -0.234474365428646     
   2.63250000000000      -0.232803610168247     
   2.64375000000000      -0.231108746552444     
   2.65500000000000      -0.229389884765645     
   2.66625000000000      -0.227647736309244     
   2.67750000000000      -0.225882959487045     
   2.68875000000000      -0.224095724356644     
   2.70000000000000      -0.222286090368243     
   2.71125000000000      -0.220454400713649     
   2.72250000000000      -0.218601342948048     
   2.73375000000000      -0.216727926075045     
   2.74500000000000      -0.214835335399442     
   2.75625000000000      -0.212924916021649     
   2.76750000000000      -0.210998514016048     
   2.77875000000000      -0.209058820528846     
   2.79000000000000      -0.207109613935643     
   2.80125000000000      -0.205156096279246     
   2.81250000000000      -0.203204123017443     
   2.82375000000000      -0.201257565539244     
   2.83500000000000      -0.199315900231248     
   2.84625000000000      -0.197377717517845     
   2.85750000000000      -0.195446640591044     
   2.86875000000000      -0.193527404029844     
   2.88000000000000      -0.191619283588842     
   2.89125000000000      -0.189717969175845     
   2.90250000000000      -0.187819078797645     
   2.91375000000000      -0.185919276663647     
   2.92500000000000      -0.184015591811644     
   2.93625000000000      -0.182104249608244     
   2.94750000000000      -0.180180994433243     
   2.95875000000000      -0.178242949334845     
   2.97000000000000      -0.176289557584447     
   2.98125000000000      -0.174320888946447     
   2.99250000000000      -0.172335510345448     
   3.00375000000000      -0.170330901686043     
   3.01500000000000      -0.168305822010645     
   3.02625000000000      -0.166261311129844     
   3.03750000000000      -0.164199106691242     
   3.04875000000000      -0.162120349143443     
   3.06000000000000      -0.160025930510244     
   3.07125000000000      -0.157917097675245     
   3.08250000000000      -0.155795795585846     
   3.09375000000000      -0.153664516660449     
   3.10500000000000      -0.151525898436049     
   3.11625000000000      -0.149382578472846     
   3.12750000000000      -0.147236903153846     
   3.13875000000000      -0.145090219526246     
   3.15000000000000      -0.142942236112049     
   3.16125000000000      -0.140791251030443     
   3.17250000000000      -0.138635306805043     
   3.18375000000000      -0.136473906874045     
   3.19500000000000      -0.134309088968244     
   3.20625000000000      -0.132143963450247     
   3.21750000000000      -0.129979775776846     
   3.22875000000000      -0.127814936419043     
   3.24000000000000      -0.125646585799245     
   3.25125000000000      -0.123472764827248     
   3.26250000000000      -0.121294024956846     
   3.27375000000000      -0.119113436037047     
   3.28500000000000      -0.116935115639443     
   3.29625000000000      -0.114763213543846     
   3.30750000000000      -0.112602416726247     
   3.31875000000000      -0.110458170469045     
   3.33000000000000      -0.108334641975247     
   3.34125000000000      -0.106232439297244     
   3.35250000000000      -0.104148090112247     
   3.36375000000000      -0.102075471301049     
   3.37500000000000      -0.100009056209849     
   3.38625000000000      -9.794602544704389E-002
   3.39750000000000      -9.588484443964518E-002
   3.40875000000000      -9.382247880004257E-002
   3.42000000000000      -9.175309730524361E-002
   3.43125000000000      -8.967031150184823E-002
   3.44250000000000      -8.757056503764460E-002
   3.45375000000000      -8.545443589084556E-002
   3.46500000000000      -8.332637955984268E-002
   3.47625000000000      -8.119189045244468E-002
   3.48750000000000      -7.905339650804422E-002
   3.49875000000000      -7.690966408224398E-002
   3.51000000000000      -7.475818114344435E-002
   3.52125000000000      -7.259715471484895E-002
   3.53250000000000      -7.042570451484664E-002
   3.54375000000000      -6.824417842784669E-002
   3.55500000000000      -6.605374800184904E-002
   3.56625000000000      -6.385546156524669E-002
   3.57750000000000      -6.165221628724282E-002
   3.58875000000000      -5.944867824404554E-002
   3.60000000000000      -5.724898335684259E-002
   3.61125000000000      -5.505517985384500E-002
   3.62250000000000      -5.286731520744326E-002
   3.63375000000000      -5.068481593804819E-002
   3.64500000000000      -4.850844762804485E-002
   3.65625000000000      -4.634062989844523E-002
   3.66750000000000      -4.418167990564825E-002
   3.67875000000000      -4.202677804904908E-002
   3.69000000000000      -3.986795701004553E-002
   3.70125000000000      -3.769856064564436E-002
   3.71250000000000      -3.551514715784521E-002
   3.72375000000000      -3.331690928884257E-002
   3.73500000000000      -3.110567923504703E-002
   3.74625000000000      -2.888588038764794E-002
   3.75750000000000      -2.666376758944722E-002
   3.76875000000000      -2.444643832724580E-002
   3.78000000000000      -2.223952219444669E-002
   3.79125000000000      -2.004422245984472E-002
   3.80250000000000      -1.785736153584594E-002
   3.81375000000000      -1.567483090124711E-002
   3.82500000000000      -1.349497492884666E-002
   3.83625000000000      -1.131942845344724E-002
   3.84750000000000      -9.151318097444516E-003
   3.85875000000000      -6.992806926646722E-003
   3.87000000000000      -4.843644048442286E-003
   3.88125000000000      -2.702145358448149E-003
   3.89250000000000      -5.674988644486234E-004
   3.90375000000000       1.559694013351987E-003
   3.91500000000000       3.679091859154937E-003
   3.92625000000000       5.792621102152395E-003
   3.93750000000000       7.904346530750672E-003
   3.94875000000000       1.001916394815083E-002
   3.96000000000000       1.214132815915292E-002
   3.97125000000000       1.427315067595458E-002
   3.98250000000000       1.641502605015432E-002
   3.99375000000000       1.856558332335112E-002
   4.00500000000000       2.072210550275599E-002
   4.01625000000000       2.287975451955759E-002
   4.02750000000000       2.502947057955396E-002
   4.03875000000000       2.716105090895127E-002
   4.05000000000000       2.926904506275463E-002
   4.06125000000000       3.135432096815549E-002
   4.07250000000000       3.342175889335408E-002
   4.08375000000000       3.547622896535074E-002
   4.09500000000000       3.751949553995360E-002
   4.10625000000000       3.955051398995124E-002
   4.11750000000000       4.156743392575635E-002
   4.12875000000000       4.356828882195174E-002
   4.14000000000000       4.555090291855635E-002
   4.15125000000000       4.751318323015141E-002
   4.16250000000000       4.945327158795720E-002
   4.17375000000000       5.136976300795482E-002
   4.18500000000000       5.326319585915229E-002
   4.19625000000000       5.513723333315568E-002
   4.20750000000000       5.699779221595236E-002
   4.21875000000000       5.885099029775631E-002
   4.23000000000000       6.070170433275734E-002
   4.24125000000000       6.255245070495619E-002
   4.25250000000000       6.440258533435639E-002
   4.26375000000000       6.624992308055511E-002
   4.27500000000000       6.809225926695461E-002
   4.28625000000000       6.992712290675485E-002
   4.29750000000000       7.175177732255378E-002
   4.30875000000000       7.356391157095743E-002
   4.32000000000000       7.536207908435699E-002
   4.33125000000000       7.714560439815443E-002
   4.34250000000000       7.891476176775569E-002
   4.35375000000000       8.067126813475767E-002
   4.36500000000000       8.241733677195384E-002
   4.37625000000000       8.415395418395377E-002
   4.38750000000000       8.588113058955571E-002
   4.39875000000000       8.759882012555664E-002
   4.41000000000000       8.930663595295130E-002
   4.42125000000000       9.100333046415443E-002
   4.43250000000000       9.268674514995467E-002
   4.44375000000000       9.435386054615691E-002
   4.45500000000000       9.600181727255119E-002
   4.46625000000000       9.763001981295361E-002
   4.47750000000000       9.924109179055307E-002
   4.48875000000000       0.100839566892354     
   4.50000000000000       0.102429794495357     
   4.51125000000000       0.104014883208151     
   4.52250000000000       0.105596621946155     
   4.53375000000000       0.107175775275152     
   4.54500000000000       0.108752377784555     
   4.55625000000000       0.110325619262952     
   4.56750000000000       0.111893128100157     
   4.57875000000000       0.113450254655753     
   4.59000000000000       0.114990633674154     
   4.60125000000000       0.116507710715752     
   4.61250000000000       0.117995582156752     
   4.62375000000000       0.119449418675352     
   4.63500000000000       0.120867206947757     
   4.64625000000000       0.122251136668751     
   4.65750000000000       0.123606831110756     
   4.66875000000000       0.124941713385155     
   4.68000000000000       0.126263639402552     
   4.69125000000000       0.127579838061152     
   4.70250000000000       0.128896362678354     
   4.71375000000000       0.130217232876355     
   4.72500000000000       0.131542815722156     
   4.73625000000000       0.132870694775953     
   4.74750000000000       0.134199236378954     
   4.75875000000000       0.135529290331554     
   4.77000000000000       0.136863287514352     
   4.78125000000000       0.138203505132154     
   4.79250000000000       0.139550284456355     
   4.80375000000000       0.140900878249155     
   4.81500000000000       0.142249615510558     
   4.82625000000000       0.143589793230952     
   4.83750000000000       0.144916495783157     
   4.84875000000000       0.146228003668355     
   4.86000000000000       0.147525517794556     
   4.87125000000000       0.148812382987956     
   4.88250000000000       0.150093339327952     
   4.89375000000000       0.151373588885157     
   4.90500000000000       0.152657534906957     
   4.91625000000000       0.153947652775152     
   4.92750000000000       0.155243805224153     
   4.93875000000000       0.156542698657354     
   4.95000000000000       0.157838961592553     
   4.96125000000000       0.159129132470554     
   4.97250000000000       0.160414946568757     
   4.98375000000000       0.161702237117154     
   4.99500000000000       0.162997043007557     
   5.00625000000000       0.164302721912151     
   5.01750000000000       0.165619115951557     
   5.02875000000000       0.166943104860756     
   5.04000000000000       0.168269859536153     
   5.05125000000000       0.169594396178951     
   5.06250000000000       0.170913048024751     
   5.07375000000000       0.172223998047954     
   5.08500000000000       0.173526715948952     
   5.09625000000000       0.174821673873154     
   5.10750000000000       0.176111159367956     
   5.11875000000000       0.177399444707156     
   5.13000000000000       0.178690691051557     
   5.14125000000000       0.179985879570353     
   5.15250000000000       0.181281414014151     
   5.16375000000000       0.182570861785756     
   5.17500000000000       0.183848415395751     
   5.18625000000000       0.185111404530353     
   5.19750000000000       0.186360387218357     
   5.20875000000000       0.187597274453758     
   5.22000000000000       0.188823142780358     
   5.23125000000000       0.190037194873156     
   5.24250000000000       0.191237257080758     
   5.25375000000000       0.192421099972954     
   5.26500000000000       0.193587287014154     
   5.27625000000000       0.194734807615752     
   5.28750000000000       0.195862919099952     
   5.29875000000000       0.196971916963157     
   5.31000000000000       0.198063668794752     
   5.32125000000000       0.199141325743554     
   5.33250000000000       0.200209449812554     
   5.34375000000000       0.201274549791755     
   5.35500000000000       0.202343315807553     
   5.36625000000000       0.203419950069154     
   5.37750000000000       0.204507113860551     
   5.38875000000000       0.205607851343551     
   5.40000000000000       0.206724374310951     
   5.41125000000000       0.207855971933157     
   5.42250000000000       0.208999212881153     
   5.43375000000000       0.210149151925954     
   5.44500000000000       0.211300149037953     
   5.45625000000000       0.212446884488557     
   5.46750000000000       0.213585402710954     
   5.47875000000000       0.214713738070351     
   5.49000000000000       0.215831955013755     
   5.50125000000000       0.216941472914755     
   5.51250000000000       0.218044064235954     
   5.52375000000000       0.219140900102751     
   5.53500000000000       0.220232029208354     
   5.54625000000000       0.221316949992755     
   5.55750000000000       0.222395820989355     
   5.56875000000000       0.223469919555555     
   5.58000000000000       0.224541488043151     
   5.59125000000000       0.225613053463157     
   5.60250000000000       0.226685970353351     
   5.61375000000000       0.227759114294955     
   5.62500000000000       0.228829422741356     
   5.63625000000000       0.229894240918554     
   5.64750000000000       0.230952811914754     
   5.65875000000000       0.232005530952151     
   5.67000000000000       0.233052597257156     
   5.68125000000000       0.234093857931953     
   5.69250000000000       0.235129735730752     
   5.70375000000000       0.236162149482155     
   5.71500000000000       0.237194198682154     
   5.72625000000000       0.238228464362152     
   5.73750000000000       0.239265832826952     
   5.74875000000000       0.240305650421554     
   5.76000000000000       0.241346188910356     
   5.77125000000000       0.242384886846153     
   5.78250000000000       0.243418240607355     
   5.79375000000000       0.244442068331956     
   5.80500000000000       0.245452948203955     
   5.81625000000000       0.246449677505154     
   5.82750000000000       0.247433268106555     
   5.83875000000000       0.248405441781955     
   5.85000000000000       0.249367030835558     
   5.86125000000000       0.250318286576757     
   5.87250000000000       0.251259829520755     
   5.88375000000000       0.252192652356356     
   5.89500000000000       0.253117706984952     
   5.90625000000000       0.254035599615356     
   5.91750000000000       0.254946386661551     
   5.92875000000000       0.255849894672956     
   5.94000000000000       0.256746060416951     
   5.95125000000000       0.257634463912154     
   5.96250000000000       0.258514465411352     
   5.97375000000000       0.259385760288154     
   5.98500000000000       0.260248809182151     
   5.99625000000000       0.261105725984358     
   6.00750000000000       0.261960043659357     
   6.01875000000000       0.262814447267353     
   6.03000000000000       0.263669393026952     
   6.04125000000000       0.264524305014753     
   6.05250000000000       0.265378746905753     
   6.06375000000000       0.266232587018756     
   6.07500000000000       0.267085964496353     
   6.08625000000000       0.267939271637758     
   6.09750000000000       0.268793078622153     
   6.10875000000000       0.269647895823354     
   6.12000000000000       0.270503652243754     
   6.13125000000000       0.271359473222155     
   6.14250000000000       0.272213890645354     
   6.15375000000000       0.273065074708953     
   6.16500000000000       0.273911260241356     
   6.17625000000000       0.274751582504351     
   6.18750000000000       0.275586756680951     
   6.19875000000000       0.276418998258954     
   6.21000000000000       0.277251013053153     
   6.22125000000000       0.278084382751551     
   6.23250000000000       0.278918709693357     
   6.24375000000000       0.279752178489552     
   6.25500000000000       0.280582571064556     
   6.26625000000000       0.281408068358154     
   6.27750000000000       0.282227964900557     
   6.28875000000000       0.283043099222752     
   6.30000000000000       0.283855498767956     
   6.31125000000000       0.284667435143156     
   6.32250000000000       0.285480824853558     
   6.33375000000000       0.286297226611552     
   6.34500000000000       0.287117694405957     
   6.35625000000000       0.287942455085556     
   6.36750000000000       0.288771193116553     
   6.37875000000000       0.289603776623153     
   6.39000000000000       0.290440489076154     
   6.40125000000000       0.291281566181155     
   6.41250000000000       0.292126704566556     
   6.42375000000000       0.292975213145752     
   6.43500000000000       0.293826624314754     
   6.44625000000000       0.294681039245553     
   6.45750000000000       0.295538924562756     
   6.46875000000000       0.296400728759757     
   6.48000000000000       0.297266717141355     
   6.49125000000000       0.298136936387955     
   6.50250000000000       0.299011045623551     
   6.51375000000000       0.299888155239557     
   6.52500000000000       0.300767037370555     
   6.53625000000000       0.301646628130555     
   6.54750000000000       0.302526298504553     
   6.55875000000000       0.303405713890555     
   6.57000000000000       0.304284680067155     
   6.58125000000000       0.305163245349355     
   6.59250000000000       0.306041891403353     
   6.60375000000000       0.306921624499957     
   6.61500000000000       0.307803928496952     
   6.62625000000000       0.308690489325954     
   6.63750000000000       0.309582655574751     
   6.64875000000000       0.310480886160555     
   6.66000000000000       0.311384608770751     
   6.67125000000000       0.312292776698158     
   6.68250000000000       0.313204765980153     
   6.69375000000000       0.314120671251551     
   6.70500000000000       0.315040623010354     
   6.71625000000000       0.315964023480156     
   6.72750000000000       0.316889715104153     
   6.73875000000000       0.317816914830757     
   6.75000000000000       0.318745928212351     
   6.76125000000000       0.319677934587155     
   6.77250000000000       0.320614251676751     
   6.78375000000000       0.321555923387955     
   6.79500000000000       0.322503987321355     
   6.80625000000000       0.323459760053957     
   6.81750000000000       0.324424620137954     
   6.82875000000000       0.325399303370958     
   6.84000000000000       0.326383451300352     
   6.85125000000000       0.327375826488357     
   6.86250000000000       0.328375003761757     
   6.87375000000000       0.329380228384551     
   6.88500000000000       0.330391076305752     
   6.89625000000000       0.331406511044953     
   6.90750000000000       0.332425100329758     
   6.91875000000000       0.333445957949955     
   6.93000000000000       0.334468963220758     
   6.94125000000000       0.335495300437557     
   6.95250000000000       0.336527258752355     
   6.96375000000000       0.337567935124554     
   6.97500000000000       0.338619676279954     
   6.98625000000000       0.339683674958955     
   6.99750000000000       0.340759706864553     
   7.00875000000000       0.341847496303551     
   7.02000000000000       0.342947473870957     
   7.03125000000000       0.344060490330754     
   7.04250000000000       0.345188400010151     
   7.05375000000000       0.346331399793357     
   7.06500000000000       0.347491555898152     
   7.07625000000000       0.348669070460154     
   7.08750000000000       0.349866411137555     
   7.09875000000000       0.351081500428357     
   7.11000000000000       0.352304856096751     
   7.12125000000000       0.353527178304951     
   7.13250000000000       0.354741284437551     
   7.14375000000000       0.355945921630152     
   7.15500000000000       0.357143973295152     
   7.16625000000000       0.358340467675156     
   7.17750000000000       0.359540348383554     
   7.18875000000000       0.360747435591755     
   7.20000000000000       0.361965070802356     
   7.21125000000000       0.363194765889155     
   7.22250000000000       0.364436554497551     
   7.23375000000000       0.365688768075152     
   7.24500000000000       0.366949108282355     
   7.25625000000000       0.368215231656755     
   7.26750000000000       0.369485246770552     
   7.27875000000000       0.370758065044555     
   7.29000000000000       0.372033518938551     
   7.30125000000000       0.373312196319752     
   7.31250000000000       0.374594419734358     
   7.32375000000000       0.375878984629956     
   7.33500000000000       0.377163715757554     
   7.34625000000000       0.378447601327956     
   7.35750000000000       0.379731143310153     
   7.36875000000000       0.381015064428553     
   7.38000000000000       0.382298941675153     
   7.39125000000000       0.383580438600355     
   7.40250000000000       0.384855567419557     
   7.41375000000000       0.386119916881952     
   7.42500000000000       0.387369688070955     
   7.43625000000000       0.388601151012956     
   7.44750000000000       0.389809158056956     
   7.45875000000000       0.390986122516757     
   7.47000000000000       0.392122367348556     
   7.48125000000000       0.393208514250354     
   7.49250000000000       0.394238759524953     
   7.50375000000000       0.395211826223353     
   7.51500000000000       0.396128776277756     
   7.52625000000000       0.396990945437352     
   7.53750000000000       0.397799244288557     
   7.54875000000000       0.398553591531751     
   7.56000000000000       0.399252785600154     
   7.57125000000000       0.399895333726953     
   7.58250000000000       0.400480727236356     
   7.59375000000000       0.401009701092754     
   7.60500000000000       0.401483120395554     
   7.61625000000000       0.401901310584357     
   7.62750000000000       0.402264654300353     
   7.63875000000000       0.402574634605152     
   7.65000000000000       0.402834221835356     
   7.66125000000000       0.403046963778351     
   7.67250000000000       0.403215594530955     
   7.68375000000000       0.403340451291953     
   7.69500000000000       0.403418648071558     
   7.70625000000000       0.403445748424957     
   7.71750000000000       0.403418116062355     
   7.72875000000000       0.403332355642156     
   7.74000000000000       0.403183242254954     
   7.75125000000000       0.402964414530551     
   7.76250000000000       0.402670881518752     
   7.77375000000000       0.402301041488151     
   7.78500000000000       0.401857100863957     
   7.79625000000000       0.401342650118757     
   7.80750000000000       0.400760083172756     
   7.81875000000000       0.400110466385151     
   7.83000000000000       0.399394206858751     
   7.84125000000000       0.398610722614954     
   7.85250000000000       0.397758209375752     
   7.86375000000000       0.396834431167555     
   7.87500000000000       0.395837179341555     
   7.88625000000000       0.394764264733553     
   7.89750000000000       0.393613453781356     
   7.90875000000000       0.392382599759557     
   7.92000000000000       0.391070078482151     
   7.93125000000000       0.389675333901558     
   7.94250000000000       0.388198623527153     
   7.95375000000000       0.386637543920557     
   7.96500000000000       0.384983851406957     
   7.97625000000000       0.383226386950554     
   7.98750000000000       0.381356177778756     
   7.99875000000000       0.379367908142953     
   8.01000000000000       0.377258231511952     
   8.02125000000000       0.375023697701351     
   8.03250000000000       0.372660258867356     
   8.04375000000000       0.370163720304951     
   8.05500000000000       0.367529583856751     
   8.06625000000000       0.364752422732757     
   8.07750000000000       0.361825896501152     
   8.08875000000000       0.358743384816755     
   8.10000000000000       0.355498198063756     
   8.11125000000000       0.352083317063155     
   8.12250000000000       0.348489578231955     
   8.13375000000000       0.344702770238754     
   8.14500000000000       0.340703550715155     
   8.15625000000000       0.336470346935151     
   8.16750000000000       0.331982381395157     
   8.17875000000000       0.327221715305555     
   8.19000000000000       0.322172069704955     
   8.20125000000000       0.316815080225751     
   8.21250000000000       0.311128950451554     
   8.22375000000000       0.305089419991752     
   8.23500000000000       0.298670657856157     
   8.24625000000000       0.291846539005157     
   8.25750000000000       0.284591025257356     
   8.26875000000000       0.276877219790151     
   8.28000000000000       0.268676110764154     
   8.29125000000000       0.259956031150956     
   8.30250000000000       0.250683190452555     
   8.31375000000000       0.240822215473955     
   8.32500000000000       0.230336075390554     
   8.33625000000000       0.219185856146154     
   8.34750000000000       0.207329831098157     
   8.35875000000000       0.194722283552551     
   8.37000000000000       0.181313934809957     
   8.38125000000000       0.167053976923953     
   8.39250000000000       0.151891009421355     
   8.40375000000000       0.135772843848557     
   8.41500000000000       0.118647029304952     
   8.42625000000000       0.100462601425555     
   8.43750000000000       8.117325567315703E-002
   8.44875000000000       6.073904048395207E-002
   8.46000000000000       3.912708535335696E-002
   8.47125000000000       1.631178042775616E-002
   8.48250000000000      -7.724358164644229E-003
   8.49375000000000      -3.298883046504386E-002
   8.50500000000000      -5.947589554984489E-002
   8.51625000000000      -8.716332922564618E-002
   8.52750000000000      -0.116009008284045     
   8.53875000000000      -0.145947325043444     
   8.55000000000000      -0.176884071308443     
   8.56125000000000      -0.208690130875247     
   8.57250000000000      -0.241194633654644     
   8.58375000000000      -0.274177347477448     
   8.59500000000000      -0.307363302043647     
   8.60625000000000      -0.340418184383246     
   8.61750000000000      -0.372951080150045     
   8.62875000000000      -0.404521793469044     
   8.64000000000000      -0.434659532816447     
   8.65125000000000      -0.462884848567647     
   8.66250000000000      -0.488735541824248     
   8.67375000000000      -0.511796538899247     
   8.68500000000000      -0.531729045107049     
   8.69625000000000      -0.548295862568843     
   8.70750000000000      -0.561378617987245     
   8.71875000000000      -0.570981752063844     
   8.73000000000000      -0.577226104603845     
   8.74125000000000      -0.580328866947049     
   8.75250000000000      -0.580583784335445     
   8.76375000000000      -0.578335751501044     
   8.77500000000000      -0.573957151055247     
   8.78625000000000      -0.567825624250645     
   8.79750000000000      -0.560306021658846     
   8.80875000000000      -0.551737319804644     
   8.82000000000000      -0.542423969913045     
   8.83125000000000      -0.532631791412243     
   8.84250000000000      -0.522586775453647     
   8.85375000000000      -0.512475669141246     
   8.86500000000000      -0.502448130382042     
   8.87625000000000      -0.492619778642847     
   8.88750000000000      -0.483075819433047     
   8.89875000000000      -0.473875370279444     
   8.91000000000000      -0.465055074370248     
   8.92125000000000      -0.456633946662649     
   8.93250000000000      -0.448615916699843     
   8.94375000000000      -0.440994575858447     
   8.95500000000000      -0.433755828801047     
   8.96625000000000      -0.426880859673645     
   8.97750000000000      -0.420348300308248     
   8.98875000000000      -0.414135610591046     
   9.00000000000000      -0.408220908754444     
   ZONE T="UPPER"
  0.000000000000000E+000 -5.205513563148401E-002
  1.125000000000000E-002 -5.333989482248569E-002
  2.250000000000000E-002 -5.461815571808160E-002
  3.375000000000000E-002 -5.588978564588842E-002
  4.500000000000000E-002 -5.715465700008338E-002
  5.624999999999999E-002 -5.841264832288573E-002
  6.750000000000000E-002 -5.966362497148481E-002
  7.875000000000000E-002 -6.090748168628579E-002
  9.000000000000000E-002 -6.214407640508313E-002
  0.101250000000000      -6.337332267548845E-002
  0.112500000000000      -6.459511336388601E-002
  0.123750000000000      -6.580933641048858E-002
  0.135000000000000      -6.701593078968671E-002
  0.146250000000000      -6.821479825388366E-002
  0.157500000000000      -6.940587082528538E-002
  0.168750000000000      -7.058906684888200E-002
  0.180000000000000      -7.176431072448253E-002
  0.191250000000000      -7.293152790888513E-002
  0.202500000000000      -7.409063875028465E-002
  0.213750000000000      -7.524157251288699E-002
  0.225000000000000      -7.638424891468532E-002
  0.236250000000000      -7.751859489968638E-002
  0.247500000000000      -7.864453502968161E-002
  0.258750000000000      -7.976199167008247E-002
  0.270000000000000      -8.087089852188711E-002
  0.281250000000000      -8.197117256048614E-002
  0.292500000000000      -8.306275761228221E-002
  0.303750000000000      -8.414558480228607E-002
  0.315000000000000      -8.521957991848694E-002
  0.326250000000000      -8.628469806688344E-002
  0.337500000000000      -8.734087246308775E-002
  0.348750000000000      -8.838805207308553E-002
  0.360000000000000      -8.942618583268569E-002
  0.371250000000000      -9.045521574488191E-002
  0.382500000000000      -9.147510470068454E-002
  0.393750000000000      -9.248579338608209E-002
  0.405000000000000      -9.348723726548513E-002
  0.416250000000000      -9.447939988468335E-002
  0.427500000000000      -9.546222960808848E-002
  0.438750000000000      -9.643569272048325E-002
  0.450000000000000      -9.739974814588237E-002
  0.461250000000000      -9.835436232888384E-002
  0.472500000000000      -9.929950257788533E-002
  0.483750000000000      -0.100235138518485     
  0.495000000000000      -0.101161243871083     
  0.506250000000000      -0.102077792098882     
  0.517500000000000      -0.102984762458284     
  0.528750000000000      -0.103882133434283     
  0.540000000000000      -0.104769886981884     
  0.551250000000000      -0.105648007245286     
  0.562500000000000      -0.106516477179483     
  0.573750000000000      -0.107375286079886     
  0.585000000000000      -0.108224417625088     
  0.596250000000000      -0.109063859813688     
  0.607500000000000      -0.109893602940488     
  0.618750000000000      -0.110713631826684     
  0.630000000000000      -0.111523936928087     
  0.641250000000000      -0.112324505183686     
  0.652500000000000      -0.113115326304083     
  0.663750000000000      -0.113896388934684     
  0.675000000000000      -0.114667683523884     
  0.686250000000000      -0.115429201731288     
  0.697500000000000      -0.116180934522284     
  0.708750000000000      -0.116922877093089     
  0.720000000000000      -0.117655023861282     
  0.731250000000000      -0.118377371488684     
  0.742500000000000      -0.119089918219288     
  0.753750000000000      -0.119792661822487     
  0.765000000000000      -0.120485604167683     
  0.776250000000000      -0.121168744124283     
  0.787500000000000      -0.121842083888282     
  0.798750000000000      -0.122505627651883     
  0.810000000000000      -0.123159376784287     
  0.821250000000000      -0.123803337125082     
  0.832500000000000      -0.124437513398085     
  0.843750000000000      -0.125061912105487     
  0.855000000000000      -0.125676541345882     
  0.866250000000000      -0.126281408781686     
  0.877500000000000      -0.126876525735483     
  0.888750000000000      -0.127461902998483     
  0.900000000000000      -0.128037552880684     
  0.911250000000000      -0.128603489761083     
  0.922500000000000      -0.129159727657687     
  0.933750000000000      -0.129706282497082     
  0.945000000000000      -0.130243169385082     
  0.956250000000000      -0.130770405562686     
  0.967500000000000      -0.131288006673685     
  0.978750000000000      -0.131795989996085     
  0.990000000000000      -0.132294374253888     
   1.00125000000000      -0.132783176182286     
   1.01250000000000      -0.133262415229083     
   1.02375000000000      -0.133732109835087     
   1.03500000000000      -0.134192278224283     
   1.04625000000000      -0.134642939472883     
   1.05750000000000      -0.135084109355482     
   1.06875000000000      -0.135515806032885     
   1.08000000000000      -0.135938044935287     
   1.09125000000000      -0.136350840194083     
   1.10250000000000      -0.136754207651087     
   1.11375000000000      -0.137148160693684     
   1.12500000000000      -0.137532714570483     
   1.13625000000000      -0.137907883343686     
   1.14750000000000      -0.138273683361483     
   1.15875000000000      -0.138630129986282     
   1.17000000000000      -0.138977240274286     
   1.18125000000000      -0.139315032874087     
   1.19250000000000      -0.139643524462684     
   1.20375000000000      -0.139962734035684     
   1.21500000000000      -0.140272679232282     
   1.22625000000000      -0.140573377485282     
   1.23750000000000      -0.140864846630485     
   1.24875000000000      -0.141147102204286     
   1.26000000000000      -0.141420161852487     
   1.27125000000000      -0.141684041641284     
   1.28250000000000      -0.141938757160084     
   1.29375000000000      -0.142184325962688     
   1.30500000000000      -0.142420764022283     
   1.31625000000000      -0.142648088734688     
   1.32750000000000      -0.142866316975287     
   1.33875000000000      -0.143075466528686     
   1.35000000000000      -0.143275555334284     
   1.36125000000000      -0.143466602030884     
   1.37250000000000      -0.143648626942486     
   1.38375000000000      -0.143821650500684     
   1.39500000000000      -0.143985695471486     
   1.40625000000000      -0.144140785754885     
   1.41750000000000      -0.144286947003089     
   1.42875000000000      -0.144424206966285     
   1.44000000000000      -0.144552594071882     
   1.45125000000000      -0.144672139405088     
   1.46250000000000      -0.144782874025282     
   1.47375000000000      -0.144884829215883     
   1.48500000000000      -0.144978037558687     
   1.49625000000000      -0.145062529846285     
   1.50750000000000      -0.145138336608682     
   1.51875000000000      -0.145205487439284     
   1.53000000000000      -0.145264009902682     
   1.54125000000000      -0.145313932212687     
   1.55250000000000      -0.145355279022482     
   1.56375000000000      -0.145388077562288     
   1.57500000000000      -0.145412351890883     
   1.58625000000000      -0.145428127397082     
   1.59750000000000      -0.145435428944687     
   1.60875000000000      -0.145434280432887     
   1.62000000000000      -0.145424708569287     
   1.63125000000000      -0.145406733848482     
   1.64250000000000      -0.145380386301888     
   1.65375000000000      -0.145345685411087     
   1.66500000000000      -0.145302656895488     
   1.67625000000000      -0.145251323806484     
   1.68750000000000      -0.145191714490885     
   1.69875000000000      -0.145123846503083     
   1.71000000000000      -0.145047753232888     
   1.72125000000000      -0.144963450279285     
   1.73250000000000      -0.144870971000685     
   1.74375000000000      -0.144770332605084     
   1.75500000000000      -0.144661567525283     
   1.76625000000000      -0.144544707479284     
   1.77750000000000      -0.144419753731285     
   1.78875000000000      -0.144286781855286     
   1.80000000000000      -0.144145746089883     
   1.81125000000000      -0.143996777622888     
   1.82250000000000      -0.143839773535483     
   1.83375000000000      -0.143674938525486     
   1.84500000000000      -0.143502094025685     
   1.85625000000000      -0.143321414365488     
   1.86750000000000      -0.143132918435882     
   1.87875000000000      -0.142936521912887     
   1.89000000000000      -0.142732527104485     
   1.90125000000000      -0.142520443843686     
   1.91250000000000      -0.142301149054482     
   1.92375000000000      -0.142073473449088     
   1.93500000000000      -0.141838310716686     
   1.94625000000000      -0.141595910501884     
   1.95750000000000      -0.141345242651688     
   1.96875000000000      -0.141087352868688     
   1.98000000000000      -0.140821587639287     
   1.99125000000000      -0.140548357905885     
   2.00250000000000      -0.140267523324084     
   2.01375000000000      -0.139979139510082     
   2.02500000000000      -0.139683306653282     
   2.03625000000000      -0.139379946473284     
   2.04750000000000      -0.139069220264687     
   2.05875000000000      -0.138751039977684     
   2.07000000000000      -0.138425542387282     
   2.08125000000000      -0.138092677707085     
   2.09250000000000      -0.137752535577683     
   2.10375000000000      -0.137405108398887     
   2.11500000000000      -0.137050446718284     
   2.12625000000000      -0.136688571585687     
   2.13750000000000      -0.136319511208484     
   2.14875000000000      -0.135943300444488     
   2.16000000000000      -0.135559959674687     
   2.17125000000000      -0.135169527375083     
   2.18250000000000      -0.134772024000284     
   2.19375000000000      -0.134367485503887     
   2.20500000000000      -0.133955933860086     
   2.21625000000000      -0.133537399698682     
   2.22750000000000      -0.133111906057287     
   2.23875000000000      -0.132679479606686     
   2.25000000000000      -0.132240145272682     
   2.26125000000000      -0.131793929293885     
   2.27250000000000      -0.131340859606887     
   2.28375000000000      -0.130880964586886     
   2.29500000000000      -0.130414275337287     
   2.30625000000000      -0.129940823222888     
   2.31750000000000      -0.129460642071088     
   2.32875000000000      -0.128973766118484     
   2.34000000000000      -0.128480231487885     
   2.35125000000000      -0.127980074976286     
   2.36250000000000      -0.127473334720882     
   2.37375000000000      -0.126960049690886     
   2.38500000000000      -0.126440259759285     
   2.39625000000000      -0.125914005515085     
   2.40750000000000      -0.125381327951082     
   2.41875000000000      -0.124842268396087     
   2.43000000000000      -0.124296868125285     
   2.44125000000000      -0.123745168413883     
   2.45250000000000      -0.123187210321284     
   2.46375000000000      -0.122623034890687     
   2.47500000000000      -0.122052683216488     
   2.48625000000000      -0.121476196662087     
   2.49750000000000      -0.120893616995886     
   2.50875000000000      -0.120304986459288     
   2.52000000000000      -0.119710347676488     
   2.53125000000000      -0.119109743460285     
   2.54250000000000      -0.118503216540887     
   2.55375000000000      -0.117890809327484     
   2.56500000000000      -0.117272563805884     
   2.57625000000000      -0.116648521569886     
   2.58750000000000      -0.116018724060083     
   2.59875000000000      -0.115383212876687     
   2.61000000000000      -0.114742030210287     
   2.62125000000000      -0.114095219147885     
   2.63250000000000      -0.113442823923883     
   2.64375000000000      -0.112784889967685     
   2.65500000000000      -0.112121463843685     
   2.66625000000000      -0.111452592961683     
   2.67750000000000      -0.110778325253683     
   2.68875000000000      -0.110098708767687     
   2.70000000000000      -0.109413791260089     
   2.71125000000000      -0.108723619899884     
   2.72250000000000      -0.108028241085485     
   2.73375000000000      -0.107327700405484     
   2.74500000000000      -0.106622042723288     
   2.75625000000000      -0.105911312413085     
   2.76750000000000      -0.105195553622885     
   2.77875000000000      -0.104474810552084     
   2.79000000000000      -0.103749127736087     
   2.80125000000000      -0.103018550245885     
   2.81250000000000      -0.102283123856083     
   2.82375000000000      -0.101542895152285     
   2.83500000000000      -0.100797911620283     
   2.84625000000000      -0.100048221697286     
   2.85750000000000      -9.929387483248320E-002
   2.86875000000000      -9.853492158168820E-002
   2.88000000000000      -9.777141369328746E-002
   2.89125000000000      -9.700340416368647E-002
   2.90250000000000      -9.623094729168713E-002
   2.91375000000000      -9.545409855868314E-002
   2.92500000000000      -9.467291446048165E-002
   2.93625000000000      -9.388745214588567E-002
   2.94750000000000      -9.309776913088541E-002
   2.95875000000000      -9.230392281788369E-002
   2.97000000000000      -9.150597020408213E-002
   2.98125000000000      -9.070396761148203E-002
   2.99250000000000      -8.989797052868198E-002
   3.00375000000000      -8.908803359888395E-002
   3.01500000000000      -8.827421072368224E-002
   3.02625000000000      -8.745655526988827E-002
   3.03750000000000      -8.663512043148813E-002
   3.04875000000000      -8.580995958828197E-002
   3.06000000000000      -8.498112667768254E-002
   3.07125000000000      -8.414867649868540E-002
   3.08250000000000      -8.331266483048694E-002
   3.09375000000000      -8.247314833128172E-002
   3.10500000000000      -8.163018420728463E-002
   3.11625000000000      -8.078382963688568E-002
   3.12750000000000      -7.993414102668339E-002
   3.13875000000000      -7.908117305708373E-002
   3.15000000000000      -7.822497774368742E-002
   3.16125000000000      -7.736560356768507E-002
   3.17250000000000      -7.650309501008223E-002
   3.18375000000000      -7.563749267968234E-002
   3.19500000000000      -7.476883427388259E-002
   3.20625000000000      -7.389715606208824E-002
   3.21750000000000      -7.302249473128342E-002
   3.22875000000000      -7.214488888428860E-002
   3.24000000000000      -7.126438011728453E-002
   3.25125000000000      -7.038101339728797E-002
   3.26250000000000      -6.949483683608548E-002
   3.27375000000000      -6.860590110908760E-002
   3.28500000000000      -6.771425862908842E-002
   3.29625000000000      -6.681996274148361E-002
   3.30750000000000      -6.592306701228523E-002
   3.31875000000000      -6.502362463908185E-002
   3.33000000000000      -6.412168804828156E-002
   3.34125000000000      -6.321730860528163E-002
   3.35250000000000      -6.231053641148776E-002
   3.36375000000000      -6.140142022588435E-002
   3.37500000000000      -6.049000748788558E-002
   3.38625000000000      -5.957634433488579E-002
   3.39750000000000      -5.866047582908607E-002
   3.40875000000000      -5.774244606048740E-002
   3.42000000000000      -5.682229836948238E-002
   3.43125000000000      -5.590007533608343E-002
   3.44250000000000      -5.497581885868641E-002
   3.45375000000000      -5.404957002148336E-002
   3.46500000000000      -5.312136903448561E-002
   3.47625000000000      -5.219125514608436E-002
   3.48750000000000      -5.125926670048386E-002
   3.49875000000000      -5.032544136148687E-002
   3.51000000000000      -4.938981651728369E-002
   3.52125000000000      -4.845242989188847E-002
   3.53250000000000      -4.751332030688360E-002
   3.54375000000000      -4.657252843928461E-002
   3.55500000000000      -4.563009751708336E-002
   3.56625000000000      -4.468607381928535E-002
   3.57750000000000      -4.374050682008601E-002
   3.58875000000000      -4.279344913968686E-002
   3.60000000000000      -4.184495610448380E-002
   3.61125000000000      -4.089508516708662E-002
   3.62250000000000      -3.994389520848785E-002
   3.63375000000000      -3.899144575028402E-002
   3.64500000000000      -3.803779619608605E-002
   3.65625000000000      -3.708300508188245E-002
   3.66750000000000      -3.612712928888584E-002
   3.67875000000000      -3.517022344708209E-002
   3.69000000000000      -3.421233936808221E-002
   3.70125000000000      -3.325352576908358E-002
   3.71250000000000      -3.229382816088844E-002
   3.72375000000000      -3.133328899788523E-002
   3.73500000000000      -3.037194799188825E-002
   3.74625000000000      -2.940984247908318E-002
   3.75750000000000      -2.844700777328768E-002
   3.76875000000000      -2.748347758108594E-002
   3.78000000000000      -2.651928429168748E-002
   3.79125000000000      -2.555445940848244E-002
   3.80250000000000      -2.458903398548529E-002
   3.81375000000000      -2.362303904448737E-002
   3.82500000000000      -2.265650591028390E-002
   3.83625000000000      -2.168946643388381E-002
   3.84750000000000      -2.072195301308710E-002
   3.85875000000000      -1.975399857028748E-002
   3.87000000000000      -1.878563654628351E-002
   3.88125000000000      -1.781690089488563E-002
   3.89250000000000      -1.684782612268521E-002
   3.90375000000000      -1.587844731628252E-002
   3.91500000000000      -1.490880003968442E-002
   3.92625000000000      -1.393892018948861E-002
   3.93750000000000      -1.296884364328577E-002
   3.94875000000000      -1.199860582108414E-002
   3.96000000000000      -1.102824110268585E-002
   3.97125000000000      -1.005778214368291E-002
   3.98250000000000      -9.087259111687729E-003
   3.99375000000000      -8.116698964684588E-003
   4.00500000000000      -7.146124910683227E-003
   4.01625000000000      -6.175556280282990E-003
   4.02750000000000      -5.205009048282250E-003
   4.03875000000000      -4.234497094287804E-003
   4.05000000000000      -3.264033968882529E-003
   4.06125000000000      -2.293634659487509E-003
   4.07250000000000      -1.323316907281935E-003
   4.08375000000000      -3.531017928821711E-004
   4.09500000000000       6.169865781160411E-004
   4.10625000000000       1.586921899317417E-003
   4.11750000000000       2.556676821313886E-003
   4.12875000000000       3.526224028718161E-003
   4.14000000000000       4.495537100915215E-003
   4.15125000000000       5.464591088717441E-003
   4.16250000000000       6.433362729517000E-003
   4.17375000000000       7.401830429515144E-003
   4.18500000000000       8.369973969514888E-003
   4.19625000000000       9.337773988711717E-003
   4.20750000000000       1.030521138191176E-002
   4.21875000000000       1.127226651471602E-002
   4.23000000000000       1.223891833391377E-002
   4.24125000000000       1.320514339711565E-002
   4.25250000000000       1.417091502671752E-002
   4.26375000000000       1.513620289471618E-002
   4.27500000000000       1.610097327951365E-002
   4.28625000000000       1.706518989011840E-002
   4.29750000000000       1.802881504071507E-002
   4.30875000000000       1.899181055551225E-002
   4.32000000000000       1.995413823611614E-002
   4.33125000000000       2.091575986391803E-002
   4.34250000000000       2.187663709951693E-002
   4.35375000000000       2.283673152191312E-002
   4.36500000000000       2.379600508911750E-002
   4.37625000000000       2.475442099091651E-002
   4.38750000000000       2.571194475571303E-002
   4.39875000000000       2.666854514071559E-002
   4.41000000000000       2.762419428091789E-002
   4.42125000000000       2.857886650191688E-002
   4.43250000000000       2.953253606291639E-002
   4.44375000000000       3.048517436251785E-002
   4.45500000000000       3.143674720571710E-002
   4.46625000000000       3.238721263411293E-002
   4.47750000000000       3.333651938691418E-002
   4.48875000000000       3.428460670151168E-002
   4.50000000000000       3.523140570051453E-002
   4.51125000000000       3.617684274751554E-002
   4.52250000000000       3.712084362311430E-002
   4.53375000000000       3.806333743851553E-002
   4.54500000000000       3.900425936091523E-002
   4.55625000000000       3.994355211991518E-002
   4.56750000000000       4.088116674851250E-002
   4.57875000000000       4.181706293011445E-002
   4.59000000000000       4.275120944471666E-002
   4.60125000000000       4.368358419951335E-002
   4.61250000000000       4.461417327911477E-002
   4.62375000000000       4.554296804331415E-002
   4.63500000000000       4.646996079831212E-002
   4.64625000000000       4.739514069371609E-002
   4.65750000000000       4.831849230251350E-002
   4.66875000000000       4.923999760631403E-002
   4.68000000000000       5.015963965351489E-002
   4.69125000000000       5.107740508711345E-002
   4.70250000000000       5.199328395731584E-002
   4.71375000000000       5.290726688131286E-002
   4.72500000000000       5.381934070211258E-002
   4.73625000000000       5.472948448091586E-002
   4.74750000000000       5.563766741931175E-002
   4.75875000000000       5.654384935771617E-002
   4.77000000000000       5.744798326731626E-002
   4.78125000000000       5.835001876131685E-002
   4.79250000000000       5.924990521031503E-002
   4.80375000000000       6.014759389331203E-002
   4.81500000000000       6.104303900631436E-002
   4.82625000000000       6.193619764131597E-002
   4.83750000000000       6.282702906771220E-002
   4.84875000000000       6.371549386151543E-002
   4.86000000000000       6.460155320791472E-002
   4.87125000000000       6.548516847731634E-002
   4.88250000000000       6.636630100051377E-002
   4.89375000000000       6.724491159651791E-002
   4.90500000000000       6.812096003371693E-002
   4.91625000000000       6.899440430531456E-002
   4.92750000000000       6.986520018291742E-002
   4.93875000000000       7.073330098271668E-002
   4.95000000000000       7.159865779951247E-002
   4.96125000000000       7.246122016971412E-002
   4.97250000000000       7.332093732191680E-002
   4.98375000000000       7.417775986971265E-002
   4.99500000000000       7.503164196931777E-002
   5.00625000000000       7.588254348351597E-002
   5.01750000000000       7.673043184931316E-002
   5.02875000000000       7.757528290471782E-002
   5.04000000000000       7.841708006731807E-002
   5.05125000000000       7.925581158051642E-002
   5.06250000000000       8.009146692751301E-002
   5.07375000000000       8.092403522691427E-002
   5.08500000000000       8.175350743411514E-002
   5.09625000000000       8.257988055891730E-002
   5.10750000000000       8.340316020851191E-002
   5.11875000000000       8.422335877431664E-002
   5.13000000000000       8.504048899391847E-002
   5.14125000000000       8.585455440171330E-002
   5.15250000000000       8.666553967671575E-002
   5.16375000000000       8.747340502211642E-002
   5.17500000000000       8.827808683671634E-002
   5.18625000000000       8.907950396571351E-002
   5.19750000000000       8.987756658391532E-002
   5.20875000000000       9.067218426991275E-002
   5.22000000000000       9.146327080931371E-002
   5.23125000000000       9.225074549931378E-002
   5.24250000000000       9.303453278671725E-002
   5.25375000000000       9.381456283831824E-002
   5.26500000000000       9.459077374791747E-002
   5.27625000000000       9.536311403091702E-002
   5.28750000000000       9.613154351811204E-002
   5.29875000000000       9.689603180551387E-002
   5.31000000000000       9.765655505331239E-002
   5.32125000000000       9.841309241571139E-002
   5.33250000000000       9.916562315391531E-002
   5.34375000000000       9.991412516191644E-002
   5.35500000000000       0.100658575495913     
   5.36625000000000       0.101398952574513     
   5.37750000000000       0.102135238652913     
   5.38875000000000       0.102867420183514     
   5.40000000000000       0.103595485191718     
   5.41125000000000       0.104319418390318     
   5.42250000000000       0.105039196481918     
   5.43375000000000       0.105754785698913     
   5.44500000000000       0.106466142673113     
   5.45625000000000       0.107173218225313     
   5.46750000000000       0.107875961903112     
   5.47875000000000       0.108574324419514     
   5.49000000000000       0.109268254525915     
   5.50125000000000       0.109957688849114     
   5.51250000000000       0.110642539930318     
   5.52375000000000       0.111322694695914     
   5.53500000000000       0.111998029721718     
   5.54625000000000       0.112668433621714     
   5.55750000000000       0.113333821252112     
   5.56875000000000       0.113994134398716     
   5.58000000000000       0.114649333626517     
   5.59125000000000       0.115299388259913     
   5.60250000000000       0.115944268206512     
   5.61375000000000       0.116583938768912     
   5.62500000000000       0.117218358516112     
   5.63625000000000       0.117847479378113     
   5.64750000000000       0.118471248402315     
   5.65875000000000       0.119089610154717     
   5.67000000000000       0.119702509095916     
   5.68125000000000       0.120309891388516     
   5.69250000000000       0.120911706171313     
   5.70375000000000       0.121507906341314     
   5.71500000000000       0.122098448997114     
   5.72625000000000       0.122683295285313     
   5.73750000000000       0.123262409894714     
   5.74875000000000       0.123835760331716     
   5.76000000000000       0.124403316380914     
   5.77125000000000       0.124965049583913     
   5.78250000000000       0.125520932697114     
   5.79375000000000       0.126070939082517     
   5.80500000000000       0.126615041897317     
   5.81625000000000       0.127153213222712     
   5.82750000000000       0.127685423233515     
   5.83875000000000       0.128211639576115     
   5.85000000000000       0.128731827088117     
   5.86125000000000       0.129245947812912     
   5.87250000000000       0.129753961193316     
   5.88375000000000       0.130255824390112     
   5.89500000000000       0.130751492710715     
   5.90625000000000       0.131240920141913     
   5.91750000000000       0.131724060046714     
   5.92875000000000       0.132200865919714     
   5.94000000000000       0.132671292251118     
   5.95125000000000       0.133135295447516     
   5.96250000000000       0.133592834558712     
   5.97375000000000       0.134043871805517     
   5.98500000000000       0.134488372609717     
   5.99625000000000       0.134926305268515     
   6.00750000000000       0.135357640191913     
   6.01875000000000       0.135782348935116     
   6.03000000000000       0.136200402413913     
   6.04125000000000       0.136611768408713     
   6.05250000000000       0.137016408947915     
   6.06375000000000       0.137414278502511     
   6.07500000000000       0.137805323707312     
   6.08625000000000       0.138189485142512     
   6.09750000000000       0.138566701014113     
   6.10875000000000       0.138936911537918     
   6.12000000000000       0.139300061953115     
   6.13125000000000       0.139656103605311     
   6.14250000000000       0.140004993259915     
   6.15375000000000       0.140346691626114     
   6.16500000000000       0.140681161810718     
   6.17625000000000       0.141008368180515     
   6.18750000000000       0.141328275509316     
   6.19875000000000       0.141640848254312     
   6.21000000000000       0.141946049518317     
   6.22125000000000       0.142243839916112     
   6.23250000000000       0.142534176318712     
   6.24375000000000       0.142817011004112     
   6.25500000000000       0.143092291260118     
   6.26625000000000       0.143359959649317     
   6.27750000000000       0.143619954906512     
   6.28875000000000       0.143872213352914     
   6.30000000000000       0.144116670502314     
   6.31125000000000       0.144353262739116     
   6.32250000000000       0.144581928442115     
   6.33375000000000       0.144802608564518     
   6.34500000000000       0.145015246510916     
   6.35625000000000       0.145219787605718     
   6.36750000000000       0.145416178653115     
   6.37875000000000       0.145604367981512     
   6.39000000000000       0.145784306085915     
   6.40125000000000       0.145955946323916     
   6.41250000000000       0.146119244981513     
   6.42375000000000       0.146274159679912     
   6.43500000000000       0.146420646383113     
   6.44625000000000       0.146558656394312     
   6.45750000000000       0.146688134819314     
   6.46875000000000       0.146809020850114     
   6.48000000000000       0.146921249032317     
   6.49125000000000       0.147024750609312     
   6.50250000000000       0.147119454814316     
   6.51375000000000       0.147205290647712     
   6.52500000000000       0.147282189334518     
   6.53625000000000       0.147350087081513     
   6.54750000000000       0.147408926984717     
   6.55875000000000       0.147458658898913     
   6.57000000000000       0.147499237979318     
   6.58125000000000       0.147530622722712     
   6.59250000000000       0.147552773811917     
   6.60375000000000       0.147565653275912     
   6.61500000000000       0.147569224248116     
   6.62625000000000       0.147563450126718     
   6.63750000000000       0.147548293888512     
   6.64875000000000       0.147523717268115     
   6.66000000000000       0.147489680524714     
   6.67125000000000       0.147446143358515     
   6.68250000000000       0.147393065226112     
   6.69375000000000       0.147330407596712     
   6.70500000000000       0.147258133240712     
   6.71625000000000       0.147176208984114     
   6.72750000000000       0.147084603292313     
   6.73875000000000       0.146983289067713     
   6.75000000000000       0.146872240221313     
   6.76125000000000       0.146751433382512     
   6.77250000000000       0.146620845611714     
   6.78375000000000       0.146480452331318     
   6.79500000000000       0.146330230372314     
   6.80625000000000       0.146170148276717     
   6.81750000000000       0.146000180137115     
   6.82875000000000       0.145820284135716     
   6.84000000000000       0.145630431245316     
   6.85125000000000       0.145430570418917     
   6.86250000000000       0.145220669689714     
   6.87375000000000       0.145000675639118     
   6.88500000000000       0.144770550366715     
   6.89625000000000       0.144530250287715     
   6.90750000000000       0.144279722111712     
   6.91875000000000       0.144018949641918     
   6.93000000000000       0.143747849307317     
   6.94125000000000       0.143466450620913     
   6.95250000000000       0.143174625118313     
   6.96375000000000       0.142872453641914     
   6.97500000000000       0.142559766181513     
   6.98625000000000       0.142236668756112     
   6.99750000000000       0.141903004021913     
   7.00875000000000       0.141558816731916     
   7.02000000000000       0.141204099711913     
   7.03125000000000       0.140838655424517     
   7.04250000000000       0.140462860212715     
   7.05375000000000       0.140075994828514     
   7.06500000000000       0.139679103496313     
   7.07625000000000       0.139271059832716     
   7.08750000000000       0.138852152721114     
   7.09875000000000       0.138423173647716     
   7.11000000000000       0.137982946431912     
   7.12125000000000       0.137532289360315     
   7.13250000000000       0.137070678631517     
   7.14375000000000       0.136598370722716     
   7.15500000000000       0.136115231503915     
   7.16625000000000       0.135621247295916     
   7.17750000000000       0.135116533122712     
   7.18875000000000       0.134600877926516     
   7.20000000000000       0.134074437216917     
   7.21125000000000       0.133537077896712     
   7.22250000000000       0.132988887241112     
   7.23375000000000       0.132429793606718     
   7.24500000000000       0.131859837311112     
   7.25625000000000       0.131278996350517     
   7.26750000000000       0.130687275163318     
   7.27875000000000       0.130084684710312     
   7.29000000000000       0.129471219173517     
   7.30125000000000       0.128846890555714     
   7.31250000000000       0.128211693961113     
   7.32375000000000       0.127565640464518     
   7.33500000000000       0.126908727389313     
   7.34625000000000       0.126240959554913     
   7.35750000000000       0.125562338572315     
   7.36875000000000       0.124872865199514     
   7.38000000000000       0.124172535761716     
   7.39125000000000       0.123461355294516     
   7.40250000000000       0.122739321277514     
   7.41375000000000       0.122006438650715     
   7.42500000000000       0.121262712380314     
   7.43625000000000       0.120508151495713     
   7.44750000000000       0.119742768038513     
   7.45875000000000       0.118966575731918     
   7.47000000000000       0.118179593107115     
   7.48125000000000       0.117381838375316     
   7.49250000000000       0.116573334836914     
   7.50375000000000       0.115754106798718     
   7.51500000000000       0.114924181878912     
   7.52625000000000       0.114083590043712     
   7.53750000000000       0.113232362933914     
   7.54875000000000       0.112370536029516     
   7.56000000000000       0.111498146015911     
   7.57125000000000       0.110615232904514     
   7.58250000000000       0.109721840873512     
   7.59375000000000       0.108818016062713     
   7.60500000000000       0.107903808652516     
   7.61625000000000       0.106979271112316     
   7.62750000000000       0.106044458041517     
   7.63875000000000       0.105099426053918     
   7.65000000000000       0.104144232079314     
   7.66125000000000       0.103178935008316     
   7.67250000000000       0.102203593878912     
   7.68375000000000       0.101218268735515     
   7.69500000000000       0.100223021109912     
   7.70625000000000       9.921791333071184E-002
   7.71750000000000       9.820301012811683E-002
   7.72875000000000       9.717837679071550E-002
   7.74000000000000       9.614408258131846E-002
   7.75125000000000       9.510019711571260E-002
   7.76250000000000       9.404679315411357E-002
   7.77375000000000       9.298394734271653E-002
   7.78500000000000       9.191173645591277E-002
   7.79625000000000       9.083024142091745E-002
   7.80750000000000       8.973954452531530E-002
   7.81875000000000       8.863972992311631E-002
   7.83000000000000       8.753088500491657E-002
   7.84125000000000       8.641309688571397E-002
   7.85250000000000       8.528645704011240E-002
   7.86375000000000       8.415105747891261E-002
   7.87500000000000       8.300699083331153E-002
   7.88625000000000       8.185435232311278E-002
   7.89750000000000       8.069323631231384E-002
   7.90875000000000       7.952373922431377E-002
   7.92000000000000       7.834595618151496E-002
   7.93125000000000       7.715998536031776E-002
   7.94250000000000       7.596592341351283E-002
   7.95375000000000       7.476386911631749E-002
   7.96500000000000       7.355392461711574E-002
   7.97625000000000       7.233619106851563E-002
   7.98750000000000       7.111077487131467E-002
   7.99875000000000       6.987778431611247E-002
   8.01000000000000       6.863733127971727E-002
   8.02125000000000       6.738953250531665E-002
   8.03250000000000       6.613450599391513E-002
   8.04375000000000       6.487237567451842E-002
   8.05500000000000       6.360326734631627E-002
   8.06625000000000       6.232730835831291E-002
   8.07750000000000       6.104463016111339E-002
   8.08875000000000       5.975536451951768E-002
   8.10000000000000       5.845964633431322E-002
   8.11125000000000       5.715761101551209E-002
   8.12250000000000       5.584939717231663E-002
   8.13375000000000       5.453514422731587E-002
   8.14500000000000       5.321499363991222E-002
   8.15625000000000       5.188909089591220E-002
   8.16750000000000       5.055758138671251E-002
   8.17875000000000       4.922061459031823E-002
   8.19000000000000       4.787834157791337E-002
   8.20125000000000       4.653091460271241E-002
   8.21250000000000       4.517848951951464E-002
   8.22375000000000       4.382121964151509E-002
   8.23500000000000       4.245926308791326E-002
   8.24625000000000       4.109277732891314E-002
   8.25750000000000       3.972191840231432E-002
   8.26875000000000       3.834684692411372E-002
   8.28000000000000       3.696772125451275E-002
   8.29125000000000       3.558470199051555E-002
   8.30250000000000       3.419794984071700E-002
   8.31375000000000       3.280762494591727E-002
   8.32500000000000       3.141388973611470E-002
   8.33625000000000       3.001690396731505E-002
   8.34750000000000       2.861682982831582E-002
   8.35875000000000       2.721382953191664E-002
   8.37000000000000       2.580806529571333E-002
   8.38125000000000       2.439970179791828E-002
   8.39250000000000       2.298890238411389E-002
   8.40375000000000       2.157583525971773E-002
   8.41500000000000       2.016066376391734E-002
   8.42625000000000       1.874355803151673E-002
   8.43750000000000       1.732468611971427E-002
   8.44875000000000       1.590421332911518E-002
   8.46000000000000       1.448231159911728E-002
   8.47125000000000       1.305914876351721E-002
   8.48250000000000       1.163489610491553E-002
   8.49375000000000       1.020972623911831E-002
   8.50500000000000       8.783811637911754E-003
   8.51625000000000       7.357329926911405E-003
   8.52750000000000       5.930456551716645E-003
   8.53875000000000       4.503371529118283E-003
   8.55000000000000       3.076254230911957E-003
   8.56125000000000       1.649285268712219E-003
   8.57250000000000       2.226477761126944E-004
   8.58375000000000      -1.203480072284435E-003
   8.59500000000000      -2.628909451487971E-003
   8.60625000000000      -4.053468474687349E-003
   8.61750000000000      -5.476966874084610E-003
   8.62875000000000      -6.899223355688378E-003
   8.64000000000000      -8.320069855685119E-003
   8.65125000000000      -9.739316480683158E-003
   8.66250000000000      -1.115679450608553E-002
   8.67375000000000      -1.257232826528565E-002
   8.68500000000000      -1.398574173688161E-002
   8.69625000000000      -1.539687396648759E-002
   8.70750000000000      -1.680554032348169E-002
   8.71875000000000      -1.821158507248555E-002
   8.73000000000000      -1.961484335128461E-002
   8.74125000000000      -2.101513828708335E-002
   8.75250000000000      -2.241231706848623E-002
   8.76375000000000      -2.380621116228809E-002
   8.77500000000000      -2.519666294108447E-002
   8.78625000000000      -2.658351475248821E-002
   8.79750000000000      -2.796660807588580E-002
   8.80875000000000      -2.934579430508677E-002
   8.82000000000000      -3.072091731628745E-002
   8.83125000000000      -3.209183248408465E-002
   8.84250000000000      -3.345839187148414E-002
   8.85375000000000      -3.482045049768345E-002
   8.86500000000000      -3.617787154348662E-002
   8.87625000000000      -3.753050419808801E-002
   8.88750000000000      -3.887822829908316E-002
   8.89875000000000      -4.022088052648343E-002
   8.91000000000000      -4.155834573788297E-002
   8.92125000000000      -4.289049188548688E-002
   8.93250000000000      -4.421716263748721E-002
   8.94375000000000      -4.553824854428257E-002
   8.95500000000000      -4.685360092028645E-002
   8.96625000000000      -4.816309812368758E-002
   8.97750000000000      -4.946660438208283E-002
   8.98875000000000      -5.076399177868751E-002
   9.00000000000000      -5.205513563148401E-002
