variables="x","y","mut"
zone,t="CFL3D (averaged)"
     0.750000000E+00     0.500002500E-01     0.114488508E-11
     0.750000000E+00     0.500007455E-01     0.172042248E-09
     0.750000000E+00     0.500012409E-01     0.318753235E-08
     0.750000000E+00     0.500017364E-01     0.226980470E-07
     0.750000000E+00     0.500022356E-01     0.975055876E-07
     0.750000000E+00     0.500027310E-01     0.308957297E-06
     0.750000000E+00     0.500032302E-01     0.800656011E-06
     0.750000000E+00     0.500037294E-01     0.180038944E-05
     0.750000000E+00     0.500042323E-01     0.364440109E-05
     0.750000000E+00     0.500047353E-01     0.680421795E-05
     0.750000000E+00     0.500052419E-01     0.119163078E-04
     0.750000000E+00     0.500057485E-01     0.198148791E-04
     0.750000000E+00     0.500062552E-01     0.315681609E-04
     0.750000000E+00     0.500067693E-01     0.485185428E-04
     0.750000000E+00     0.500072834E-01     0.723269332E-04
     0.750000000E+00     0.500078012E-01     0.105021758E-03
     0.750000000E+00     0.500083227E-01     0.149052954E-03
     0.750000000E+00     0.500088480E-01     0.207351404E-03
     0.750000000E+00     0.500093732E-01     0.283394067E-03
     0.750000000E+00     0.500099060E-01     0.381275226E-03
     0.750000000E+00     0.500104424E-01     0.505784090E-03
     0.750000000E+00     0.500109826E-01     0.662488950E-03
     0.750000000E+00     0.500115265E-01     0.857827923E-03
     0.750000000E+00     0.500120778E-01     0.109920627E-02
     0.750000000E+00     0.500126291E-01     0.139510032E-02
     0.750000000E+00     0.500131917E-01     0.175516709E-02
     0.750000000E+00     0.500137542E-01     0.219035975E-02
     0.750000000E+00     0.500143242E-01     0.271304662E-02
     0.750000000E+00     0.500149016E-01     0.333713542E-02
     0.750000000E+00     0.500154827E-01     0.407819659E-02
     0.750000000E+00     0.500160713E-01     0.495358929E-02
     0.750000000E+00     0.500166674E-01     0.598258222E-02
     0.750000000E+00     0.500172671E-01     0.718647125E-02
     0.750000000E+00     0.500178781E-01     0.858868845E-02
     0.750000000E+00     0.500184928E-01     0.102148964E-01
     0.750000000E+00     0.500191149E-01     0.120930723E-01
     0.750000000E+00     0.500197482E-01     0.142535651E-01
     0.750000000E+00     0.500203852E-01     0.167291341E-01
     0.750000000E+00     0.500210334E-01     0.195549559E-01
     0.750000000E+00     0.500216891E-01     0.227685980E-01
     0.750000000E+00     0.500223559E-01     0.264099603E-01
     0.750000000E+00     0.500230302E-01     0.305211665E-01
     0.750000000E+00     0.500237119E-01     0.351464264E-01
     0.750000000E+00     0.500244048E-01     0.403318480E-01
     0.750000000E+00     0.500251089E-01     0.461251997E-01
     0.750000000E+00     0.500258241E-01     0.525756460E-01
     0.750000000E+00     0.500265468E-01     0.597334392E-01
     0.750000000E+00     0.500272807E-01     0.676495619E-01
     0.750000000E+00     0.500280258E-01     0.763753839E-01
     0.750000000E+00     0.500287820E-01     0.859622471E-01
     0.750000000E+00     0.500295531E-01     0.964610912E-01
     0.750000000E+00     0.500303317E-01     0.107922070E+00
     0.750000000E+00     0.500311252E-01     0.120394144E+00
     0.750000000E+00     0.500319336E-01     0.133924767E+00
     0.750000000E+00     0.500327494E-01     0.148559570E+00
     0.750000000E+00     0.500335839E-01     0.164342031E+00
     0.750000000E+00     0.500344295E-01     0.181313328E+00
     0.750000000E+00     0.500352901E-01     0.199512139E+00
     0.750000000E+00     0.500361618E-01     0.218974523E+00
     0.750000000E+00     0.500370521E-01     0.239733897E+00
     0.750000000E+00     0.500379537E-01     0.261821017E+00
     0.750000000E+00     0.500388738E-01     0.285264075E+00
     0.750000000E+00     0.500398089E-01     0.310088724E+00
     0.750000000E+00     0.500407625E-01     0.336318329E+00
     0.750000000E+00     0.500417274E-01     0.363974020E+00
     0.750000000E+00     0.500427146E-01     0.393075004E+00
     0.750000000E+00     0.500437167E-01     0.423638672E+00
     0.750000000E+00     0.500447374E-01     0.455680892E+00
     0.750000000E+00     0.500457731E-01     0.489216134E+00
     0.750000000E+00     0.500468310E-01     0.524257719E+00
     0.750000000E+00     0.500479076E-01     0.560818106E+00
     0.750000000E+00     0.500490029E-01     0.598908931E+00
     0.750000000E+00     0.500501167E-01     0.638541073E+00
     0.750000000E+00     0.500512529E-01     0.679725111E+00
     0.750000000E+00     0.500524078E-01     0.722471148E+00
     0.750000000E+00     0.500535887E-01     0.766788989E+00
     0.750000000E+00     0.500547883E-01     0.812688202E+00
     0.750000000E+00     0.500560101E-01     0.860178143E+00
     0.750000000E+00     0.500572544E-01     0.909267962E+00
     0.750000000E+00     0.500585210E-01     0.957874894E+00
     0.750000000E+00     0.500598137E-01     0.100668353E+01
     0.750000000E+00     0.500611287E-01     0.105698168E+01
     0.750000000E+00     0.500624698E-01     0.110901874E+01
     0.750000000E+00     0.500638370E-01     0.116287041E+01
     0.750000000E+00     0.500652302E-01     0.121858227E+01
     0.750000000E+00     0.500666496E-01     0.127619445E+01
     0.750000000E+00     0.500680950E-01     0.133574617E+01
     0.750000000E+00     0.500695665E-01     0.139727646E+01
     0.750000000E+00     0.500710715E-01     0.146082419E+01
     0.750000000E+00     0.500725989E-01     0.152642834E+01
     0.750000000E+00     0.500741598E-01     0.159412760E+01
     0.750000000E+00     0.500757505E-01     0.166396093E+01
     0.750000000E+00     0.500773747E-01     0.173596698E+01
     0.750000000E+00     0.500790250E-01     0.181018448E+01
     0.750000000E+00     0.500807125E-01     0.188665211E+01
     0.750000000E+00     0.500824299E-01     0.196540868E+01
     0.750000000E+00     0.500841808E-01     0.204649282E+01
     0.750000000E+00     0.500859652E-01     0.212994337E+01
     0.750000000E+00     0.500877869E-01     0.221579897E+01
     0.750000000E+00     0.500896421E-01     0.230409825E+01
     0.750000000E+00     0.500915345E-01     0.239487696E+01
     0.750000000E+00     0.500934642E-01     0.248816180E+01
     0.750000000E+00     0.500954349E-01     0.258398414E+01
     0.750000000E+00     0.500974391E-01     0.268239296E+01
     0.750000000E+00     0.500994880E-01     0.278342831E+01
     0.750000000E+00     0.501015742E-01     0.288712752E+01
     0.750000000E+00     0.501037013E-01     0.299352705E+01
     0.750000000E+00     0.501058732E-01     0.310266268E+01
     0.750000000E+00     0.501080860E-01     0.321456993E+01
     0.750000000E+00     0.501103435E-01     0.332928419E+01
     0.750000000E+00     0.501126457E-01     0.344684100E+01
     0.750000000E+00     0.501149927E-01     0.356727517E+01
     0.750000000E+00     0.501173880E-01     0.369062150E+01
     0.750000000E+00     0.501198318E-01     0.381691480E+01
     0.750000000E+00     0.501223240E-01     0.394618952E+01
     0.750000000E+00     0.501248647E-01     0.407848024E+01
     0.750000000E+00     0.501274575E-01     0.421382070E+01
     0.750000000E+00     0.501300987E-01     0.435224581E+01
     0.750000000E+00     0.501327958E-01     0.449378967E+01
     0.750000000E+00     0.501355488E-01     0.463848662E+01
     0.750000000E+00     0.501383540E-01     0.478637123E+01
     0.750000000E+00     0.501412150E-01     0.493747830E+01
     0.750000000E+00     0.501441356E-01     0.509184337E+01
     0.750000000E+00     0.501471121E-01     0.524950266E+01
     0.750000000E+00     0.501501520E-01     0.541049242E+01
     0.750000000E+00     0.501532514E-01     0.557485032E+01
     0.750000000E+00     0.501564104E-01     0.574261355E+01
     0.750000000E+00     0.501596365E-01     0.591381907E+01
     0.750000000E+00     0.501629260E-01     0.608849978E+01
     0.750000000E+00     0.501662825E-01     0.626667905E+01
     0.750000000E+00     0.501697060E-01     0.644836140E+01
     0.750000000E+00     0.501732003E-01     0.663350463E+01
     0.750000000E+00     0.501767617E-01     0.682196212E+01
     0.750000000E+00     0.501803976E-01     0.701335812E+01
     0.750000000E+00     0.501841080E-01     0.720683265E+01
     0.750000000E+00     0.501878929E-01     0.740381122E+01
     0.750000000E+00     0.501917523E-01     0.760429335E+01
     0.750000000E+00     0.501956899E-01     0.780808854E+01
     0.750000000E+00     0.501997058E-01     0.801474714E+01
     0.750000000E+00     0.502038073E-01     0.822470045E+01
     0.750000000E+00     0.502079871E-01     0.843847561E+01
     0.750000000E+00     0.502122526E-01     0.865611076E+01
     0.750000000E+00     0.502166074E-01     0.887764263E+01
     0.750000000E+00     0.502210480E-01     0.910310888E+01
     0.750000000E+00     0.502255779E-01     0.933254480E+01
     0.750000000E+00     0.502302010E-01     0.956598711E+01
     0.750000000E+00     0.502349172E-01     0.980347013E+01
     0.750000000E+00     0.502397266E-01     0.100450287E+02
     0.750000000E+00     0.502446365E-01     0.102906961E+02
     0.750000000E+00     0.502496470E-01     0.105405045E+02
     0.750000000E+00     0.502547581E-01     0.107944856E+02
     0.750000000E+00     0.502599698E-01     0.110526710E+02
     0.750000000E+00     0.502652895E-01     0.113150892E+02
     0.750000000E+00     0.502707172E-01     0.115817685E+02
     0.750000000E+00     0.502762530E-01     0.118527365E+02
     0.750000000E+00     0.502819043E-01     0.121280184E+02
     0.750000000E+00     0.502876711E-01     0.124076386E+02
     0.750000000E+00     0.502935496E-01     0.126916194E+02
     0.750000000E+00     0.502995510E-01     0.129799814E+02
     0.750000000E+00     0.503056754E-01     0.132727447E+02
     0.750000000E+00     0.503119227E-01     0.135699239E+02
     0.750000000E+00     0.503182967E-01     0.138715353E+02
     0.750000000E+00     0.503248010E-01     0.141775904E+02
     0.750000000E+00     0.503314358E-01     0.144862857E+02
     0.750000000E+00     0.503382083E-01     0.147983489E+02
     0.750000000E+00     0.503451150E-01     0.151141996E+02
     0.750000000E+00     0.503521633E-01     0.154340582E+02
     0.750000000E+00     0.503593568E-01     0.157580214E+02
     0.750000000E+00     0.503666919E-01     0.160847597E+02
     0.750000000E+00     0.503741797E-01     0.164129896E+02
     0.750000000E+00     0.503818203E-01     0.167438049E+02
     0.750000000E+00     0.503896136E-01     0.170778399E+02
     0.750000000E+00     0.503975671E-01     0.174154415E+02
     0.750000000E+00     0.504056808E-01     0.177567892E+02
     0.750000000E+00     0.504139621E-01     0.181019840E+02
     0.750000000E+00     0.504224111E-01     0.184510927E+02
     0.750000000E+00     0.504310314E-01     0.188041639E+02
     0.750000000E+00     0.504398268E-01     0.191612349E+02
     0.750000000E+00     0.504488010E-01     0.195223246E+02
     0.750000000E+00     0.504579578E-01     0.198874311E+02
     0.750000000E+00     0.504673008E-01     0.202565441E+02
     0.750000000E+00     0.504768338E-01     0.206296387E+02
     0.750000000E+00     0.504865606E-01     0.210066843E+02
     0.750000000E+00     0.504964847E-01     0.213876495E+02
     0.750000000E+00     0.505066138E-01     0.217724981E+02
     0.750000000E+00     0.505169440E-01     0.221611967E+02
     0.750000000E+00     0.505274903E-01     0.225537138E+02
     0.750000000E+00     0.505382453E-01     0.229500217E+02
     0.750000000E+00     0.505492237E-01     0.233500938E+02
     0.750000000E+00     0.505604219E-01     0.237539129E+02
     0.750000000E+00     0.505718511E-01     0.241614599E+02
     0.750000000E+00     0.505835113E-01     0.245727272E+02
     0.750000000E+00     0.505954098E-01     0.249877052E+02
     0.750000000E+00     0.506075506E-01     0.254063940E+02
     0.750000000E+00     0.506199409E-01     0.258287954E+02
     0.750000000E+00     0.506325771E-01     0.262549181E+02
     0.750000000E+00     0.506454740E-01     0.266847715E+02
     0.750000000E+00     0.506586355E-01     0.271183748E+02
     0.750000000E+00     0.506720614E-01     0.275557470E+02
     0.750000000E+00     0.506857630E-01     0.279969149E+02
     0.750000000E+00     0.506997440E-01     0.284419107E+02
     0.750000000E+00     0.507140082E-01     0.288907700E+02
     0.750000000E+00     0.507285629E-01     0.293435354E+02
     0.750000000E+00     0.507434156E-01     0.298002548E+02
     0.750000000E+00     0.507585664E-01     0.302609835E+02
     0.750000000E+00     0.507740301E-01     0.307257853E+02
     0.750000000E+00     0.507898067E-01     0.311947279E+02
     0.750000000E+00     0.508059074E-01     0.316678934E+02
     0.750000000E+00     0.508223322E-01     0.321453686E+02
     0.750000000E+00     0.508390922E-01     0.326272545E+02
     0.750000000E+00     0.508561951E-01     0.331136570E+02
     0.750000000E+00     0.508736443E-01     0.336047039E+02
     0.750000000E+00     0.508914512E-01     0.341005287E+02
     0.750000000E+00     0.509096194E-01     0.346012878E+02
     0.750000000E+00     0.509281565E-01     0.351071453E+02
     0.750000000E+00     0.509470735E-01     0.356182957E+02
     0.750000000E+00     0.509663742E-01     0.361349411E+02
     0.750000000E+00     0.509860661E-01     0.366573238E+02
     0.750000000E+00     0.510061641E-01     0.371857033E+02
     0.750000000E+00     0.510266681E-01     0.377203770E+02
     0.750000000E+00     0.510475893E-01     0.382616806E+02
     0.750000000E+00     0.510689389E-01     0.388099918E+02
     0.750000000E+00     0.510907207E-01     0.393657436E+02
     0.750000000E+00     0.511129458E-01     0.399294319E+02
     0.750000000E+00     0.511356254E-01     0.405016270E+02
     0.750000000E+00     0.511587669E-01     0.410829830E+02
     0.750000000E+00     0.511823815E-01     0.416742592E+02
     0.750000000E+00     0.512064729E-01     0.422763310E+02
     0.750000000E+00     0.512310598E-01     0.428902092E+02
     0.750000000E+00     0.512561459E-01     0.435170593E+02
     0.750000000E+00     0.512817387E-01     0.441582222E+02
     0.750000000E+00     0.513078567E-01     0.448152218E+02
     0.750000000E+00     0.513345074E-01     0.454897957E+02
     0.750000000E+00     0.513616983E-01     0.461838837E+02
     0.750000000E+00     0.513894443E-01     0.468996506E+02
     0.750000000E+00     0.514177565E-01     0.476394558E+02
     0.750000000E+00     0.514466461E-01     0.484058590E+02
     0.750000000E+00     0.514761206E-01     0.492015533E+02
     0.750000000E+00     0.515061986E-01     0.500293312E+02
     0.750000000E+00     0.515368875E-01     0.508920021E+02
     0.750000000E+00     0.515682023E-01     0.517922764E+02
     0.750000000E+00     0.516001579E-01     0.527326698E+02
     0.750000000E+00     0.516327616E-01     0.537153301E+02
     0.750000000E+00     0.516660285E-01     0.547418900E+02
     0.750000000E+00     0.516999733E-01     0.558132725E+02
     0.750000000E+00     0.517346111E-01     0.569295082E+02
     0.750000000E+00     0.517699529E-01     0.580895233E+02
     0.750000000E+00     0.518060174E-01     0.592909393E+02
     0.750000000E+00     0.518428121E-01     0.605298347E+02
     0.750000000E+00     0.518803593E-01     0.618004913E+02
     0.750000000E+00     0.519186702E-01     0.630950642E+02
     0.750000000E+00     0.519577634E-01     0.644031239E+02
     0.750000000E+00     0.519976538E-01     0.657112007E+02
     0.750000000E+00     0.520383526E-01     0.670015144E+02
     0.750000000E+00     0.520798821E-01     0.682461548E+02
     0.750000000E+00     0.521222610E-01     0.693939590E+02
     0.750000000E+00     0.521655005E-01     0.704765167E+02
     0.750000000E+00     0.522096191E-01     0.714988823E+02
     0.750000000E+00     0.522546392E-01     0.724492111E+02
     0.750000000E+00     0.523005758E-01     0.733980751E+02
     0.750000000E+00     0.523474474E-01     0.743440475E+02
     0.750000000E+00     0.523952727E-01     0.752855720E+02
     0.750000000E+00     0.524440740E-01     0.762209969E+02
     0.750000000E+00     0.524938699E-01     0.771485291E+02
     0.750000000E+00     0.525446829E-01     0.780662651E+02
     0.750000000E+00     0.525965277E-01     0.789721832E+02
     0.750000000E+00     0.526494269E-01     0.798641357E+02
     0.750000000E+00     0.527034063E-01     0.807398376E+02
     0.750000000E+00     0.527584847E-01     0.815968971E+02
     0.750000000E+00     0.528146845E-01     0.824328117E+02
     0.750000000E+00     0.528720316E-01     0.832449341E+02
     0.750000000E+00     0.529305447E-01     0.840305290E+02
     0.750000000E+00     0.529902500E-01     0.847867470E+02
     0.750000000E+00     0.530511734E-01     0.855106316E+02
     0.750000000E+00     0.531133373E-01     0.861991425E+02
     0.750000000E+00     0.531767678E-01     0.868491516E+02
     0.750000000E+00     0.532414873E-01     0.874574547E+02
     0.750000000E+00     0.533075292E-01     0.880207901E+02
     0.750000000E+00     0.533749160E-01     0.885358353E+02
     0.750000000E+00     0.534436737E-01     0.889992371E+02
     0.750000000E+00     0.535138321E-01     0.894076118E+02
     0.750000000E+00     0.535854210E-01     0.897575607E+02
     0.750000000E+00     0.536584702E-01     0.900456924E+02
     0.750000000E+00     0.537330058E-01     0.902686157E+02
     0.750000000E+00     0.538090576E-01     0.904229851E+02
     0.750000000E+00     0.538866628E-01     0.905054855E+02
     0.750000000E+00     0.539658476E-01     0.905128479E+02
     0.750000000E+00     0.540466454E-01     0.904418716E+02
     0.750000000E+00     0.541290898E-01     0.902894287E+02
     0.750000000E+00     0.542132106E-01     0.900524559E+02
     0.750000000E+00     0.542990487E-01     0.897279854E+02
     0.750000000E+00     0.543866340E-01     0.893131218E+02
     0.750000000E+00     0.544760038E-01     0.888050423E+02
     0.750000000E+00     0.545671951E-01     0.882010040E+02
     0.750000000E+00     0.546602454E-01     0.874983330E+02
     0.750000000E+00     0.547551882E-01     0.866943817E+02
     0.750000000E+00     0.548520681E-01     0.857865524E+02
     0.750000000E+00     0.549509187E-01     0.847722244E+02
     0.750000000E+00     0.550517846E-01     0.836487541E+02
     0.750000000E+00     0.551547069E-01     0.824134293E+02
     0.750000000E+00     0.552597229E-01     0.810634117E+02
     0.750000000E+00     0.553668809E-01     0.795957146E+02
     0.750000000E+00     0.554762219E-01     0.780071373E+02
     0.750000000E+00     0.555877906E-01     0.762942696E+02
     0.750000000E+00     0.557016317E-01     0.744534912E+02
     0.750000000E+00     0.558177900E-01     0.724810333E+02
     0.750000000E+00     0.559363176E-01     0.703731689E+02
     0.750000000E+00     0.560572591E-01     0.681264229E+02
     0.750000000E+00     0.561806631E-01     0.657379456E+02
     0.750000000E+00     0.563065816E-01     0.632059002E+02
     0.750000000E+00     0.564350669E-01     0.605297317E+02
     0.750000000E+00     0.565661710E-01     0.577102814E+02
     0.750000000E+00     0.566999425E-01     0.547538185E+02
     0.750000000E+00     0.568364408E-01     0.516747398E+02
     0.750000000E+00     0.569757220E-01     0.484859161E+02
     0.750000000E+00     0.571178381E-01     0.451966896E+02
     0.750000000E+00     0.572628525E-01     0.418098145E+02
     0.750000000E+00     0.574108173E-01     0.383218079E+02
     0.750000000E+00     0.575617995E-01     0.347291222E+02
     0.750000000E+00     0.577158552E-01     0.310352812E+02
     0.750000000E+00     0.578730513E-01     0.272546215E+02
     0.750000000E+00     0.580334511E-01     0.234141350E+02
     0.750000000E+00     0.581971143E-01     0.195566606E+02
     0.750000000E+00     0.583641153E-01     0.157471762E+02
     0.750000000E+00     0.585345175E-01     0.120828443E+02
     0.750000000E+00     0.587083917E-01     0.870565462E+01
     0.750000000E+00     0.588858087E-01     0.580642629E+01
     0.750000000E+00     0.590668392E-01     0.357736301E+01
     0.750000000E+00     0.592515614E-01     0.207432908E+01
     0.750000000E+00     0.594400425E-01     0.113757515E+01
     0.750000000E+00     0.596323643E-01     0.399992764E+00
     0.750000000E+00     0.598286052E-01     0.370483324E-01
     0.750000000E+00     0.600288432E-01     0.488461123E-02
     0.750000000E+00     0.602331605E-01     0.101462577E-02
     0.750000000E+00     0.604416427E-01     0.509893347E-03
     0.750000000E+00     0.606543679E-01     0.456249720E-03
     0.750000000E+00     0.608714331E-01     0.454651352E-03
     0.750000000E+00     0.610929165E-01     0.457810529E-03
     0.750000000E+00     0.613189113E-01     0.461516102E-03
     0.750000000E+00     0.615495105E-01     0.465379591E-03
     0.750000000E+00     0.617848110E-01     0.469399034E-03
     0.750000000E+00     0.620249022E-01     0.473611377E-03
     0.750000000E+00     0.622698848E-01     0.478057220E-03
     0.750000000E+00     0.625198629E-01     0.482777774E-03
     0.750000000E+00     0.627749261E-01     0.487814628E-03
     0.750000000E+00     0.630351898E-01     0.493210056E-03
     0.750000000E+00     0.633007583E-01     0.499007408E-03
     0.750000000E+00     0.635717359E-01     0.505251373E-03
     0.750000000E+00     0.638482344E-01     0.511988328E-03
     0.750000000E+00     0.641303581E-01     0.519266818E-03
     0.750000000E+00     0.644182410E-01     0.527137920E-03
     0.750000000E+00     0.647119802E-01     0.535655708E-03
     0.750000000E+00     0.650117096E-01     0.544877927E-03
     0.750000000E+00     0.653175410E-01     0.554866594E-03
     0.750000000E+00     0.656296086E-01     0.565688679E-03
     0.750000000E+00     0.659480315E-01     0.577417493E-03
     0.750000000E+00     0.662729364E-01     0.590133335E-03
     0.750000000E+00     0.666044649E-01     0.603925466E-03
     0.750000000E+00     0.669427511E-01     0.618893275E-03
     0.750000000E+00     0.672879216E-01     0.635148492E-03
     0.750000000E+00     0.676401329E-01     0.652816845E-03
     0.750000000E+00     0.679995116E-01     0.672040420E-03
     0.750000000E+00     0.683662143E-01     0.692979578E-03
     0.750000000E+00     0.687403899E-01     0.715815288E-03
     0.750000000E+00     0.691221875E-01     0.740750838E-03
     0.750000000E+00     0.695117634E-01     0.768013881E-03
     0.750000000E+00     0.699092742E-01     0.797858054E-03
     0.750000000E+00     0.703148913E-01     0.830564852E-03
     0.750000000E+00     0.707287636E-01     0.866445247E-03
     0.750000000E+00     0.711510700E-01     0.905841560E-03
     0.750000000E+00     0.715819817E-01     0.949128094E-03
     0.750000000E+00     0.720216703E-01     0.996714691E-03
     0.750000000E+00     0.724703219E-01     0.104904809E-02
     0.750000000E+00     0.729281079E-01     0.110661483E-02
     0.750000000E+00     0.733952221E-01     0.116994331E-02
     0.750000000E+00     0.738718506E-01     0.123960740E-02
     0.750000000E+00     0.743581947E-01     0.131623016E-02
     0.750000000E+00     0.748544406E-01     0.140048866E-02
     0.750000000E+00     0.753607970E-01     0.149311987E-02
     0.750000000E+00     0.758774724E-01     0.159492815E-02
     0.750000000E+00     0.764046755E-01     0.170679326E-02
     0.750000000E+00     0.769426149E-01     0.182967994E-02
     0.750000000E+00     0.774915215E-01     0.196464895E-02
     0.750000000E+00     0.780516040E-01     0.211286801E-02
     0.750000000E+00     0.786231008E-01     0.227562396E-02
     0.750000000E+00     0.792062354E-01     0.245433673E-02
     0.750000000E+00     0.798012536E-01     0.265057269E-02
     0.750000000E+00     0.804083940E-01     0.286606071E-02
     0.750000000E+00     0.810279023E-01     0.310271035E-02
     0.750000000E+00     0.816600319E-01     0.336263177E-02
     0.750000000E+00     0.823050436E-01     0.364815851E-02
     0.750000000E+00     0.829631981E-01     0.396187510E-02
     0.750000000E+00     0.836347562E-01     0.430664746E-02
     0.750000000E+00     0.843199935E-01     0.468566106E-02
     0.750000000E+00     0.850191933E-01     0.510246935E-02
     0.750000000E+00     0.857326385E-01     0.556106144E-02
     0.750000000E+00     0.864606198E-01     0.606598030E-02
     0.750000000E+00     0.872034278E-01     0.662257825E-02
     0.750000000E+00     0.879613754E-01     0.696908869E-02
     0.750000000E+00     0.887347605E-01     0.696893223E-02
     0.750000000E+00     0.895239037E-01     0.696865306E-02
     0.750000000E+00     0.903291252E-01     0.696835644E-02
     0.750000000E+00     0.911507454E-01     0.696804537E-02
     0.750000000E+00     0.919891145E-01     0.696771895E-02
     0.750000000E+00     0.928445529E-01     0.696737715E-02
     0.750000000E+00     0.937174257E-01     0.696701906E-02
     0.750000000E+00     0.946080830E-01     0.696664443E-02
     0.750000000E+00     0.955168825E-01     0.696625258E-02
     0.750000000E+00     0.964441967E-01     0.696584233E-02
     0.750000000E+00     0.973903980E-01     0.696541346E-02
     0.750000000E+00     0.983558815E-01     0.696496502E-02
     0.750000000E+00     0.993410420E-01     0.696449610E-02
     0.750000000E+00     0.100346259E+00     0.696400576E-02
     0.750000000E+00     0.101371966E+00     0.696349330E-02
     0.750000000E+00     0.102418564E+00     0.696295756E-02
     0.750000000E+00     0.103486485E+00     0.696239783E-02
     0.750000000E+00     0.104576170E+00     0.696181273E-02
     0.750000000E+00     0.105688043E+00     0.696120132E-02
     0.750000000E+00     0.106822580E+00     0.696056243E-02
     0.750000000E+00     0.107980221E+00     0.695989490E-02
     0.750000000E+00     0.109161451E+00     0.695919781E-02
     0.750000000E+00     0.110366746E+00     0.695846928E-02
     0.750000000E+00     0.111596599E+00     0.695770839E-02
     0.750000000E+00     0.112851500E+00     0.695691374E-02
     0.750000000E+00     0.114131979E+00     0.695608393E-02
     0.750000000E+00     0.115438535E+00     0.695521734E-02
     0.750000000E+00     0.116771713E+00     0.695431279E-02
     0.750000000E+00     0.118132054E+00     0.695336843E-02
     0.750000000E+00     0.119520105E+00     0.695238262E-02
     0.750000000E+00     0.120936438E+00     0.695135398E-02
     0.750000000E+00     0.122381620E+00     0.695028086E-02
     0.750000000E+00     0.123856254E+00     0.694916118E-02
     0.750000000E+00     0.125360921E+00     0.694799330E-02
     0.750000000E+00     0.126896247E+00     0.694677490E-02
     0.750000000E+00     0.128462851E+00     0.694550457E-02
     0.750000000E+00     0.130061373E+00     0.694417977E-02
     0.750000000E+00     0.131692469E+00     0.694279838E-02
     0.750000000E+00     0.133356779E+00     0.694135809E-02
     0.750000000E+00     0.135055005E+00     0.693985703E-02
     0.750000000E+00     0.136787831E+00     0.693829241E-02
     0.750000000E+00     0.138555959E+00     0.693666167E-02
     0.750000000E+00     0.140360117E+00     0.693496223E-02
     0.750000000E+00     0.142201021E+00     0.693319156E-02
     0.750000000E+00     0.144079417E+00     0.693134684E-02
     0.750000000E+00     0.145996093E+00     0.692942482E-02
     0.750000000E+00     0.147951826E+00     0.692742295E-02
     0.750000000E+00     0.149947405E+00     0.692533748E-02
     0.750000000E+00     0.151983618E+00     0.692316540E-02
     0.750000000E+00     0.154061332E+00     0.692090346E-02
     0.750000000E+00     0.156181380E+00     0.691854744E-02
     0.750000000E+00     0.158344596E+00     0.691609434E-02
     0.750000000E+00     0.160551905E+00     0.691353949E-02
     0.750000000E+00     0.162804171E+00     0.691087916E-02
     0.750000000E+00     0.165102333E+00     0.690810871E-02
     0.750000000E+00     0.167447313E+00     0.690522394E-02
     0.750000000E+00     0.169840067E+00     0.690222019E-02
     0.750000000E+00     0.172281563E+00     0.689909281E-02
     0.750000000E+00     0.174772799E+00     0.689583668E-02
     0.750000000E+00     0.177314788E+00     0.689244620E-02
     0.750000000E+00     0.179908573E+00     0.688891602E-02
     0.750000000E+00     0.182555198E+00     0.688523939E-02
     0.750000000E+00     0.185255751E+00     0.688141049E-02
     0.750000000E+00     0.188011303E+00     0.687742257E-02
     0.750000000E+00     0.190823003E+00     0.687326747E-02
     0.750000000E+00     0.193691998E+00     0.686893822E-02
     0.750000000E+00     0.196619421E+00     0.686442689E-02
     0.750000000E+00     0.199606493E+00     0.685972488E-02
     0.750000000E+00     0.202654436E+00     0.685482402E-02
     0.750000000E+00     0.205764457E+00     0.684971386E-02
     0.750000000E+00     0.208937838E+00     0.684438529E-02
     0.750000000E+00     0.212175876E+00     0.683882716E-02
     0.750000000E+00     0.215479880E+00     0.683302758E-02
     0.750000000E+00     0.218851193E+00     0.682697515E-02
     0.750000000E+00     0.222291201E+00     0.682065589E-02
     0.750000000E+00     0.225801289E+00     0.681405608E-02
     0.750000000E+00     0.229382887E+00     0.680716010E-02
     0.750000000E+00     0.233037442E+00     0.679995073E-02
     0.750000000E+00     0.236766457E+00     0.679241004E-02
     0.750000000E+00     0.240571454E+00     0.678451755E-02
     0.750000000E+00     0.244453966E+00     0.677625090E-02
     0.750000000E+00     0.248415559E+00     0.676758494E-02
     0.750000000E+00     0.252457872E+00     0.675849174E-02
     0.750000000E+00     0.256582543E+00     0.674893940E-02
     0.750000000E+00     0.260791257E+00     0.673889183E-02
     0.750000000E+00     0.265085712E+00     0.672830734E-02
     0.750000000E+00     0.269467637E+00     0.671713660E-02
     0.750000000E+00     0.273938849E+00     0.670532044E-02
     0.750000000E+00     0.278501138E+00     0.669278717E-02
     0.750000000E+00     0.283156380E+00     0.667944457E-02
     0.750000000E+00     0.287906482E+00     0.666517112E-02
     0.750000000E+00     0.292753353E+00     0.664979382E-02
     0.750000000E+00     0.297698959E+00     0.663305027E-02
     0.750000000E+00     0.302745327E+00     0.661446783E-02
     0.750000000E+00     0.307894483E+00     0.659237965E-02
     0.750000000E+00     0.313148573E+00     0.656502624E-02
     0.750000000E+00     0.318509683E+00     0.653876388E-02
     0.750000000E+00     0.323980048E+00     0.651393668E-02
     0.750000000E+00     0.329561814E+00     0.649048295E-02
     0.750000000E+00     0.335257336E+00     0.646834192E-02
     0.750000000E+00     0.341068878E+00     0.644745445E-02
     0.750000000E+00     0.346998796E+00     0.642776256E-02
     0.750000000E+00     0.353049561E+00     0.640921039E-02
     0.750000000E+00     0.359223589E+00     0.639174390E-02
     0.750000000E+00     0.365523383E+00     0.637531048E-02
     0.750000000E+00     0.371951535E+00     0.635985960E-02
     0.750000000E+00     0.378510639E+00     0.634534191E-02
     0.750000000E+00     0.385203376E+00     0.633171061E-02
     0.750000000E+00     0.392032489E+00     0.631891959E-02
     0.750000000E+00     0.399000689E+00     0.630692602E-02
     0.750000000E+00     0.406110897E+00     0.629568659E-02
     0.750000000E+00     0.413365915E+00     0.628516148E-02
     0.750000000E+00     0.420768782E+00     0.627531158E-02
     0.750000000E+00     0.428322419E+00     0.626609987E-02
     0.750000000E+00     0.436029985E+00     0.625749072E-02
     0.750000000E+00     0.443894580E+00     0.624944968E-02
     0.750000000E+00     0.451919362E+00     0.624194439E-02
     0.750000000E+00     0.460107669E+00     0.623494363E-02
     0.750000000E+00     0.468462780E+00     0.622841786E-02
     0.750000000E+00     0.476988122E+00     0.622233888E-02
     0.750000000E+00     0.485687121E+00     0.621667947E-02
     0.750000000E+00     0.494563386E+00     0.621141447E-02
     0.750000000E+00     0.503620460E+00     0.620651944E-02
     0.750000000E+00     0.512862041E+00     0.620197109E-02
     0.750000000E+00     0.522291913E+00     0.619774801E-02
     0.750000000E+00     0.531913951E+00     0.619382900E-02
     0.750000000E+00     0.541731968E+00     0.619019475E-02
     0.750000000E+00     0.551749959E+00     0.618682662E-02
     0.750000000E+00     0.561972156E+00     0.618370739E-02
     0.750000000E+00     0.572402551E+00     0.618082029E-02
     0.750000000E+00     0.583045438E+00     0.617814995E-02
     0.750000000E+00     0.593905165E+00     0.617568148E-02
     0.750000000E+00     0.604986086E+00     0.617340114E-02
     0.750000000E+00     0.616292849E+00     0.617129612E-02
     0.750000000E+00     0.627829924E+00     0.616935431E-02
     0.750000000E+00     0.639602020E+00     0.616756384E-02
     0.750000000E+00     0.651613965E+00     0.616591447E-02
     0.750000000E+00     0.663870647E+00     0.616439572E-02
     0.750000000E+00     0.676377013E+00     0.616299850E-02
     0.750000000E+00     0.689138189E+00     0.616171374E-02
     0.750000000E+00     0.702159300E+00     0.616053329E-02
     0.750000000E+00     0.715445771E+00     0.615944969E-02
     0.750000000E+00     0.729002848E+00     0.615845528E-02
     0.750000000E+00     0.742836192E+00     0.615754351E-02
     0.750000000E+00     0.756951287E+00     0.615670835E-02
     0.750000000E+00     0.771353975E+00     0.615594373E-02
     0.750000000E+00     0.786050155E+00     0.615524431E-02
     0.750000000E+00     0.801045671E+00     0.615460495E-02
     0.750000000E+00     0.816346720E+00     0.615402148E-02
     0.750000000E+00     0.831959441E+00     0.615348853E-02
     0.750000000E+00     0.847890332E+00     0.615300308E-02
     0.750000000E+00     0.864145711E+00     0.615256047E-02
     0.750000000E+00     0.880732253E+00     0.615215814E-02
     0.750000000E+00     0.897656753E+00     0.615179213E-02
     0.750000000E+00     0.914926067E+00     0.615145988E-02
     0.750000000E+00     0.932547167E+00     0.615115813E-02
     0.750000000E+00     0.950527265E+00     0.615088502E-02
     0.750000000E+00     0.968873694E+00     0.615063799E-02
     0.750000000E+00     0.987593904E+00     0.615041447E-02
     0.750000000E+00     0.100669552E+01     0.615021284E-02
     0.750000000E+00     0.102618624E+01     0.615003076E-02
     0.750000000E+00     0.104607405E+01     0.614986708E-02
     0.750000000E+00     0.106636704E+01     0.614971993E-02
     0.750000000E+00     0.108707346E+01     0.614958815E-02
     0.750000000E+00     0.110820176E+01     0.614947011E-02
     0.750000000E+00     0.112976040E+01     0.614936464E-02
     0.750000000E+00     0.115175833E+01     0.614927057E-02
     0.750000000E+00     0.117420448E+01     0.614918699E-02
     0.750000000E+00     0.119710793E+01     0.614911295E-02
     0.750000000E+00     0.122047783E+01     0.614904729E-02
     0.750000000E+00     0.124432398E+01     0.614898978E-02
     0.750000000E+00     0.126865591E+01     0.614893925E-02
     0.750000000E+00     0.129348363E+01     0.614889478E-02
     0.750000000E+00     0.131881703E+01     0.614885637E-02
     0.750000000E+00     0.134466661E+01     0.614882354E-02
     0.750000000E+00     0.137104286E+01     0.614879513E-02
     0.750000000E+00     0.139795639E+01     0.614877068E-02
     0.750000000E+00     0.142541827E+01     0.614875043E-02
     0.750000000E+00     0.145343973E+01     0.614873366E-02
     0.750000000E+00     0.148203196E+01     0.614871969E-02
     0.750000000E+00     0.151120664E+01     0.614870875E-02
     0.750000000E+00     0.154097582E+01     0.614870037E-02
     0.750000000E+00     0.157135142E+01     0.614869385E-02
     0.750000000E+00     0.160234584E+01     0.614868943E-02
     0.750000000E+00     0.163397182E+01     0.614868663E-02
     0.750000000E+00     0.166624202E+01     0.614868570E-02
     0.750000000E+00     0.169916965E+01     0.614868570E-02
     0.750000000E+00     0.173276819E+01     0.614868710E-02
     0.750000000E+00     0.176705112E+01     0.614868966E-02
     0.750000000E+00     0.180203260E+01     0.614869292E-02
     0.750000000E+00     0.183772673E+01     0.614869711E-02
     0.750000000E+00     0.187414803E+01     0.614870177E-02
     0.750000000E+00     0.191131140E+01     0.614870712E-02
     0.750000000E+00     0.194923176E+01     0.614871294E-02
     0.750000000E+00     0.198792483E+01     0.614871923E-02
     0.750000000E+00     0.202740623E+01     0.614872598E-02
     0.750000000E+00     0.206769182E+01     0.614873273E-02
     0.750000000E+00     0.210879804E+01     0.614873972E-02
     0.750000000E+00     0.215074207E+01     0.614874694E-02
     0.750000000E+00     0.219354035E+01     0.614875439E-02
     0.750000000E+00     0.223721077E+01     0.614876184E-02
     0.750000000E+00     0.228177072E+01     0.614876929E-02
     0.750000000E+00     0.232723857E+01     0.614877674E-02
     0.750000000E+00     0.237363268E+01     0.614878419E-02
     0.750000000E+00     0.242097188E+01     0.614879141E-02
     0.750000000E+00     0.246927573E+01     0.614879886E-02
     0.750000000E+00     0.251856352E+01     0.614880607E-02
     0.750000000E+00     0.256885554E+01     0.614881329E-02
     0.750000000E+00     0.262017204E+01     0.614882028E-02
     0.750000000E+00     0.267253424E+01     0.614882703E-02
     0.750000000E+00     0.272596289E+01     0.614883378E-02
     0.750000000E+00     0.278048040E+01     0.614884030E-02
     0.750000000E+00     0.283610822E+01     0.614884682E-02
     0.750000000E+00     0.289286973E+01     0.614885311E-02
     0.750000000E+00     0.295078732E+01     0.614885916E-02
     0.750000000E+00     0.300988509E+01     0.614886498E-02
     0.750000000E+00     0.307018663E+01     0.614887080E-02
     0.750000000E+00     0.313171698E+01     0.614887616E-02
     0.750000000E+00     0.319450070E+01     0.614888151E-02
     0.750000000E+00     0.325856353E+01     0.614888663E-02
     0.750000000E+00     0.332393147E+01     0.614889152E-02
     0.750000000E+00     0.339063121E+01     0.614889618E-02
     0.750000000E+00     0.345868994E+01     0.614890060E-02
     0.750000000E+00     0.352813508E+01     0.614890503E-02
     0.750000000E+00     0.359899498E+01     0.614890922E-02
     0.750000000E+00     0.367129852E+01     0.614891318E-02
     0.750000000E+00     0.374507524E+01     0.614891690E-02
     0.750000000E+00     0.382035495E+01     0.614892016E-02
     0.750000000E+00     0.389716817E+01     0.614892342E-02
     0.750000000E+00     0.397554661E+01     0.614892668E-02
     0.750000000E+00     0.405552150E+01     0.614892948E-02
     0.750000000E+00     0.413712598E+01     0.614893227E-02
     0.750000000E+00     0.422039272E+01     0.614893460E-02
     0.750000000E+00     0.430535604E+01     0.614893646E-02
     0.750000000E+00     0.439205028E+01     0.614893879E-02
     0.750000000E+00     0.448051120E+01     0.614894019E-02
     0.750000000E+00     0.457077362E+01     0.614894158E-02
     0.750000000E+00     0.466287519E+01     0.614894298E-02
     0.750000000E+00     0.475685312E+01     0.614894391E-02
     0.750000000E+00     0.485274602E+01     0.614894438E-02
     0.750000000E+00     0.495059206E+01     0.614894484E-02
ZONE T="FUN3D"
 7.500000000E-01 5.000025034E-02 1.497501081E-11
 7.500000000E-01 5.000074208E-02 5.530479963E-10
 7.500000000E-01 5.000124127E-02 5.917676127E-09
 7.500000000E-01 5.000174046E-02 3.329657972E-08
 7.500000000E-01 5.000223219E-02 1.253101516E-07
 7.500000000E-01 5.000273138E-02 3.720265340E-07
 7.500000000E-01 5.000323057E-02 9.237327845E-07
 7.500000000E-01 5.000372976E-02 2.019017302E-06
 7.500000000E-01 5.000422895E-02 3.996894065E-06
 7.500000000E-01 5.000473559E-02 7.386987363E-06
 7.500000000E-01 5.000524223E-02 1.281573623E-05
 7.500000000E-01 5.000574887E-02 2.108321496E-05
 7.500000000E-01 5.000625551E-02 3.324746649E-05
 7.500000000E-01 5.000676960E-02 5.089255865E-05
 7.500000000E-01 5.000728369E-02 7.551264571E-05
 7.500000000E-01 5.000780523E-02 1.094902982E-04
 7.500000000E-01 5.000832677E-02 1.548532600E-04
 7.500000000E-01 5.000884831E-02 2.145249455E-04
 7.500000000E-01 5.000936985E-02 2.912069613E-04
 7.500000000E-01 5.000990629E-02 3.917659342E-04
 7.500000000E-01 5.001044273E-02 5.191976088E-04
 7.500000000E-01 5.001097918E-02 6.776424125E-04
 7.500000000E-01 5.001153052E-02 8.783823578E-04
 7.500000000E-01 5.001208186E-02 1.124807866E-03
 7.500000000E-01 5.001263320E-02 1.424531685E-03
 7.500000000E-01 5.001319200E-02 1.789979171E-03
 7.500000000E-01 5.001375079E-02 2.226544311E-03
 7.500000000E-01 5.001432449E-02 2.758971415E-03
 7.500000000E-01 5.001489818E-02 3.388225567E-03
 7.500000000E-01 5.001547933E-02 4.137083888E-03
 7.500000000E-01 5.001607537E-02 5.033100490E-03
 7.500000000E-01 5.001667142E-02 6.073419470E-03
 7.500000000E-01 5.001726747E-02 7.277724333E-03
 7.500000000E-01 5.001787841E-02 8.696195669E-03
 7.500000000E-01 5.001848936E-02 1.031987276E-02
 7.500000000E-01 5.001911521E-02 1.222207490E-02
 7.500000000E-01 5.001974851E-02 1.440351084E-02
 7.500000000E-01 5.002038181E-02 1.686419174E-02
 7.500000000E-01 5.002103746E-02 1.973716915E-02
 7.500000000E-01 5.002169311E-02 2.296777628E-02
 7.500000000E-01 5.002235621E-02 2.661545016E-02
 7.500000000E-01 5.002303421E-02 3.076674975E-02
 7.500000000E-01 5.002371222E-02 3.537034243E-02
 7.500000000E-01 5.002440512E-02 4.056940600E-02
 7.500000000E-01 5.002510548E-02 4.635903239E-02
 7.500000000E-01 5.002582073E-02 5.283632502E-02
 7.500000000E-01 5.002655089E-02 6.006032228E-02
 7.500000000E-01 5.002728105E-02 6.794577837E-02
 7.500000000E-01 5.002802610E-02 7.667566091E-02
 7.500000000E-01 5.002878606E-02 8.628733456E-02
 7.500000000E-01 5.002955347E-02 9.675744921E-02
 7.500000000E-01 5.003033578E-02 1.082370654E-01
 7.500000000E-01 5.003112555E-02 1.206650585E-01
 7.500000000E-01 5.003193021E-02 1.341726482E-01
 7.500000000E-01 5.003274977E-02 1.487766355E-01
 7.500000000E-01 5.003358424E-02 1.645562649E-01
 7.500000000E-01 5.003443360E-02 1.815572381E-01
 7.500000000E-01 5.003529042E-02 1.996225417E-01
 7.500000000E-01 5.003616214E-02 2.189750820E-01
 7.500000000E-01 5.003705621E-02 2.397851497E-01
 7.500000000E-01 5.003795028E-02 2.615067959E-01
 7.500000000E-01 5.003887415E-02 2.849818766E-01
 7.500000000E-01 5.003981292E-02 3.097850382E-01
 7.500000000E-01 5.004076660E-02 3.359366655E-01
 7.500000000E-01 5.004172772E-02 3.632863462E-01
 7.500000000E-01 5.004271865E-02 3.923894763E-01
 7.500000000E-01 5.004371703E-02 4.226649404E-01
 7.500000000E-01 5.004473776E-02 4.545137286E-01
 7.500000000E-01 5.004577339E-02 4.877206683E-01
 7.500000000E-01 5.004683137E-02 5.225990415E-01
 7.500000000E-01 5.004790425E-02 5.588577986E-01
 7.500000000E-01 5.004900694E-02 5.969555378E-01
 7.500000000E-01 5.005011708E-02 6.361293793E-01
 7.500000000E-01 5.005125701E-02 6.771740913E-01
 7.500000000E-01 5.005240440E-02 7.192943692E-01
 7.500000000E-01 5.005358905E-02 7.635990977E-01
 7.500000000E-01 5.005478859E-02 8.092046976E-01
 7.500000000E-01 5.005601048E-02 8.551476598E-01
 7.500000000E-01 5.005725473E-02 9.013968706E-01
 7.500000000E-01 5.005852133E-02 9.491482377E-01
 7.500000000E-01 5.005981028E-02 9.985104799E-01
 7.500000000E-01 5.006112903E-02 1.049877167E+00
 7.500000000E-01 5.006247014E-02 1.102848291E+00
 7.500000000E-01 5.006383359E-02 1.157451153E+00
 7.500000000E-01 5.006523430E-02 1.214396834E+00
 7.500000000E-01 5.006664991E-02 1.272657633E+00
 7.500000000E-01 5.006809533E-02 1.332872152E+00
 7.500000000E-01 5.006957054E-02 1.395154238E+00
 7.500000000E-01 5.007107556E-02 1.459462047E+00
 7.500000000E-01 5.007259548E-02 1.525103569E+00
 7.500000000E-01 5.007416010E-02 1.593398690E+00
 7.500000000E-01 5.007575452E-02 1.663740516E+00
 7.500000000E-01 5.007737875E-02 1.736162663E+00
 7.500000000E-01 5.007902533E-02 1.810276031E+00
 7.500000000E-01 5.008071661E-02 1.887037992E+00
 7.500000000E-01 5.008243024E-02 1.965553999E+00
 7.500000000E-01 5.008418113E-02 2.046449661E+00
 7.500000000E-01 5.008596182E-02 2.129329681E+00
 7.500000000E-01 5.008778721E-02 2.215010643E+00
 7.500000000E-01 5.008964241E-02 2.302654743E+00
 7.500000000E-01 5.009153485E-02 2.392646074E+00
 7.500000000E-01 5.009346455E-02 2.485101938E+00
 7.500000000E-01 5.009543896E-02 2.580326319E+00
 7.500000000E-01 5.009743571E-02 2.677185059E+00
 7.500000000E-01 5.009949207E-02 2.777431726E+00
 7.500000000E-01 5.010157824E-02 2.879650354E+00
 7.500000000E-01 5.010370165E-02 2.984326124E+00
 7.500000000E-01 5.010586977E-02 3.091675282E+00
 7.500000000E-01 5.010809004E-02 3.202012777E+00
 7.500000000E-01 5.011034012E-02 3.314350843E+00
 7.500000000E-01 5.011264980E-02 3.430119038E+00
 7.500000000E-01 5.011498928E-02 3.547856808E+00
 7.500000000E-01 5.011738837E-02 3.668908358E+00
 7.500000000E-01 5.011983216E-02 3.792557478E+00
 7.500000000E-01 5.012232065E-02 3.918929577E+00
 7.500000000E-01 5.012486875E-02 4.048625946E+00
 7.500000000E-01 5.012746155E-02 4.180827618E+00
 7.500000000E-01 5.013009906E-02 4.315660000E+00
 7.500000000E-01 5.013279617E-02 4.453724861E+00
 7.500000000E-01 5.013555288E-02 4.595058918E+00
 7.500000000E-01 5.013835430E-02 4.738925934E+00
 7.500000000E-01 5.014121532E-02 4.885933876E+00
 7.500000000E-01 5.014413595E-02 5.036208630E+00
 7.500000000E-01 5.014711618E-02 5.189589500E+00
 7.500000000E-01 5.015015602E-02 5.346109390E+00
 7.500000000E-01 5.015325546E-02 5.505699635E+00
 7.500000000E-01 5.015641451E-02 5.668297291E+00
 7.500000000E-01 5.015963316E-02 5.834026337E+00
 7.500000000E-01 5.016292632E-02 6.003492355E+00
 7.500000000E-01 5.016627908E-02 6.175860405E+00
 7.500000000E-01 5.016970634E-02 6.351926327E+00
 7.500000000E-01 5.017320067E-02 6.531239033E+00
 7.500000000E-01 5.017676204E-02 6.713731289E+00
 7.500000000E-01 5.018039793E-02 6.899716854E+00
 7.500000000E-01 5.018410832E-02 7.089221954E+00
 7.500000000E-01 5.018789321E-02 7.282176971E+00
 7.500000000E-01 5.019175261E-02 7.478418827E+00
 7.500000000E-01 5.019569397E-02 7.678446770E+00
 7.500000000E-01 5.019970238E-02 7.881340027E+00
 7.500000000E-01 5.020380765E-02 8.088538170E+00
 7.500000000E-01 5.020798743E-02 8.298933983E+00
 7.500000000E-01 5.021224916E-02 8.512834549E+00
 7.500000000E-01 5.021660775E-02 8.730820656E+00
 7.500000000E-01 5.022104830E-02 8.952075958E+00
 7.500000000E-01 5.022557825E-02 9.177086830E+00
 7.500000000E-01 5.023020506E-02 9.406056404E+00
 7.500000000E-01 5.023491383E-02 9.638086319E+00
 7.500000000E-01 5.023972690E-02 9.874206543E+00
 7.500000000E-01 5.024463683E-02 1.011406803E+01
 7.500000000E-01 5.024965107E-02 1.035796070E+01
 7.500000000E-01 5.025476217E-02 1.060544777E+01
 7.500000000E-01 5.025997013E-02 1.085636997E+01
 7.500000000E-01 5.026528984E-02 1.111137199E+01
 7.500000000E-01 5.027072132E-02 1.137037659E+01
 7.500000000E-01 5.027624965E-02 1.163260460E+01
 7.500000000E-01 5.028190464E-02 1.189939308E+01
 7.500000000E-01 5.028767139E-02 1.216987419E+01
 7.500000000E-01 5.029354990E-02 1.244397545E+01
 7.500000000E-01 5.029955506E-02 1.272231960E+01
 7.500000000E-01 5.030567944E-02 1.300448322E+01
 7.500000000E-01 5.031192303E-02 1.329030991E+01
 7.500000000E-01 5.031830072E-02 1.358040810E+01
 7.500000000E-01 5.032479763E-02 1.387402439E+01
 7.500000000E-01 5.033143610E-02 1.417201424E+01
 7.500000000E-01 5.033820868E-02 1.447387981E+01
 7.500000000E-01 5.034511536E-02 1.477955151E+01
 7.500000000E-01 5.035216361E-02 1.508928776E+01
 7.500000000E-01 5.035935342E-02 1.540293312E+01
 7.500000000E-01 5.036669225E-02 1.572066116E+01
 7.500000000E-01 5.037418008E-02 1.604239845E+01
 7.500000000E-01 5.038182437E-02 1.636839104E+01
 7.500000000E-01 5.038961768E-02 1.669809341E+01
 7.500000000E-01 5.039756745E-02 1.703175545E+01
 7.500000000E-01 5.040568113E-02 1.736962318E+01
 7.500000000E-01 5.041396618E-02 1.771177673E+01
 7.500000000E-01 5.042241514E-02 1.805776596E+01
 7.500000000E-01 5.043102801E-02 1.840753365E+01
 7.500000000E-01 5.043982714E-02 1.876184654E+01
 7.500000000E-01 5.044880509E-02 1.912026215E+01
 7.500000000E-01 5.045795441E-02 1.948234940E+01
 7.500000000E-01 5.046729743E-02 1.984886742E+01
 7.500000000E-01 5.047683418E-02 2.021967697E+01
 7.500000000E-01 5.048656464E-02 2.059465218E+01
 7.500000000E-01 5.049648881E-02 2.097366714E+01
 7.500000000E-01 5.050661415E-02 2.135682106E+01
 7.500000000E-01 5.051694810E-02 2.174427605E+01
 7.500000000E-01 5.052749068E-02 2.213591766E+01
 7.500000000E-01 5.053824186E-02 2.253170776E+01
 7.500000000E-01 5.054922402E-02 2.293222237E+01
 7.500000000E-01 5.056042224E-02 2.333674431E+01
 7.500000000E-01 5.057185143E-02 2.374585342E+01
 7.500000000E-01 5.058351159E-02 2.415931702E+01
 7.500000000E-01 5.059541017E-02 2.457725143E+01
 7.500000000E-01 5.060754716E-02 2.499956894E+01
 7.500000000E-01 5.061994493E-02 2.542690468E+01
 7.500000000E-01 5.063258111E-02 2.585841370E+01
 7.500000000E-01 5.064547062E-02 2.629448128E+01
 7.500000000E-01 5.065863580E-02 2.673573875E+01
 7.500000000E-01 5.067206174E-02 2.718163109E+01
 7.500000000E-01 5.068576336E-02 2.763248062E+01
 7.500000000E-01 5.069974065E-02 2.808812904E+01
 7.500000000E-01 5.071400851E-02 2.854909134E+01
 7.500000000E-01 5.072855949E-02 2.901498222E+01
 7.500000000E-01 5.074341595E-02 2.948637962E+01
 7.500000000E-01 5.075857043E-02 2.996310043E+01
 7.500000000E-01 5.077403039E-02 3.044520569E+01
 7.500000000E-01 5.078980327E-02 3.093282700E+01
 7.500000000E-01 5.080591142E-02 3.142672348E+01
 7.500000000E-01 5.082233250E-02 3.192607498E+01
 7.500000000E-01 5.083909631E-02 3.243165588E+01
 7.500000000E-01 5.085619539E-02 3.294329834E+01
 7.500000000E-01 5.087364465E-02 3.346145248E+01
 7.500000000E-01 5.089145154E-02 3.398624039E+01
 7.500000000E-01 5.090962350E-02 3.451786041E+01
 7.500000000E-01 5.092816055E-02 3.505630112E+01
 7.500000000E-01 5.094707012E-02 3.560177994E+01
 7.500000000E-01 5.096637458E-02 3.615500641E+01
 7.500000000E-01 5.098606646E-02 3.671573639E+01
 7.500000000E-01 5.100616813E-02 3.728464127E+01
 7.500000000E-01 5.102667212E-02 3.786151505E+01
 7.500000000E-01 5.104759336E-02 3.844678879E+01
 7.500000000E-01 5.106893927E-02 3.904079819E+01
 7.500000000E-01 5.109071732E-02 3.964373398E+01
 7.500000000E-01 5.111294985E-02 4.025632477E+01
 7.500000000E-01 5.113562942E-02 4.087847137E+01
 7.500000000E-01 5.115877092E-02 4.151056290E+01
 7.500000000E-01 5.118238181E-02 4.215293121E+01
 7.500000000E-01 5.120646954E-02 4.280588531E+01
 7.500000000E-01 5.123105645E-02 4.347008133E+01
 7.500000000E-01 5.125615001E-02 4.414583969E+01
 7.500000000E-01 5.128173530E-02 4.483288574E+01
 7.500000000E-01 5.130785704E-02 4.553254318E+01
 7.500000000E-01 5.133450776E-02 4.624465561E+01
 7.500000000E-01 5.136169493E-02 4.696951294E+01
 7.500000000E-01 5.138944089E-02 4.770784378E+01
 7.500000000E-01 5.141775310E-02 4.845989227E+01
 7.500000000E-01 5.144664645E-02 4.922619629E+01
 7.500000000E-01 5.147612095E-02 5.000678253E+01
 7.500000000E-01 5.150619894E-02 5.080227280E+01
 7.500000000E-01 5.153688788E-02 5.161297989E+01
 7.500000000E-01 5.156820267E-02 5.243923950E+01
 7.500000000E-01 5.160015821E-02 5.328142929E+01
 7.500000000E-01 5.163276196E-02 5.413975525E+01
 7.500000000E-01 5.166602880E-02 5.501453781E+01
 7.500000000E-01 5.169997364E-02 5.590601349E+01
 7.500000000E-01 5.173461139E-02 5.681439209E+01
 7.500000000E-01 5.176995695E-02 5.773987198E+01
 7.500000000E-01 5.180601776E-02 5.868242264E+01
 7.500000000E-01 5.184280872E-02 5.964209366E+01
 7.500000000E-01 5.188035965E-02 6.061925888E+01
 7.500000000E-01 5.191867054E-02 6.161339951E+01
 7.500000000E-01 5.195776373E-02 6.262449646E+01
 7.500000000E-01 5.199765414E-02 6.365235138E+01
 7.500000000E-01 5.203835666E-02 6.469657135E+01
 7.500000000E-01 5.207988620E-02 6.575662231E+01
 7.500000000E-01 5.212226510E-02 6.683212280E+01
 7.500000000E-01 5.216550082E-02 6.792214966E+01
 7.500000000E-01 5.220961571E-02 6.902603149E+01
 7.500000000E-01 5.225463957E-02 7.014304352E+01
 7.500000000E-01 5.230057240E-02 7.127161407E+01
 7.500000000E-01 5.234745145E-02 7.241097260E+01
 7.500000000E-01 5.239526927E-02 7.355901337E+01
 7.500000000E-01 5.244407058E-02 7.471474457E+01
 7.500000000E-01 5.249387026E-02 7.587623596E+01
 7.500000000E-01 5.254468322E-02 7.704134369E+01
 7.500000000E-01 5.259652436E-02 7.820780182E+01
 7.500000000E-01 5.264942348E-02 7.929637909E+01
 7.500000000E-01 5.270341039E-02 8.024739075E+01
 7.500000000E-01 5.275848508E-02 8.112783051E+01
 7.500000000E-01 5.281468481E-02 8.198555756E+01
 7.500000000E-01 5.287203193E-02 8.281793976E+01
 7.500000000E-01 5.293054879E-02 8.362226105E+01
 7.500000000E-01 5.299025029E-02 8.439559937E+01
 7.500000000E-01 5.305117369E-02 8.513519287E+01
 7.500000000E-01 5.311334133E-02 8.583802795E+01
 7.500000000E-01 5.317676812E-02 8.650092316E+01
 7.500000000E-01 5.324149132E-02 8.712081909E+01
 7.500000000E-01 5.330753326E-02 8.769444275E+01
 7.500000000E-01 5.337491632E-02 8.821851349E+01
 7.500000000E-01 5.344367027E-02 8.868977356E+01
 7.500000000E-01 5.351383239E-02 8.910492706E+01
 7.500000000E-01 5.358542502E-02 8.946057892E+01
 7.500000000E-01 5.365847051E-02 8.975337982E+01
 7.500000000E-01 5.373300612E-02 8.998003387E+01
 7.500000000E-01 5.380906165E-02 9.013726044E+01
 7.500000000E-01 5.388666689E-02 9.022180176E+01
 7.500000000E-01 5.396585166E-02 9.023046112E+01
 7.500000000E-01 5.404664576E-02 9.016011810E+01
 7.500000000E-01 5.412909389E-02 9.000769043E+01
 7.500000000E-01 5.421321094E-02 8.977024078E+01
 7.500000000E-01 5.429904908E-02 8.944480896E+01
 7.500000000E-01 5.438663065E-02 8.902861786E+01
 7.500000000E-01 5.447600782E-02 8.851883698E+01
 7.500000000E-01 5.456719548E-02 8.791291046E+01
 7.500000000E-01 5.466024578E-02 8.720810699E+01
 7.500000000E-01 5.475518852E-02 8.640190887E+01
 7.500000000E-01 5.485206842E-02 8.549172211E+01
 7.500000000E-01 5.495092273E-02 8.447499847E+01
 7.500000000E-01 5.505178869E-02 8.334916687E+01
 7.500000000E-01 5.515471101E-02 8.211149597E+01
 7.500000000E-01 5.525971949E-02 8.075937653E+01
 7.500000000E-01 5.536688119E-02 7.928958893E+01
 7.500000000E-01 5.547621846E-02 7.769931793E+01
 7.500000000E-01 5.558779091E-02 7.598503876E+01
 7.500000000E-01 5.570162833E-02 7.414361572E+01
 7.500000000E-01 5.581779033E-02 7.217139435E+01
 7.500000000E-01 5.593632162E-02 7.006496429E+01
 7.500000000E-01 5.605725944E-02 6.782135773E+01
 7.500000000E-01 5.618066341E-02 6.543769073E+01
 7.500000000E-01 5.630658567E-02 6.291204071E+01
 7.500000000E-01 5.643506348E-02 6.024554062E+01
 7.500000000E-01 5.656617135E-02 5.744455719E+01
 7.500000000E-01 5.669994652E-02 5.451981735E+01
 7.500000000E-01 5.683644116E-02 5.148041534E+01
 7.500000000E-01 5.697572231E-02 4.833287048E+01
 7.500000000E-01 5.711783469E-02 4.508123398E+01
 7.500000000E-01 5.726285279E-02 4.172565842E+01
 7.500000000E-01 5.741082132E-02 3.826557541E+01
 7.500000000E-01 5.756179988E-02 3.470233917E+01
 7.500000000E-01 5.771585554E-02 3.104370499E+01
 7.500000000E-01 5.787305534E-02 2.730727005E+01
 7.500000000E-01 5.803345144E-02 2.352335358E+01
 7.500000000E-01 5.819711089E-02 1.973856735E+01
 7.500000000E-01 5.836411566E-02 1.602290154E+01
 7.500000000E-01 5.853451788E-02 1.248135757E+01
 7.500000000E-01 5.870839208E-02 9.265332222E+00
 7.500000000E-01 5.888581276E-02 6.571984768E+00
 7.500000000E-01 5.906683952E-02 4.781715870E+00
 7.500000000E-01 5.925156176E-02 2.783867598E+00
 7.500000000E-01 5.944004655E-02 8.571612835E-01
 7.500000000E-01 5.963236094E-02 2.052027881E-01
 7.500000000E-01 5.982860923E-02 4.803668335E-02
 7.500000000E-01 6.002884358E-02 7.166094147E-03
 7.500000000E-01 6.023316085E-02 1.404902665E-03
 7.500000000E-01 6.044164300E-02 6.147505483E-04
 7.500000000E-01 6.065437198E-02 5.133767845E-04
 7.500000000E-01 6.087143719E-02 5.047371378E-04
 7.500000000E-01 6.109291315E-02 5.082794814E-04
 7.500000000E-01 6.131891161E-02 5.135110696E-04
 7.500000000E-01 6.154951453E-02 5.191353848E-04
 7.500000000E-01 6.178481132E-02 5.250230897E-04
 7.500000000E-01 6.202490628E-02 5.311827990E-04
 7.500000000E-01 6.226988137E-02 5.376412882E-04
 7.500000000E-01 6.251986325E-02 5.444289418E-04
 7.500000000E-01 6.277492642E-02 5.515770754E-04
 7.500000000E-01 6.303519011E-02 5.591198569E-04
 7.500000000E-01 6.330075860E-02 5.670932005E-04
 7.500000000E-01 6.357173622E-02 5.755344755E-04
 7.500000000E-01 6.384823471E-02 5.844850675E-04
 7.500000000E-01 6.413035840E-02 5.939887487E-04
 7.500000000E-01 6.441824138E-02 6.040913286E-04
 7.500000000E-01 6.471198052E-02 6.148418179E-04
 7.500000000E-01 6.501170993E-02 6.262953393E-04
 7.500000000E-01 6.531754136E-02 6.385106244E-04
 7.500000000E-01 6.562960893E-02 6.515528657E-04
 7.500000000E-01 6.594803184E-02 6.654939498E-04
 7.500000000E-01 6.627293676E-02 6.804144359E-04
 7.500000000E-01 6.660446525E-02 6.964053609E-04
 7.500000000E-01 6.694275141E-02 7.135697524E-04
 7.500000000E-01 6.728792191E-02 7.320244331E-04
 7.500000000E-01 6.764013320E-02 7.519033970E-04
 7.500000000E-01 6.799951196E-02 7.733583334E-04
 7.500000000E-01 6.836621463E-02 7.965634577E-04
 7.500000000E-01 6.874039024E-02 8.217161521E-04
 7.500000000E-01 6.912218779E-02 8.490389446E-04
 7.500000000E-01 6.951176375E-02 8.787818369E-04
 7.500000000E-01 6.990927458E-02 9.112241678E-04
 7.500000000E-01 7.031489164E-02 9.466765914E-04
 7.500000000E-01 7.072876394E-02 9.854803793E-04
 7.500000000E-01 7.115107030E-02 1.028012601E-03
 7.500000000E-01 7.158198208E-02 1.074685715E-03
 7.500000000E-01 7.202167064E-02 1.125949319E-03
 7.500000000E-01 7.247032225E-02 1.182293403E-03
 7.500000000E-01 7.292810827E-02 1.244248007E-03
 7.500000000E-01 7.339522243E-02 1.312389737E-03
 7.500000000E-01 7.387185097E-02 1.387341064E-03
 7.500000000E-01 7.435819507E-02 1.469779178E-03
 7.500000000E-01 7.485444099E-02 1.560436329E-03
 7.500000000E-01 7.536078990E-02 1.660111826E-03
 7.500000000E-01 7.587747276E-02 1.769684954E-03
 7.500000000E-01 7.640467584E-02 1.890109037E-03
 7.500000000E-01 7.694260776E-02 2.022434724E-03
 7.500000000E-01 7.749152184E-02 2.167830709E-03
 7.500000000E-01 7.805161178E-02 2.327569528E-03
 7.500000000E-01 7.862310112E-02 2.503062133E-03
 7.500000000E-01 7.920624316E-02 2.695878502E-03
 7.500000000E-01 7.980124652E-02 2.907736925E-03
 7.500000000E-01 8.040839434E-02 3.140560118E-03
 7.500000000E-01 8.102791011E-02 3.396456363E-03
 7.500000000E-01 8.166003227E-02 3.677762346E-03
 7.500000000E-01 8.230504394E-02 3.987090196E-03
 7.500000000E-01 8.296319842E-02 4.327330273E-03
 7.500000000E-01 8.363474905E-02 4.701701924E-03
 7.500000000E-01 8.431999385E-02 5.113852210E-03
 7.500000000E-01 8.501918614E-02 5.567903165E-03
 7.500000000E-01 8.573263884E-02 6.068722811E-03
 7.500000000E-01 8.646062016E-02 6.522203796E-03
 7.500000000E-01 8.720342815E-02 6.712917704E-03
 7.500000000E-01 8.796137571E-02 6.712854840E-03
 7.500000000E-01 8.873476088E-02 6.712704897E-03
 7.500000000E-01 8.952389657E-02 6.712544709E-03
 7.500000000E-01 9.032912552E-02 6.712375209E-03
 7.500000000E-01 9.115074575E-02 6.712195929E-03
 7.500000000E-01 9.198911488E-02 6.712005939E-03
 7.500000000E-01 9.284456074E-02 6.711805239E-03
 7.500000000E-01 9.371742606E-02 6.711592898E-03
 7.500000000E-01 9.460808337E-02 6.711368449E-03
 7.500000000E-01 9.551687539E-02 6.711130496E-03
 7.500000000E-01 9.644420445E-02 6.710879039E-03
 7.500000000E-01 9.739039838E-02 6.710613146E-03
 7.500000000E-01 9.835587442E-02 6.710332353E-03
 7.500000000E-01 9.934104979E-02 6.710035726E-03
 7.500000000E-01 1.003462970E-01 6.709722336E-03
 7.500000000E-01 1.013720036E-01 6.709391717E-03
 7.500000000E-01 1.024186015E-01 6.709042937E-03
 7.500000000E-01 1.034865007E-01 6.708675064E-03
 7.500000000E-01 1.045762002E-01 6.708287168E-03
 7.500000000E-01 1.056881025E-01 6.707878318E-03
 7.500000000E-01 1.068226025E-01 6.707448047E-03
 7.500000000E-01 1.079801992E-01 6.706994958E-03
 7.500000000E-01 1.091615036E-01 6.706518121E-03
 7.500000000E-01 1.103667021E-01 6.706016604E-03
 7.500000000E-01 1.115965992E-01 6.705489010E-03
 7.500000000E-01 1.128515005E-01 6.704934873E-03
 7.500000000E-01 1.141320020E-01 6.704352330E-03
 7.500000000E-01 1.154384986E-01 6.703740917E-03
 7.500000000E-01 1.167716980E-01 6.703099236E-03
 7.500000000E-01 1.181320995E-01 6.702425424E-03
 7.500000000E-01 1.195200980E-01 6.701719016E-03
 7.500000000E-01 1.209364012E-01 6.700978149E-03
 7.500000000E-01 1.223815978E-01 6.700201426E-03
 7.500000000E-01 1.238562986E-01 6.699387915E-03
 7.500000000E-01 1.253609061E-01 6.698535290E-03
 7.500000000E-01 1.268962026E-01 6.697642151E-03
 7.500000000E-01 1.284628958E-01 6.696707569E-03
 7.500000000E-01 1.300614029E-01 6.695728749E-03
 7.500000000E-01 1.316924989E-01 6.694705226E-03
 7.500000000E-01 1.333567947E-01 6.693634205E-03
 7.500000000E-01 1.350550056E-01 6.692513824E-03
 7.500000000E-01 1.367878020E-01 6.691342685E-03
 7.500000000E-01 1.385560036E-01 6.690118462E-03
 7.500000000E-01 1.403601021E-01 6.688839290E-03
 7.500000000E-01 1.422010064E-01 6.687502377E-03
 7.500000000E-01 1.440794021E-01 6.686106324E-03
 7.500000000E-01 1.459960938E-01 6.684648339E-03
 7.500000000E-01 1.479517967E-01 6.683126092E-03
 7.500000000E-01 1.499474049E-01 6.681536324E-03
 7.500000000E-01 1.519836038E-01 6.679877173E-03
 7.500000000E-01 1.540613025E-01 6.678145379E-03
 7.500000000E-01 1.561813951E-01 6.676338147E-03
 7.500000000E-01 1.583445966E-01 6.674452219E-03
 7.500000000E-01 1.605519056E-01 6.672484800E-03
 7.500000000E-01 1.628042012E-01 6.670432631E-03
 7.500000000E-01 1.651023030E-01 6.668291986E-03
 7.500000000E-01 1.674472988E-01 6.666059140E-03
 7.500000000E-01 1.698400974E-01 6.663730834E-03
 7.500000000E-01 1.722815931E-01 6.661302876E-03
 7.500000000E-01 1.747727990E-01 6.658772007E-03
 7.500000000E-01 1.773148030E-01 6.656132173E-03
 7.500000000E-01 1.799086034E-01 6.653380115E-03
 7.500000000E-01 1.825551987E-01 6.650510244E-03
 7.500000000E-01 1.852557957E-01 6.647517439E-03
 7.500000000E-01 1.880113035E-01 6.644396111E-03
 7.500000000E-01 1.908230036E-01 6.641140673E-03
 7.500000000E-01 1.936919987E-01 6.637745071E-03
 7.500000000E-01 1.966194063E-01 6.634202320E-03
 7.500000000E-01 1.996064931E-01 6.630505901E-03
 7.500000000E-01 2.026544064E-01 6.626648363E-03
 7.500000000E-01 2.057645023E-01 6.622622721E-03
 7.500000000E-01 2.089377940E-01 6.618420128E-03
 7.500000000E-01 2.121759057E-01 6.614032201E-03
 7.500000000E-01 2.154798955E-01 6.609450094E-03
 7.500000000E-01 2.188511938E-01 6.604663562E-03
 7.500000000E-01 2.222912014E-01 6.599661428E-03
 7.500000000E-01 2.258013040E-01 6.594432052E-03
 7.500000000E-01 2.293829024E-01 6.588963792E-03
 7.500000000E-01 2.330373973E-01 6.583242211E-03
 7.500000000E-01 2.367665023E-01 6.577251479E-03
 7.500000000E-01 2.405714989E-01 6.570975296E-03
 7.500000000E-01 2.444539964E-01 6.564394571E-03
 7.500000000E-01 2.484154999E-01 6.557488814E-03
 7.500000000E-01 2.524578869E-01 6.550233345E-03
 7.500000000E-01 2.565825880E-01 6.542602088E-03
 7.500000000E-01 2.607912123E-01 6.534563843E-03
 7.500000000E-01 2.650856972E-01 6.526080891E-03
 7.500000000E-01 2.694677114E-01 6.517111324E-03
 7.500000000E-01 2.739388049E-01 6.507602986E-03
 7.500000000E-01 2.785012126E-01 6.497488357E-03
 7.500000000E-01 2.831563950E-01 6.486683153E-03
 7.500000000E-01 2.879064977E-01 6.475066300E-03
 7.500000000E-01 2.927533090E-01 6.462449674E-03
 7.500000000E-01 2.976990044E-01 6.448483560E-03
 7.500000000E-01 3.027453125E-01 6.431979127E-03
 7.500000000E-01 3.078944981E-01 6.412203889E-03
 7.500000000E-01 3.131485879E-01 6.391411182E-03
 7.500000000E-01 3.185096979E-01 6.371660624E-03
 7.500000000E-01 3.239800036E-01 6.352964323E-03
 7.500000000E-01 3.295617998E-01 6.335279904E-03
 7.500000000E-01 3.352574110E-01 6.318564992E-03
 7.500000000E-01 3.410688937E-01 6.302780006E-03
 7.500000000E-01 3.469988108E-01 6.287883967E-03
 7.500000000E-01 3.530496061E-01 6.273838226E-03
 7.500000000E-01 3.592236042E-01 6.260604598E-03
 7.500000000E-01 3.655233979E-01 6.248145830E-03
 7.500000000E-01 3.719514906E-01 6.236426067E-03
 7.500000000E-01 3.785107136E-01 6.225409452E-03
 7.500000000E-01 3.852033913E-01 6.215062924E-03
 7.500000000E-01 3.920325041E-01 6.205352489E-03
 7.500000000E-01 3.990007043E-01 6.196247414E-03
 7.500000000E-01 4.061109126E-01 6.187716033E-03
 7.500000000E-01 4.133659005E-01 6.179729477E-03
 7.500000000E-01 4.207687974E-01 6.172258407E-03
 7.500000000E-01 4.283224046E-01 6.165275816E-03
 7.500000000E-01 4.360300004E-01 6.158754695E-03
 7.500000000E-01 4.438945949E-01 6.152670830E-03
 7.500000000E-01 4.519194067E-01 6.146999542E-03
 7.500000000E-01 4.601075947E-01 6.141717546E-03
 7.500000000E-01 4.684627950E-01 6.136802491E-03
 7.500000000E-01 4.769881070E-01 6.132233422E-03
 7.500000000E-01 4.856871068E-01 6.127990782E-03
 7.500000000E-01 4.945634007E-01 6.124055013E-03
 7.500000000E-01 5.036203861E-01 6.120407488E-03
 7.500000000E-01 5.128620267E-01 6.117031910E-03
 7.500000000E-01 5.222918987E-01 6.113911513E-03
 7.500000000E-01 5.319138765E-01 6.111031398E-03
 7.500000000E-01 5.417320132E-01 6.108375732E-03
 7.500000000E-01 5.517498851E-01 6.105931476E-03
 7.500000000E-01 5.619720817E-01 6.103686057E-03
 7.500000000E-01 5.724024773E-01 6.101626903E-03
 7.500000000E-01 5.830454230E-01 6.099742372E-03
 7.500000000E-01 5.939052105E-01 6.098022219E-03
 7.500000000E-01 6.049860716E-01 6.096455734E-03
 7.500000000E-01 6.162927747E-01 6.095034536E-03
 7.500000000E-01 6.278299093E-01 6.093748845E-03
 7.500000000E-01 6.396020055E-01 6.092591677E-03
 7.500000000E-01 6.516140103E-01 6.091555115E-03
 7.500000000E-01 6.638705730E-01 6.090632174E-03
 7.500000000E-01 6.763769984E-01 6.089816801E-03
 7.500000000E-01 6.891381741E-01 6.089103408E-03
 7.500000000E-01 7.021592855E-01 6.088486873E-03
 7.500000000E-01 7.154458165E-01 6.087962538E-03
 7.500000000E-01 7.290027738E-01 6.087526213E-03
 7.500000000E-01 7.428361773E-01 6.087174639E-03
 7.500000000E-01 7.569512725E-01 6.086904556E-03
 7.500000000E-01 7.713540196E-01 6.086713634E-03
 7.500000000E-01 7.860500813E-01 6.086600013E-03
 7.500000000E-01 8.010457158E-01 6.086561829E-03
 7.500000000E-01 8.163467050E-01 6.086598616E-03
 7.500000000E-01 8.319594264E-01 6.086709443E-03
 7.500000000E-01 8.478903174E-01 6.086895242E-03
 7.500000000E-01 8.641456962E-01 6.087155547E-03
 7.500000000E-01 8.807321787E-01 6.087492220E-03
 7.500000000E-01 8.976566792E-01 6.087906193E-03
 7.500000000E-01 9.149261117E-01 6.088400260E-03
 7.500000000E-01 9.325472116E-01 6.088976283E-03
 7.500000000E-01 9.505273104E-01 6.089637056E-03
 7.500000000E-01 9.688736796E-01 6.090385374E-03
 7.500000000E-01 9.875938296E-01 6.091224961E-03
 7.500000000E-01 1.006695986E+00 6.092157215E-03
 7.500000000E-01 1.026185989E+00 6.093185861E-03
 7.500000000E-01 1.046074033E+00 6.094312295E-03
 7.500000000E-01 1.066367030E+00 6.095537450E-03
 7.500000000E-01 1.087074041E+00 6.096859928E-03
 7.500000000E-01 1.108201981E+00 6.098276936E-03
 7.500000000E-01 1.129760981E+00 6.099782884E-03
 7.500000000E-01 1.151757956E+00 6.101367995E-03
 7.500000000E-01 1.174204946E+00 6.103019230E-03
 7.500000000E-01 1.197108030E+00 6.104718894E-03
 7.500000000E-01 1.220478058E+00 6.106444634E-03
 7.500000000E-01 1.244323969E+00 6.108168047E-03
 7.500000000E-01 1.268656015E+00 6.109858397E-03
 7.500000000E-01 1.293483973E+00 6.111480296E-03
 7.500000000E-01 1.318817019E+00 6.112999283E-03
 7.500000000E-01 1.344666958E+00 6.114380434E-03
 7.500000000E-01 1.371042967E+00 6.115595810E-03
 7.500000000E-01 1.397956014E+00 6.116624456E-03
 7.500000000E-01 1.425418019E+00 6.117457058E-03
 7.500000000E-01 1.453439951E+00 6.118096877E-03
 7.500000000E-01 1.482031941E+00 6.118558813E-03
 7.500000000E-01 1.511206985E+00 6.118869409E-03
 7.500000000E-01 1.540976048E+00 6.119059864E-03
 7.500000000E-01 1.571352005E+00 6.119163707E-03
 7.500000000E-01 1.602345943E+00 6.119211204E-03
 7.500000000E-01 1.633972049E+00 6.119226106E-03
 7.500000000E-01 1.666242003E+00 6.119224709E-03
 7.500000000E-01 1.699169993E+00 6.119216327E-03
 7.500000000E-01 1.732768059E+00 6.119206548E-03
 7.500000000E-01 1.767050982E+00 6.119196769E-03
 7.500000000E-01 1.802032948E+00 6.119187921E-03
 7.500000000E-01 1.837726951E+00 6.119180005E-03
 7.500000000E-01 1.874148011E+00 6.119173020E-03
 7.500000000E-01 1.911311030E+00 6.119166501E-03
 7.500000000E-01 1.949231982E+00 6.119160913E-03
 7.500000000E-01 1.987925053E+00 6.119156256E-03
 7.500000000E-01 2.027405977E+00 6.119152065E-03
 7.500000000E-01 2.067692041E+00 6.119148340E-03
 7.500000000E-01 2.108798027E+00 6.119145080E-03
 7.500000000E-01 2.150742054E+00 6.119142286E-03
 7.500000000E-01 2.193540096E+00 6.119139958E-03
 7.500000000E-01 2.237210989E+00 6.119138096E-03
 7.500000000E-01 2.281770945E+00 6.119136699E-03
 7.500000000E-01 2.327239037E+00 6.119135302E-03
 7.500000000E-01 2.373632908E+00 6.119134370E-03
 7.500000000E-01 2.420972109E+00 6.119133905E-03
 7.500000000E-01 2.469275951E+00 6.119133439E-03
 7.500000000E-01 2.518563986E+00 6.119133439E-03
 7.500000000E-01 2.568856001E+00 6.119133905E-03
 7.500000000E-01 2.620172024E+00 6.119134370E-03
 7.500000000E-01 2.672533989E+00 6.119134836E-03
 7.500000000E-01 2.725963116E+00 6.119135767E-03
 7.500000000E-01 2.780479908E+00 6.119137164E-03
 7.500000000E-01 2.836107969E+00 6.119138561E-03
 7.500000000E-01 2.892869949E+00 6.119140424E-03
 7.500000000E-01 2.950787067E+00 6.119142752E-03
 7.500000000E-01 3.009885073E+00 6.119145080E-03
 7.500000000E-01 3.070187092E+00 6.119147409E-03
 7.500000000E-01 3.131716967E+00 6.119150668E-03
 7.500000000E-01 3.194500923E+00 6.119153928E-03
 7.500000000E-01 3.258563995E+00 6.119157188E-03
 7.500000000E-01 3.323930979E+00 6.119161379E-03
 7.500000000E-01 3.390630960E+00 6.119165570E-03
 7.500000000E-01 3.458689928E+00 6.119169760E-03
 7.500000000E-01 3.528135061E+00 6.119174883E-03
 7.500000000E-01 3.598994970E+00 6.119180005E-03
 7.500000000E-01 3.671298981E+00 6.119185593E-03
 7.500000000E-01 3.745074987E+00 6.119191647E-03
 7.500000000E-01 3.820354939E+00 6.119198166E-03
 7.500000000E-01 3.897167921E+00 6.119205151E-03
 7.500000000E-01 3.975547075E+00 6.119212136E-03
 7.500000000E-01 4.055521011E+00 6.119220052E-03
 7.500000000E-01 4.137125969E+00 6.119227968E-03
 7.500000000E-01 4.220393181E+00 6.119236816E-03
 7.500000000E-01 4.305356026E+00 6.119245663E-03
 7.500000000E-01 4.392049789E+00 6.119255442E-03
 7.500000000E-01 4.480511189E+00 6.119265221E-03
 7.500000000E-01 4.570774078E+00 6.119275931E-03
 7.500000000E-01 4.662875175E+00 6.119286641E-03
 7.500000000E-01 4.756853104E+00 6.119298283E-03
 7.500000000E-01 4.852746010E+00 6.119309925E-03
 7.500000000E-01 4.950592041E+00 6.119321566E-03
