# k-kL-MEAH2015 nondim kL and k at x=29.2468
VARIABLES = "y","kL_nondim","k_nondim"
ZONE T="CFL3D, x=29.2468"
 3.411123063E-03 1.402321720E+01 1.055388479E-03
 7.194691803E-03 1.402859402E+01 1.055675326E-03
 1.127146557E-02 1.403895378E+01 1.056212932E-03
 1.557622477E-02 1.405553818E+01 1.057037269E-03
 2.005936019E-02 1.407979965E+01 1.058174530E-03
 2.468227409E-02 1.411349678E+01 1.059643109E-03
 2.941692434E-02 1.415876770E+01 1.061455230E-03
 3.424183652E-02 1.421754837E+01 1.063617994E-03
 3.914155811E-02 1.429065418E+01 1.066134544E-03
 4.410411417E-02 1.437809086E+01 1.069005113E-03
 4.912070185E-02 1.447973633E+01 1.072227024E-03
 5.418433249E-02 1.459535122E+01 1.075795386E-03
 5.928977951E-02 1.472461319E+01 1.079703798E-03
 6.443272531E-02 1.486712360E+01 1.083943993E-03
 6.960977614E-02 1.502242947E+01 1.088506542E-03
 7.481803745E-02 1.519002819E+01 1.093380852E-03
 8.005516976E-02 1.536938763E+01 1.098555513E-03
 8.531908691E-02 1.555994797E+01 1.104018185E-03
 9.060800821E-02 1.576113224E+01 1.109755947E-03
 9.592031687E-02 1.597235584E+01 1.115755760E-03
 1.012546197E-01 1.619303322E+01 1.122004120E-03
 1.066095978E-01 1.642258072E+01 1.128487289E-03
 1.119840965E-01 1.666042328E+01 1.135191531E-03
 1.173770055E-01 1.690599823E+01 1.142103458E-03
 1.227873415E-01 1.715875626E+01 1.149209333E-03
 1.282141656E-01 1.741816902E+01 1.156496000E-03
 1.336566061E-01 1.768371964E+01 1.163950539E-03
 1.391138583E-01 1.795491600E+01 1.171560143E-03
 1.445851475E-01 1.823128891E+01 1.179312356E-03
 1.500697285E-01 1.851238251E+01 1.187195187E-03
 1.555669606E-01 1.879776955E+01 1.195197343E-03
 1.610761583E-01 1.908703804E+01 1.203307183E-03
 1.665967256E-01 1.937979507E+01 1.211514231E-03
 1.721280813E-01 1.967567444E+01 1.219807891E-03
 1.776696742E-01 1.997432137E+01 1.228178269E-03
 1.832209527E-01 2.027539825E+01 1.236615703E-03
 1.887814403E-01 2.057859421E+01 1.245111111E-03
 1.943506300E-01 2.088360405E+01 1.253655530E-03
 1.999280900E-01 2.119014549E+01 1.262240577E-03
 2.055133283E-01 2.149794197E+01 1.270858105E-03
 2.111059576E-01 2.180674171E+01 1.279500546E-03
 2.167055905E-01 2.211630058E+01 1.288160332E-03
 2.223117799E-01 2.242638588E+01 1.296830364E-03
 2.279241830E-01 2.273677635E+01 1.305504004E-03
 2.335424274E-01 2.304726410E+01 1.314174733E-03
 2.391662002E-01 2.335765266E+01 1.322836499E-03
 2.447951138E-01 2.366774940E+01 1.331483130E-03
 2.504288852E-01 2.397737694E+01 1.340109273E-03
 2.560672164E-01 2.428636551E+01 1.348709338E-03
 2.617097497E-01 2.459454536E+01 1.357278088E-03
 2.673562467E-01 2.490176773E+01 1.365810866E-03
 2.730064392E-01 2.520788002E+01 1.374302781E-03
 2.786599994E-01 2.551274109E+01 1.382749411E-03
 2.843166888E-01 2.581621552E+01 1.391146448E-03
 2.899762690E-01 2.611817551E+01 1.399489818E-03
 2.956385016E-01 2.641849518E+01 1.407775562E-03
 3.013031185E-01 2.671705818E+01 1.415999955E-03
 3.069699109E-01 2.701374817E+01 1.424159273E-03
 3.126386404E-01 2.730845833E+01 1.432250254E-03
 3.183091283E-01 2.760108757E+01 1.440269523E-03
 3.239811063E-01 2.789153290E+01 1.448214054E-03
 3.296544254E-01 2.817970085E+01 1.456080819E-03
 3.353288770E-01 2.846549988E+01 1.463867025E-03
 3.410042226E-01 2.874884033E+01 1.471569645E-03
 3.466803133E-01 2.902964211E+01 1.479186467E-03
 3.523569703E-01 2.930782318E+01 1.486714929E-03
 3.580340445E-01 2.958330727E+01 1.494152471E-03
 3.637112975E-01 2.985601997E+01 1.501496998E-03
 3.693885803E-01 3.012588882E+01 1.508746296E-03
 3.750658035E-01 3.039285088E+01 1.515898388E-03
 3.807426989E-01 3.065683365E+01 1.522951061E-03
 3.864191771E-01 3.091778183E+01 1.529902802E-03
 3.920950890E-01 3.117563248E+01 1.536751515E-03
 3.977702558E-01 3.143032837E+01 1.543495688E-03
 4.034445286E-01 3.168181419E+01 1.550133806E-03
 4.091178477E-01 3.193004036E+01 1.556664123E-03
 4.147899747E-01 3.217495346E+01 1.563085243E-03
 4.204608202E-01 3.241650772E+01 1.569395885E-03
 4.261302650E-01 3.265465546E+01 1.575594652E-03
 4.317981601E-01 3.288935471E+01 1.581680262E-03
 4.374643862E-01 3.312056351E+01 1.587651670E-03
 4.431288540E-01 3.334823990E+01 1.593507826E-03
 4.487914145E-01 3.357234955E+01 1.599247451E-03
 4.544518888E-01 3.379285431E+01 1.604869729E-03
 4.601102769E-01 3.400971603E+01 1.610373729E-03
 4.657664299E-01 3.422290802E+01 1.615758636E-03
 4.714201987E-01 3.443239975E+01 1.621023403E-03
 4.770715535E-01 3.463815689E+01 1.626167563E-03
 4.827202857E-01 3.484015274E+01 1.631190185E-03
 4.883664250E-01 3.503836823E+01 1.636090688E-03
 4.940097332E-01 3.523276901E+01 1.640868490E-03
 4.996501803E-01 3.542333603E+01 1.645523007E-03
 5.052877665E-01 3.561005020E+01 1.650053775E-03
 5.109221935E-01 3.579288483E+01 1.654460211E-03
 5.165535212E-01 3.597182465E+01 1.658741967E-03
 5.221816301E-01 3.614685440E+01 1.662898692E-03
 5.278064013E-01 3.631795883E+01 1.666929922E-03
 5.334277749E-01 3.648511505E+01 1.670835423E-03
 5.390456915E-01 3.664831924E+01 1.674614847E-03
 5.446600318E-01 3.680754852E+01 1.678267960E-03
 5.502706766E-01 3.696279526E+01 1.681794529E-03
 5.558776855E-01 3.711405563E+01 1.685194555E-03
 5.614808202E-01 3.726131439E+01 1.688467804E-03
 5.670800805E-01 3.740456390E+01 1.691614161E-03
 5.726754069E-01 3.754380035E+01 1.694633509E-03
 5.782667398E-01 3.767901230E+01 1.697525964E-03
 5.838539600E-01 3.781020355E+01 1.700291410E-03
 5.894370079E-01 3.793736267E+01 1.702929847E-03
 5.950158238E-01 3.806048584E+01 1.705441275E-03
 6.005902886E-01 3.817957687E+01 1.707825926E-03
 6.061604023E-01 3.829463577E+01 1.710083685E-03
 6.117261052E-01 3.840565872E+01 1.712214900E-03
 6.172873378E-01 3.851264954E+01 1.714219688E-03
 6.228439212E-01 3.861560822E+01 1.716098166E-03
 6.283959150E-01 3.871453857E+01 1.717850449E-03
 6.339432597E-01 3.880944443E+01 1.719476888E-03
 6.394858360E-01 3.890032578E+01 1.720977714E-03
 6.450235844E-01 3.898719788E+01 1.722353045E-03
 6.505565047E-01 3.907005692E+01 1.723603462E-03
 6.560845375E-01 3.914891434E+01 1.724729082E-03
 6.616075039E-01 3.922377777E+01 1.725730137E-03
 6.671254635E-01 3.929465485E+01 1.726607210E-03
 6.726383567E-01 3.936155701E+01 1.727360534E-03
 6.781460643E-01 3.942449188E+01 1.727990457E-03
 6.836485863E-01 3.948347092E+01 1.728497562E-03
 6.891458631E-01 3.953850174E+01 1.728882082E-03
 6.946377754E-01 3.958959961E+01 1.729144598E-03
 7.000490427E-01 3.963615799E+01 1.729284297E-03
 7.053806782E-01 3.967835617E+01 1.729306765E-03
 7.106338739E-01 3.971636581E+01 1.729217125E-03
 7.158097029E-01 3.975035095E+01 1.729020267E-03
 7.209092975E-01 3.978048325E+01 1.728721196E-03
 7.259336114E-01 3.980691528E+01 1.728324685E-03
 7.308837175E-01 3.982979965E+01 1.727835159E-03
 7.357606888E-01 3.984928894E+01 1.727257157E-03
 7.405655980E-01 3.986552429E+01 1.726594870E-03
 7.452993393E-01 3.987863922E+01 1.725852373E-03
 7.499630451E-01 3.988877869E+01 1.725033624E-03
 7.545576096E-01 3.989606476E+01 1.724142581E-03
 7.590839863E-01 3.990062714E+01 1.723182853E-03
 7.635432482E-01 3.990258789E+01 1.722158049E-03
 7.679362893E-01 3.990206146E+01 1.721071545E-03
 7.722640038E-01 3.989916229E+01 1.719926717E-03
 7.765273452E-01 3.989400101E+01 1.718726824E-03
 7.807272077E-01 3.988668442E+01 1.717475010E-03
 7.848646045E-01 3.987731171E+01 1.716173952E-03
 7.889402509E-01 3.986598206E+01 1.714826794E-03
 7.929551005E-01 3.985279465E+01 1.713436097E-03
 7.969100475E-01 3.983783722E+01 1.712004654E-03
 8.008058667E-01 3.982120132E+01 1.710535027E-03
 8.046435118E-01 3.980297089E+01 1.709029777E-03
 8.084237576E-01 3.978322983E+01 1.707490999E-03
 8.121473789E-01 3.976205826E+01 1.705921139E-03
 8.158152699E-01 3.973952866E+01 1.704322407E-03
 8.194280863E-01 3.971571732E+01 1.702696900E-03
 8.229868412E-01 3.969069672E+01 1.701046596E-03
 8.264921308E-01 3.966453171E+01 1.699373475E-03
 8.299447298E-01 3.963729477E+01 1.697679516E-03
 8.333454132E-01 3.960903931E+01 1.695966348E-03
 8.366950154E-01 3.957983780E+01 1.694235601E-03
 8.399940729E-01 3.954973984E+01 1.692489255E-03
 8.432435989E-01 3.951880646E+01 1.690728590E-03
 8.464440107E-01 3.948709106E+01 1.688955235E-03
 8.495962024E-01 3.945464706E+01 1.687170705E-03
 8.527007103E-01 3.942152405E+01 1.685376395E-03
 8.557584286E-01 3.938776779E+01 1.683573588E-03
 8.587698936E-01 3.935342789E+01 1.681763562E-03
 8.617358804E-01 3.931854630E+01 1.679947600E-03
 8.646569252E-01 3.928316498E+01 1.678126748E-03
 8.675336838E-01 3.924732971E+01 1.676302287E-03
 8.703668714E-01 3.921107864E+01 1.674475265E-03
 8.731570840E-01 3.917444611E+01 1.672646613E-03
 8.759049177E-01 3.913747025E+01 1.670817379E-03
 8.786110878E-01 3.910018158E+01 1.668988378E-03
 8.812760115E-01 3.906262207E+01 1.667160774E-03
 8.839004636E-01 3.902481842E+01 1.665335149E-03
 8.864849806E-01 3.898680115E+01 1.663512434E-03
 8.890300989E-01 3.894860077E+01 1.661693328E-03
 8.915364146E-01 3.891024017E+01 1.659878762E-03
 8.940044641E-01 3.887175369E+01 1.658069203E-03
 8.964349031E-01 3.883316422E+01 1.656265464E-03
 8.988281488E-01 3.879449463E+01 1.654468128E-03
 9.011847973E-01 3.875576782E+01 1.652677776E-03
 9.035054445E-01 3.871700668E+01 1.650894992E-03
 9.057905078E-01 3.867823410E+01 1.649120240E-03
 9.080405831E-01 3.863946915E+01 1.647354220E-03
 9.102561474E-01 3.860073471E+01 1.645597280E-03
 9.124376774E-01 3.856204224E+01 1.643849886E-03
 9.145857692E-01 3.852341461E+01 1.642112504E-03
 9.167007804E-01 3.848486710E+01 1.640385482E-03
 9.187832475E-01 3.844641113E+01 1.638669404E-03
 9.208336473E-01 3.840806961E+01 1.636964385E-03
 9.228524566E-01 3.836985397E+01 1.635270892E-03
 9.248401523E-01 3.833177948E+01 1.633589156E-03
 9.267970920E-01 3.829385376E+01 1.631919644E-03
 9.287239313E-01 3.825609207E+01 1.630262355E-03
 9.306208491E-01 3.821850967E+01 1.628617872E-03
 9.324885011E-01 3.818111038E+01 1.626986195E-03
 9.343271852E-01 3.814391327E+01 1.625367673E-03
 9.361373782E-01 3.810691833E+01 1.623762422E-03
 9.379194975E-01 3.807014084E+01 1.622170792E-03
 9.396739602E-01 3.803359222E+01 1.620592782E-03
 9.414011240E-01 3.799727631E+01 1.619028742E-03
 9.431014657E-01 3.796119690E+01 1.617478672E-03
 9.447753429E-01 3.792536926E+01 1.615942689E-03
 9.464231133E-01 3.788979340E+01 1.614421024E-03
 9.480452538E-01 3.785448456E+01 1.612913562E-03
 9.496420026E-01 3.781943893E+01 1.611420768E-03
 9.512139559E-01 3.778466415E+01 1.609942410E-03
 9.527612329E-01 3.775017166E+01 1.608478837E-03
 9.542842507E-01 3.771596146E+01 1.607029815E-03
 9.557834864E-01 3.768203735E+01 1.605595695E-03
 9.572591782E-01 3.764840698E+01 1.604176359E-03
 9.587117434E-01 3.761506653E+01 1.602771692E-03
 9.601414800E-01 3.758203125E+01 1.601382042E-03
 9.615487456E-01 3.754929352E+01 1.600007177E-03
 9.629338980E-01 3.751686096E+01 1.598647330E-03
 9.642971754E-01 3.748473358E+01 1.597302267E-03
 9.656389952E-01 3.745291901E+01 1.595972222E-03
 9.669596553E-01 3.742141342E+01 1.594656962E-03
 9.682593942E-01 3.739022064E+01 1.593356603E-03
 9.695386291E-01 3.735934067E+01 1.592071028E-03
 9.707975984E-01 3.732877731E+01 1.590800355E-03
 9.720366001E-01 3.729853439E+01 1.589544467E-03
 9.732559919E-01 3.726860428E+01 1.588303363E-03
 9.744559526E-01 3.723899841E+01 1.587076928E-03
 9.756368399E-01 3.720970917E+01 1.585865160E-03
 9.767989516E-01 3.718074036E+01 1.584667829E-03
 9.779425263E-01 3.715208817E+01 1.583485282E-03
 9.790679216E-01 3.712376022E+01 1.582317054E-03
 9.801752567E-01 3.709574890E+01 1.581163262E-03
 9.812649488E-01 3.706805801E+01 1.580023789E-03
 9.823371768E-01 3.704068375E+01 1.578898518E-03
 9.833921790E-01 3.701363373E+01 1.577787567E-03
 9.844302535E-01 3.698689651E+01 1.576690702E-03
 9.854517579E-01 3.696047592E+01 1.575607806E-03
 9.864567518E-01 3.693437195E+01 1.574538881E-03
 9.874455929E-01 3.690858459E+01 1.573483692E-03
 9.884184599E-01 3.688311005E+01 1.572442357E-03
 9.893756509E-01 3.685794830E+01 1.571414643E-03
 9.903173447E-01 3.683309555E+01 1.570400433E-03
 9.912438393E-01 3.680855560E+01 1.569399727E-03
 9.921552539E-01 3.678432083E+01 1.568412408E-03
 9.930518866E-01 3.676039886E+01 1.567438361E-03
 9.939339757E-01 3.673677826E+01 1.566477469E-03
 9.948017001E-01 3.671345901E+01 1.565529616E-03
 9.956552982E-01 3.669044113E+01 1.564594684E-03
 9.964950085E-01 3.666772461E+01 1.563672558E-03
 9.973208904E-01 3.664530945E+01 1.562763238E-03
 9.981333613E-01 3.662318420E+01 1.561866491E-03
 9.989324808E-01 3.660135651E+01 1.560982200E-03
 9.997184873E-01 3.657981873E+01 1.560110250E-03
 1.000491500E+00 3.655857468E+01 1.559250755E-03
 1.001251936E+00 3.653761292E+01 1.558403252E-03
 1.001999736E+00 3.651693726E+01 1.557567972E-03
 1.002735257E+00 3.649654388E+01 1.556744566E-03
 1.003471375E+00 3.647607803E+01 1.555918483E-03
 1.004227161E+00 3.645500946E+01 1.555068651E-03
 1.005003214E+00 3.643330765E+01 1.554193906E-03
 1.005800247E+00 3.641095352E+01 1.553293318E-03
 1.006619096E+00 3.638791656E+01 1.552365953E-03
 1.007460237E+00 3.636418152E+01 1.551410998E-03
 1.008324623E+00 3.633971405E+01 1.550427172E-03
 1.009212971E+00 3.631448364E+01 1.549413544E-03
 1.010126352E+00 3.628845596E+01 1.548368367E-03
 1.011065245E+00 3.626161194E+01 1.547291176E-03
 1.012030721E+00 3.623390961E+01 1.546180458E-03
 1.013023734E+00 3.620532227E+01 1.545034931E-03
 1.014045238E+00 3.617580414E+01 1.543852966E-03
 1.015096068E+00 3.614532852E+01 1.542633399E-03
 1.016177177E+00 3.611385345E+01 1.541374833E-03
 1.017289758E+00 3.608133698E+01 1.540075522E-03
 1.018434882E+00 3.604773712E+01 1.538734068E-03
 1.019613743E+00 3.601300430E+01 1.537348493E-03
 1.020827293E+00 3.597710419E+01 1.535917167E-03
 1.022076726E+00 3.593998337E+01 1.534438576E-03
 1.023363590E+00 3.590158844E+01 1.532910275E-03
 1.024688840E+00 3.586186981E+01 1.531330636E-03
 1.026053905E+00 3.582077026E+01 1.529697562E-03
 1.027459979E+00 3.577824402E+01 1.528008957E-03
 1.028908730E+00 3.573421478E+01 1.526262262E-03
 1.030401587E+00 3.568862534E+01 1.524455263E-03
 1.031939864E+00 3.564141846E+01 1.522585517E-03
 1.033525229E+00 3.559251785E+01 1.520650461E-03
 1.035159469E+00 3.554184723E+01 1.518647303E-03
 1.036844015E+00 3.548933792E+01 1.516573247E-03
 1.038580537E+00 3.543491745E+01 1.514425501E-03
 1.040371060E+00 3.537849426E+01 1.512200804E-03
 1.042217255E+00 3.531998825E+01 1.509896014E-03
 1.044121146E+00 3.525930023E+01 1.507507754E-03
 1.046084523E+00 3.519634628E+01 1.505032531E-03
 1.048109651E+00 3.513102722E+01 1.502466621E-03
 1.050198555E+00 3.506323242E+01 1.499806065E-03
 1.052353382E+00 3.499285507E+01 1.497046906E-03
 1.054576278E+00 3.491978836E+01 1.494185068E-03
 1.056869864E+00 3.484390259E+01 1.491215895E-03
 1.059236288E+00 3.476508713E+01 1.488134847E-03
 1.061678171E+00 3.468320084E+01 1.484937035E-03
 1.064198136E+00 3.459810638E+01 1.481617335E-03
 1.066798687E+00 3.450966644E+01 1.478170510E-03
 1.069482565E+00 3.441773605E+01 1.474591205E-03
 1.072252870E+00 3.432214355E+01 1.470873132E-03
 1.075112343E+00 3.422273254E+01 1.467010356E-03
 1.078064203E+00 3.411931992E+01 1.462996355E-03
 1.081111312E+00 3.401174164E+01 1.458824612E-03
 1.084257126E+00 3.389979935E+01 1.454488025E-03
 1.087505102E+00 3.378328323E+01 1.449979027E-03
 1.090858459E+00 3.366200256E+01 1.445290167E-03
 1.094321012E+00 3.353572845E+01 1.440413063E-03
 1.097896338E+00 3.340423203E+01 1.435339451E-03
 1.101588488E+00 3.326727295E+01 1.430060016E-03
 1.105401278E+00 3.312460327E+01 1.424565678E-03
 1.109338760E+00 3.297595596E+01 1.418846543E-03
 1.113405347E+00 3.282105637E+01 1.412892481E-03
 1.117605448E+00 3.265961075E+01 1.406692434E-03
 1.121943355E+00 3.249132538E+01 1.400235458E-03
 1.126424074E+00 3.231587219E+01 1.393509214E-03
 1.131052375E+00 3.213292313E+01 1.386501594E-03
 1.135833144E+00 3.194213867E+01 1.379199675E-03
 1.140771747E+00 3.174314690E+01 1.371589606E-03
 1.145873427E+00 3.153557587E+01 1.363657298E-03
 1.151143789E+00 3.131903076E+01 1.355387736E-03
 1.156588554E+00 3.109309196E+01 1.346765086E-03
 1.162213683E+00 3.085733604E+01 1.337773283E-03
 1.168025374E+00 3.061130524E+01 1.328394748E-03
 1.174029827E+00 3.035453987E+01 1.318611903E-03
 1.180233836E+00 3.008654404E+01 1.308405539E-03
 1.186643958E+00 2.980682373E+01 1.297756564E-03
 1.193267107E+00 2.951485443E+01 1.286644605E-03
 1.200110912E+00 2.921007538E+01 1.275047660E-03
 1.207182527E+00 2.889194298E+01 1.262943959E-03
 1.214489937E+00 2.855985641E+01 1.250309870E-03
 1.222041011E+00 2.821322441E+01 1.237121527E-03
 1.229843974E+00 2.785142899E+01 1.223353902E-03
 1.237907529E+00 2.747382736E+01 1.208980684E-03
 1.246240377E+00 2.707977295E+01 1.193974866E-03
 1.254851818E+00 2.666858864E+01 1.178308041E-03
 1.263751268E+00 2.623960114E+01 1.161951572E-03
 1.272948623E+00 2.579211426E+01 1.144874841E-03
 1.282453656E+00 2.532544136E+01 1.127047697E-03
 1.292277098E+00 2.483887291E+01 1.108438126E-03
 1.302429676E+00 2.433170891E+01 1.089013298E-03
 1.312922716E+00 2.380325317E+01 1.068739803E-03
 1.323767543E+00 2.325283241E+01 1.047584345E-03
 1.334976077E+00 2.267978287E+01 1.025512349E-03
 1.346561074E+00 2.208345413E+01 1.002488425E-03
 1.358534694E+00 2.146328163E+01 9.784795111E-04
 1.370910645E+00 2.081869316E+01 9.534495766E-04
 1.383702397E+00 2.014921951E+01 9.273652686E-04
 1.396924019E+00 1.945446396E+01 9.001936414E-04
 1.410590172E+00 1.873412704E+01 8.719029720E-04
 1.424715996E+00 1.798803139E+01 8.424633415E-04
 1.439316869E+00 1.721615982E+01 8.118481492E-04
 1.454409003E+00 1.641866875E+01 7.800338208E-04
 1.470009208E+00 1.559592342E+01 7.470011478E-04
 1.486134648E+00 1.474855518E+01 7.127370336E-04
 1.502803087E+00 1.387750626E+01 6.772354827E-04
 1.520033002E+00 1.298408127E+01 6.404996384E-04
 1.537843466E+00 1.207001877E+01 6.025439943E-04
 1.556254268E+00 1.113756371E+01 5.633967812E-04
 1.575285554E+00 1.018958759E+01 5.231043324E-04
 1.594958425E+00 9.229672432E+00 4.817341396E-04
 1.615294933E+00 8.262248993E+00 4.393805575E-04
 1.636317134E+00 7.292801857E+00 3.961733310E-04
 1.658048749E+00 6.327998638E+00 3.522832703E-04
 1.680513620E+00 5.376016140E+00 3.079379967E-04
 1.703736663E+00 4.446811199E+00 2.634361153E-04
 1.727743626E+00 3.552552223E+00 2.191712556E-04
 1.752561212E+00 2.708220959E+00 1.756667043E-04
 1.778216839E+00 1.932785749E+00 1.336359273E-04
 1.804738879E+00 1.251819253E+00 9.410631174E-05
 1.832156897E+00 7.010015249E-01 5.871447502E-05
 1.860501170E+00 3.172999024E-01 3.010609362E-05
 1.889803410E+00 1.063325256E-01 1.127825362E-05
 1.920095921E+00 2.314363793E-02 2.605439704E-06
 1.951412439E+00 2.548294608E-03 2.925191041E-07
 1.983787656E+00 1.035063469E-04 1.520064430E-08
 2.017257452E+00 2.373878260E-06 3.614301969E-09
 2.051859379E+00 7.402529150E-07 3.413898941E-09
 2.087631702E+00 7.218396831E-07 3.411229299E-09
 2.124613762E+00 7.217147413E-07 3.411321670E-09
 2.162847519E+00 7.217809639E-07 3.411447125E-09
 2.202374935E+00 7.218482665E-07 3.411571026E-09
 2.243240118E+00 7.219150007E-07 3.411693594E-09
 2.285488605E+00 7.219809959E-07 3.411814609E-09
 2.329167604E+00 7.220463090E-07 3.411934069E-09
 2.374325275E+00 7.221109968E-07 3.412051752E-09
 2.421012402E+00 7.221750025E-07 3.412168326E-09
 2.469280958E+00 7.222383829E-07 3.412283123E-09
 2.519184351E+00 7.223011949E-07 3.412396365E-09
 2.570778847E+00 7.223633247E-07 3.412508054E-09
 2.624121666E+00 7.224248861E-07 3.412618410E-09
 2.679272413E+00 7.224858223E-07 3.412727212E-09
 2.736292362E+00 7.225462468E-07 3.412834904E-09
 2.795245886E+00 7.226060461E-07 3.412941041E-09
 2.856198311E+00 7.226652770E-07 3.413045624E-09
 2.919217825E+00 7.227239962E-07 3.413148875E-09
 2.984375238E+00 7.227820902E-07 3.413250793E-09
 3.051743031E+00 7.228395589E-07 3.413351157E-09
 3.121397018E+00 7.228964591E-07 3.413449967E-09
 3.193414927E+00 7.229527341E-07 3.413547001E-09
 3.267877340E+00 7.230083270E-07 3.413642480E-09
 3.344867945E+00 7.230631809E-07 3.413736405E-09
 3.424473286E+00 7.231172958E-07 3.413828331E-09
 3.506781816E+00 7.231705013E-07 3.413918481E-09
 3.591886997E+00 7.232228540E-07 3.414006411E-09
 3.679883957E+00 7.232741837E-07 3.414091676E-09
 3.770871401E+00 7.233244332E-07 3.414174943E-09
 3.864952087E+00 7.233735460E-07 3.414255323E-09
 3.962231159E+00 7.234213513E-07 3.414332816E-09
 4.062819004E+00 7.234677355E-07 3.414407201E-09
 4.166828156E+00 7.235125850E-07 3.414478256E-09
 4.274375916E+00 7.235558996E-07 3.414545757E-09
 4.385583878E+00 7.235973953E-07 3.414609706E-09
 4.500577450E+00 7.236371289E-07 3.414669436E-09
 4.619486809E+00 7.236748161E-07 3.414725169E-09
 4.742445469E+00 7.237105137E-07 3.414776462E-09
 4.869592667E+00 7.237441082E-07 3.414823313E-09
 5.001072884E+00 7.237755426E-07 3.414865501E-09
 5.137034893E+00 7.238047601E-07 3.414902805E-09
 5.277632236E+00 7.238317039E-07 3.414935668E-09
 5.423024654E+00 7.238563740E-07 3.414963645E-09
 5.573377132E+00 7.238788271E-07 3.414986738E-09
 5.728860378E+00 7.238990065E-07 3.415004945E-09
 5.889651299E+00 7.239170259E-07 3.415018490E-09
 6.055932522E+00 7.239329989E-07 3.415027816E-09
 6.227894306E+00 7.239468118E-07 3.415032479E-09
 6.405731678E+00 7.239586921E-07 3.415032923E-09
 6.589647770E+00 7.239686965E-07 3.415029148E-09
 6.779852867E+00 7.239769388E-07 3.415021377E-09
 6.976564407E+00 7.239835327E-07 3.415010053E-09
 7.180006981E+00 7.239885349E-07 3.414994953E-09
 7.390414238E+00 7.239920592E-07 3.414976524E-09
 7.608026981E+00 7.239943329E-07 3.414954985E-09
 7.833095074E+00 7.239952993E-07 3.414930339E-09
 8.065877914E+00 7.239951856E-07 3.414903027E-09
 8.306641579E+00 7.239939919E-07 3.414872829E-09
 8.555665016E+00 7.239917750E-07 3.414839966E-09
 8.813235283E+00 7.239887623E-07 3.414804883E-09
 9.079649925E+00 7.239848969E-07 3.414767580E-09
 9.355215073E+00 7.239803494E-07 3.414727834E-09
 9.640253067E+00 7.239750630E-07 3.414686089E-09
 9.935091972E+00 7.239691513E-07 3.414642569E-09
 1.024007607E+01 7.239627280E-07 3.414596828E-09
 1.055555820E+01 7.239557362E-07 3.414549532E-09
 1.088190651E+01 7.239482898E-07 3.414500238E-09
 1.121950340E+01 7.239403317E-07 3.414449168E-09
 1.156874180E+01 7.239319757E-07 3.414396321E-09
 1.193003178E+01 7.239232218E-07 3.414341920E-09
 1.230379677E+01 7.239140700E-07 3.414285965E-09
 1.269047642E+01 7.239045772E-07 3.414228456E-09
 1.309052658E+01 7.238947433E-07 3.414169170E-09
 1.350441933E+01 7.238846251E-07 3.414108329E-09
 1.393264294E+01 7.238741091E-07 3.414045935E-09
 1.437570858E+01 7.238633657E-07 3.413981986E-09
 1.483413982E+01 7.238522812E-07 3.413916705E-09
 1.530848598E+01 7.238409694E-07 3.413849869E-09
 1.579931355E+01 7.238293733E-07 3.413781480E-09
 1.630721092E+01 7.238174931E-07 3.413711536E-09
 1.683278847E+01 7.238053286E-07 3.413640259E-09
 1.737668228E+01 7.237929367E-07 3.413567651E-09
 1.793955040E+01 7.237803175E-07 3.413493710E-09
 1.852207756E+01 7.237674708E-07 3.413418215E-09
 1.912497330E+01 7.237543969E-07 3.413341609E-09
 1.974898148E+01 7.237411523E-07 3.413263672E-09
 2.039486694E+01 7.237276236E-07 3.413184402E-09
 2.106342888E+01 7.237139243E-07 3.413104022E-09
 2.175550270E+01 7.237000546E-07 3.413022309E-09
 2.247195435E+01 7.236859574E-07 3.412939709E-09
 2.321368217E+01 7.236716897E-07 3.412855776E-09
 2.398162651E+01 7.236572515E-07 3.412770955E-09
 2.477676964E+01 7.236426427E-07 3.412685246E-09
 2.560013199E+01 7.236279203E-07 3.412598426E-09
 2.645277977E+01 7.236130273E-07 3.412510718E-09
 2.733582878E+01 7.235980775E-07 3.412422567E-09
 2.825044060E+01 7.235830140E-07 3.412333527E-09
 2.919783592E+01 7.235677799E-07 3.412244043E-09
 3.017928505E+01 7.235525459E-07 3.412153671E-09
 3.119612694E+01 7.235371982E-07 3.412063077E-09
 3.224975967E+01 7.235217936E-07 3.411972260E-09
 3.334165573E+01 7.235063322E-07 3.411881222E-09
 3.447335434E+01 7.234909276E-07 3.411789962E-09
 3.564648056E+01 7.234755230E-07 3.411698701E-09
 3.686274338E+01 7.234600616E-07 3.411607441E-09
 3.812394714E+01 7.234447139E-07 3.411516403E-09
 3.943199921E+01 7.234294230E-07 3.411425809E-09
 4.078890228E+01 7.234141322E-07 3.411335436E-09
 4.219678879E+01 7.233990118E-07 3.411245730E-09
 4.365792465E+01 7.233840051E-07 3.411156690E-09
 4.517469406E+01 7.233691122E-07 3.411068539E-09
 4.674965286E+01 7.233543897E-07 3.410981497E-09
 4.838551331E+01 7.233398946E-07 3.410895566E-09
 5.008517838E+01 7.233256270E-07 3.410810967E-09
 5.185173416E+01 7.233116435E-07 3.410727478E-09
 5.368849564E+01 7.232978305E-07 3.410645988E-09
 5.559900665E+01 7.232844155E-07 3.410566052E-09
 5.758708191E+01 7.232712846E-07 3.410488336E-09
 5.965679169E+01 7.232585517E-07 3.410412619E-09
 6.181252670E+01 7.232462735E-07 3.410339566E-09
 6.405897522E+01 7.232343933E-07 3.410269178E-09
 6.640118408E+01 7.232230246E-07 3.410201677E-09
 6.884449768E+01 7.232122243E-07 3.410137506E-09
 7.139461517E+01 7.232019925E-07 3.410076888E-09
 7.405745697E+01 7.231924428E-07 3.410020044E-09
 7.683917236E+01 7.231836321E-07 3.409967864E-09
 7.974582672E+01 7.231756172E-07 3.409920346E-09
 8.278316498E+01 7.231685686E-07 3.409878158E-09
 8.595601654E+01 7.231624863E-07 3.409842186E-09
 8.926735687E+01 7.231574841E-07 3.409812654E-09
 9.271705627E+01 7.231537893E-07 3.409790672E-09
 9.629940033E+01 7.231514019E-07 3.409776683E-09
 1.000000000E+02 0.000000000E+00 0.000000000E+00
ZONE T="FUN3D, x=29.2468"
 1.705560018E-03 1.407830048E+01 1.058049966E-03
 5.302910227E-03 1.408139992E+01 1.058239955E-03
 9.233079851E-03 1.408889961E+01 1.058649970E-03
 1.342379954E-02 1.410200024E+01 1.059329952E-03
 1.781780086E-02 1.412189960E+01 1.060310053E-03
 2.237080038E-02 1.415040016E+01 1.061609946E-03
 2.704959922E-02 1.418929958E+01 1.063250005E-03
 3.182940185E-02 1.424100018E+01 1.065240009E-03
 3.669169918E-02 1.430690002E+01 1.067569945E-03
 4.162279889E-02 1.438710022E+01 1.070269966E-03
 4.661240056E-02 1.448169994E+01 1.073310035E-03
 5.165249854E-02 1.459029961E+01 1.076709945E-03
 5.673699826E-02 1.471280003E+01 1.080440008E-03
 6.186119840E-02 1.484879971E+01 1.084520016E-03
 6.702119857E-02 1.499779987E+01 1.088920049E-03
 7.221390307E-02 1.515929985E+01 1.093639992E-03
 7.743660361E-02 1.533300018E+01 1.098660054E-03
 8.268710226E-02 1.551809978E+01 1.103980001E-03
 8.796349913E-02 1.571420002E+01 1.109580044E-03
 9.326410294E-02 1.592070007E+01 1.115450053E-03
 9.858749807E-02 1.613689995E+01 1.121570007E-03
 1.039320007E-01 1.636230087E+01 1.127940021E-03
 1.092969999E-01 1.659630013E+01 1.134539954E-03
 1.146809980E-01 1.683839989E+01 1.141350018E-03
 1.200819984E-01 1.708790016E+01 1.148359966E-03
 1.255010068E-01 1.734440041E+01 1.155560021E-03
 1.309349984E-01 1.760740089E+01 1.162930042E-03
 1.363849938E-01 1.787619972E+01 1.170470030E-03
 1.418489963E-01 1.815049934E+01 1.178149949E-03
 1.473270059E-01 1.842970085E+01 1.185970032E-03
 1.528179944E-01 1.871339989E+01 1.193920034E-03
 1.583220065E-01 1.900130081E+01 1.201980049E-03
 1.638360023E-01 1.929280090E+01 1.210139948E-03
 1.693619937E-01 1.958769989E+01 1.218399964E-03
 1.748989969E-01 1.988549995E+01 1.226729946E-03
 1.804450005E-01 2.018589973E+01 1.235140022E-03
 1.860010028E-01 2.048850060E+01 1.243610051E-03
 1.915660053E-01 2.079319954E+01 1.252130023E-03
 1.971389949E-01 2.109950066E+01 1.260700054E-03
 2.027209997E-01 2.140719986E+01 1.269310014E-03
 2.083099931E-01 2.171610069E+01 1.277939999E-03
 2.139060050E-01 2.202580070E+01 1.286600018E-03
 2.195090055E-01 2.233620071E+01 1.295260037E-03
 2.251179963E-01 2.264699936E+01 1.303939964E-03
 2.307330072E-01 2.295800018E+01 1.312620007E-03
 2.363539934E-01 2.326899910E+01 1.321290038E-03
 2.419809997E-01 2.357979965E+01 1.329940045E-03
 2.476119995E-01 2.389019966E+01 1.338580041E-03
 2.532480061E-01 2.420009995E+01 1.347200014E-03
 2.588880062E-01 2.450919914E+01 1.355789951E-03
 2.645330131E-01 2.481739998E+01 1.364339958E-03
 2.701810002E-01 2.512459946E+01 1.372850034E-03
 2.758330107E-01 2.543059921E+01 1.381329959E-03
 2.814880013E-01 2.573530006E+01 1.389750047E-03
 2.871460021E-01 2.603860092E+01 1.398119959E-03
 2.928070128E-01 2.634020042E+01 1.406440046E-03
 2.984710038E-01 2.664019966E+01 1.414699946E-03
 3.041360080E-01 2.693829918E+01 1.422889996E-03
 3.098039925E-01 2.723450089E+01 1.431019977E-03
 3.154740036E-01 2.752860069E+01 1.439069980E-03
 3.211449981E-01 2.782060051E+01 1.447050017E-03
 3.268179893E-01 2.811039925E+01 1.454959973E-03
 3.324919939E-01 2.839780045E+01 1.462789951E-03
 3.381659985E-01 2.868280029E+01 1.470530056E-03
 3.438419998E-01 2.896529961E+01 1.478189952E-03
 3.495190144E-01 2.924530029E+01 1.485759974E-03
 3.551949859E-01 2.952249908E+01 1.493250020E-03
 3.608730137E-01 2.979700089E+01 1.500639948E-03
 3.665499985E-01 3.006870079E+01 1.507929992E-03
 3.722270131E-01 3.033749962E+01 1.515130047E-03
 3.779039979E-01 3.060330009E+01 1.522229984E-03
 3.835810125E-01 3.086610031E+01 1.529230038E-03
 3.892570138E-01 3.112590027E+01 1.536129974E-03
 3.949329853E-01 3.138249969E+01 1.542930026E-03
 4.006069899E-01 3.163590050E+01 1.549610053E-03
 4.062809944E-01 3.188599968E+01 1.556189964E-03
 4.119539857E-01 3.213290024E+01 1.562669990E-03
 4.176250100E-01 3.237639999E+01 1.569029992E-03
 4.232949913E-01 3.261650085E+01 1.575279981E-03
 4.289639890E-01 3.285319901E+01 1.581419958E-03
 4.346309900E-01 3.308639908E+01 1.587440027E-03
 4.402959943E-01 3.331600189E+01 1.593349967E-03
 4.459599853E-01 3.354209900E+01 1.599140000E-03
 4.516209960E-01 3.376459885E+01 1.604820020E-03
 4.572809935E-01 3.398350143E+01 1.610370004E-03
 4.629380107E-01 3.419869995E+01 1.615809975E-03
 4.685930014E-01 3.441019821E+01 1.621130039E-03
 4.742459953E-01 3.461790085E+01 1.626329962E-03
 4.798960090E-01 3.482189941E+01 1.631399966E-03
 4.855430126E-01 3.502209854E+01 1.636349945E-03
 4.911879897E-01 3.521849823E+01 1.641190029E-03
 4.968299866E-01 3.541099930E+01 1.645889948E-03
 5.024690032E-01 3.559970093E+01 1.650479971E-03
 5.081049800E-01 3.578450012E+01 1.654929947E-03
 5.137379766E-01 3.596540070E+01 1.659270027E-03
 5.193669796E-01 3.614239883E+01 1.663479954E-03
 5.249940157E-01 3.631549835E+01 1.667559962E-03
 5.306169987E-01 3.648450089E+01 1.671519945E-03
 5.362370014E-01 3.664970016E+01 1.675350009E-03
 5.418530107E-01 3.681079865E+01 1.679050038E-03
 5.474650264E-01 3.696789932E+01 1.682630042E-03
 5.530740023E-01 3.712110138E+01 1.686080010E-03
 5.586789846E-01 3.727019882E+01 1.689399942E-03
 5.642799735E-01 3.741529846E+01 1.692589954E-03
 5.698779821E-01 3.755640030E+01 1.695659943E-03
 5.754709840E-01 3.769340134E+01 1.698600012E-03
 5.810599923E-01 3.782640076E+01 1.701410045E-03
 5.866450071E-01 3.795529938E+01 1.704100054E-03
 5.922260284E-01 3.808020020E+01 1.706660027E-03
 5.978029966E-01 3.820109940E+01 1.709089964E-03
 6.033750176E-01 3.831790161E+01 1.711389981E-03
 6.089429855E-01 3.843059921E+01 1.713569975E-03
 6.145060062E-01 3.853929901E+01 1.715620048E-03
 6.200649738E-01 3.864390182E+01 1.717539970E-03
 6.256200075E-01 3.874440002E+01 1.719329972E-03
 6.311690211E-01 3.884099960E+01 1.720999950E-03
 6.367139816E-01 3.893339920E+01 1.722540008E-03
 6.422539949E-01 3.902190018E+01 1.723960042E-03
 6.477900147E-01 3.910630035E+01 1.725250040E-03
 6.533200145E-01 3.918659973E+01 1.726410002E-03
 6.588460207E-01 3.926300049E+01 1.727450057E-03
 6.643660069E-01 3.933530045E+01 1.728369971E-03
 6.698819995E-01 3.940370178E+01 1.729159965E-03
 6.753919721E-01 3.946799850E+01 1.729820040E-03
 6.808969975E-01 3.952840042E+01 1.730369986E-03
 6.863970160E-01 3.958470154E+01 1.730790013E-03
 6.918920279E-01 3.963719940E+01 1.731080003E-03
 6.973429918E-01 3.968529892E+01 1.731249969E-03
 7.027149796E-01 3.972900009E+01 1.731310040E-03
 7.080069780E-01 3.976839828E+01 1.731249969E-03
 7.132210135E-01 3.980369949E+01 1.731069991E-03
 7.183589935E-01 3.983499908E+01 1.730800024E-03
 7.234209776E-01 3.986259842E+01 1.730420045E-03
 7.284079790E-01 3.988650131E+01 1.729949960E-03
 7.333220243E-01 3.990689850E+01 1.729379990E-03
 7.381629944E-01 3.992399979E+01 1.728730043E-03
 7.429320216E-01 3.993790054E+01 1.728000003E-03
 7.476310134E-01 3.994879913E+01 1.727189985E-03
 7.522600293E-01 3.995669937E+01 1.726310002E-03
 7.568200231E-01 3.996179962E+01 1.725350041E-03
 7.613130212E-01 3.996429825E+01 1.724330010E-03
 7.657390237E-01 3.996419907E+01 1.723240013E-03
 7.700999975E-01 3.996160126E+01 1.722099958E-03
 7.743949890E-01 3.995679855E+01 1.720890054E-03
 7.786269784E-01 3.994969940E+01 1.719639986E-03
 7.827960253E-01 3.994049835E+01 1.718329964E-03
 7.869020104E-01 3.992940140E+01 1.716980012E-03
 7.909470201E-01 3.991630173E+01 1.715580001E-03
 7.949320078E-01 3.990129852E+01 1.714139944E-03
 7.988579869E-01 3.988470078E+01 1.712649944E-03
 8.027240038E-01 3.986640167E+01 1.711140038E-03
 8.065329790E-01 3.984659958E+01 1.709579956E-03
 8.102849722E-01 3.982529831E+01 1.707999967E-03
 8.139809966E-01 3.980250168E+01 1.706389943E-03
 8.176209927E-01 3.977849960E+01 1.704739989E-03
 8.212069869E-01 3.975320053E+01 1.703070011E-03
 8.247389793E-01 3.972679901E+01 1.701380010E-03
 8.282179832E-01 3.969919968E+01 1.699669985E-03
 8.316450119E-01 3.967060089E+01 1.697940053E-03
 8.350200057E-01 3.964099884E+01 1.696179970E-03
 8.383439779E-01 3.961050034E+01 1.694420003E-03
 8.416180015E-01 3.957920074E+01 1.692630001E-03
 8.448429704E-01 3.954700089E+01 1.690839999E-03
 8.480200171E-01 3.951409912E+01 1.689029974E-03
 8.511480093E-01 3.948040009E+01 1.687210053E-03
 8.542289734E-01 3.944620132E+01 1.685380004E-03
 8.572639823E-01 3.941130066E+01 1.683549955E-03
 8.602520227E-01 3.937580109E+01 1.681710011E-03
 8.631960154E-01 3.933980179E+01 1.679860055E-03
 8.660950065E-01 3.930339813E+01 1.678009983E-03
 8.689500093E-01 3.926649857E+01 1.676150016E-03
 8.717619777E-01 3.922930145E+01 1.674299943E-03
 8.745309711E-01 3.919160080E+01 1.672439976E-03
 8.772580028E-01 3.915370178E+01 1.670580008E-03
 8.799430132E-01 3.911550140E+01 1.668730052E-03
 8.825880289E-01 3.907699966E+01 1.666869968E-03
 8.851919770E-01 3.903829956E+01 1.665020012E-03
 8.877570033E-01 3.899940109E+01 1.663179952E-03
 8.902829885E-01 3.896030045E+01 1.661329996E-03
 8.927699924E-01 3.892110062E+01 1.659490052E-03
 8.952190280E-01 3.888180161E+01 1.657660003E-03
 8.976309896E-01 3.884239960E+01 1.655829954E-03
 9.000059962E-01 3.880289841E+01 1.654010033E-03
 9.023450017E-01 3.876340103E+01 1.652200008E-03
 9.046480060E-01 3.872389984E+01 1.650399994E-03
 9.069150090E-01 3.868429947E+01 1.648599980E-03
 9.091479778E-01 3.864490128E+01 1.646819990E-03
 9.113460183E-01 3.860540009E+01 1.645040000E-03
 9.135109782E-01 3.856600189E+01 1.643270021E-03
 9.156429768E-01 3.852669907E+01 1.641519950E-03
 9.177420139E-01 3.848749924E+01 1.639769995E-03
 9.198079705E-01 3.844839859E+01 1.638039947E-03
 9.218429923E-01 3.840940094E+01 1.636310015E-03
 9.238460064E-01 3.837060165E+01 1.634599990E-03
 9.258180261E-01 3.833190155E+01 1.632899977E-03
 9.277600050E-01 3.829339981E+01 1.631219988E-03
 9.296720028E-01 3.825500107E+01 1.629539998E-03
 9.315540195E-01 3.821689987E+01 1.627880032E-03
 9.334070086E-01 3.817890167E+01 1.626239973E-03
 9.352319837E-01 3.814110184E+01 1.624600030E-03
 9.370279908E-01 3.810359955E+01 1.622979995E-03
 9.387959838E-01 3.806629944E+01 1.621369971E-03
 9.405369759E-01 3.802930069E+01 1.619779970E-03
 9.422510266E-01 3.799240112E+01 1.618199982E-03
 9.439380169E-01 3.795589828E+01 1.616640016E-03
 9.455990195E-01 3.791960144E+01 1.615089946E-03
 9.472339749E-01 3.788349915E+01 1.613560016E-03
 9.488430023E-01 3.784780121E+01 1.612039981E-03
 9.504269958E-01 3.781230164E+01 1.610529958E-03
 9.519870281E-01 3.777709961E+01 1.609039959E-03
 9.535220265E-01 3.774209976E+01 1.607569982E-03
 9.550330043E-01 3.770750046E+01 1.606110018E-03
 9.565209746E-01 3.767319870E+01 1.604659948E-03
 9.579849839E-01 3.763919830E+01 1.603230019E-03
 9.594259858E-01 3.760540009E+01 1.601809985E-03
 9.608449936E-01 3.757199860E+01 1.600409974E-03
 9.622409940E-01 3.753889847E+01 1.599029987E-03
 9.636150002E-01 3.750609970E+01 1.597660012E-03
 9.649680257E-01 3.747359848E+01 1.596300048E-03
 9.662989974E-01 3.744150162E+01 1.594959991E-03
 9.676089883E-01 3.740969849E+01 1.593639958E-03
 9.688990116E-01 3.737810135E+01 1.592330053E-03
 9.701679945E-01 3.734690094E+01 1.591030043E-03
 9.714170098E-01 3.731610107E+01 1.589759951E-03
 9.726459980E-01 3.728549957E+01 1.588489977E-03
 9.738550186E-01 3.725529861E+01 1.587240025E-03
 9.750459790E-01 3.722539902E+01 1.586009981E-03
 9.762169719E-01 3.719580078E+01 1.584789949E-03
 9.773700237E-01 3.716659927E+01 1.583580044E-03
 9.785050154E-01 3.713769913E+01 1.582390047E-03
 9.796209931E-01 3.710910034E+01 1.581219956E-03
 9.807199836E-01 3.708089828E+01 1.580049982E-03
 9.818009734E-01 3.705289841E+01 1.578910043E-03
 9.828640223E-01 3.702529907E+01 1.577780000E-03
 9.839109778E-01 3.699800110E+01 1.576659968E-03
 9.849410057E-01 3.697109985E+01 1.575559960E-03
 9.859539866E-01 3.694449997E+01 1.574469963E-03
 9.869509935E-01 3.691809845E+01 1.573389978E-03
 9.879310131E-01 3.689220047E+01 1.572330017E-03
 9.888970256E-01 3.686650085E+01 1.571279950E-03
 9.898459911E-01 3.684109879E+01 1.570250024E-03
 9.907799959E-01 3.681610107E+01 1.569229993E-03
 9.916989803E-01 3.679140091E+01 1.568219974E-03
 9.926030040E-01 3.676699829E+01 1.567229978E-03
 9.934920073E-01 3.674290085E+01 1.566249994E-03
 9.943670034E-01 3.671910095E+01 1.565290033E-03
 9.952279925E-01 3.669570160E+01 1.564329956E-03
 9.960749745E-01 3.667250061E+01 1.563390018E-03
 9.969069958E-01 3.664960098E+01 1.562469988E-03
 9.977269769E-01 3.662710190E+01 1.561549958E-03
 9.985319972E-01 3.660480118E+01 1.560649951E-03
 9.993249774E-01 3.658290100E+01 1.559759956E-03
 1.000100017E+00 3.656119919E+01 1.558889984E-03
 1.000869989E+00 3.653990173E+01 1.558020012E-03
 1.001629949E+00 3.651879883E+01 1.557169948E-03
 1.002370000E+00 3.649800110E+01 1.556330011E-03
 1.003100038E+00 3.647729874E+01 1.555499970E-03
 1.003849983E+00 3.645629883E+01 1.554650022E-03
 1.004609942E+00 3.643470001E+01 1.553780050E-03
 1.005399942E+00 3.641239929E+01 1.552880043E-03
 1.006209970E+00 3.638949966E+01 1.551960013E-03
 1.007040024E+00 3.636579895E+01 1.551009947E-03
 1.007889986E+00 3.634140015E+01 1.550019952E-03
 1.008769989E+00 3.631629944E+01 1.549010049E-03
 1.009670019E+00 3.629040146E+01 1.547969994E-03
 1.010599971E+00 3.626369858E+01 1.546900021E-03
 1.011549950E+00 3.623609924E+01 1.545790001E-03
 1.012529969E+00 3.620769882E+01 1.544649946E-03
 1.013530016E+00 3.617829895E+01 1.543479972E-03
 1.014569998E+00 3.614799881E+01 1.542260055E-03
 1.015640020E+00 3.611669922E+01 1.541009988E-03
 1.016729951E+00 3.608440018E+01 1.539719990E-03
 1.017860055E+00 3.605099869E+01 1.538380049E-03
 1.019019961E+00 3.601649857E+01 1.537009957E-03
 1.020220041E+00 3.598089981E+01 1.535580028E-03
 1.021450043E+00 3.594400024E+01 1.534110052E-03
 1.022719979E+00 3.590589905E+01 1.532590017E-03
 1.024029970E+00 3.586650085E+01 1.531020040E-03
 1.025370002E+00 3.582569885E+01 1.529400004E-03
 1.026759982E+00 3.578350067E+01 1.527720015E-03
 1.028180003E+00 3.573979950E+01 1.525989966E-03
 1.029649973E+00 3.569459915E+01 1.524189953E-03
 1.031170011E+00 3.564780045E+01 1.522339997E-03
 1.032729983E+00 3.559939957E+01 1.520419959E-03
 1.034340024E+00 3.554909897E+01 1.518429955E-03
 1.036000013E+00 3.549710083E+01 1.516369986E-03
 1.037709951E+00 3.544319916E+01 1.514240052E-03
 1.039479971E+00 3.538740158E+01 1.512030023E-03
 1.041290045E+00 3.532939911E+01 1.509750029E-03
 1.043169975E+00 3.526940155E+01 1.507380046E-03
 1.045099974E+00 3.520709991E+01 1.504919957E-03
 1.047099948E+00 3.514239883E+01 1.502380008E-03
 1.049149990E+00 3.507540131E+01 1.499740058E-03
 1.051280022E+00 3.500579834E+01 1.497010002E-03
 1.053460002E+00 3.493360138E+01 1.494179945E-03
 1.055719972E+00 3.485860062E+01 1.491239993E-03
 1.058050036E+00 3.478070068E+01 1.488190028E-03
 1.060459971E+00 3.469979858E+01 1.485020039E-03
 1.062940001E+00 3.461569977E+01 1.481730025E-03
 1.065500021E+00 3.452840042E+01 1.478319988E-03
 1.068140030E+00 3.443759918E+01 1.474780031E-03
 1.070870042E+00 3.434329987E+01 1.471110038E-03
 1.073680043E+00 3.424520111E+01 1.467289985E-03
 1.076589942E+00 3.414310074E+01 1.463319990E-03
 1.079589963E+00 3.403699875E+01 1.459200052E-03
 1.082679987E+00 3.392660141E+01 1.454910031E-03
 1.085880041E+00 3.381169891E+01 1.450460055E-03
 1.089179993E+00 3.369219971E+01 1.445829985E-03
 1.092589974E+00 3.356769943E+01 1.441010041E-03
 1.096109986E+00 3.343820190E+01 1.435999991E-03
 1.099740028E+00 3.330329895E+01 1.430790056E-03
 1.103489995E+00 3.316270065E+01 1.425369992E-03
 1.107370019E+00 3.301639938E+01 1.419730019E-03
 1.111369967E+00 3.286389923E+01 1.413860009E-03
 1.115499973E+00 3.270500183E+01 1.407749951E-03
 1.119770050E+00 3.253939819E+01 1.401380054E-03
 1.124179959E+00 3.236679840E+01 1.394749968E-03
 1.128739953E+00 3.218679810E+01 1.387850032E-03
 1.133440018E+00 3.199920082E+01 1.380659989E-03
 1.138299942E+00 3.180349922E+01 1.373160048E-03
 1.143319964E+00 3.159950066E+01 1.365349977E-03
 1.148509979E+00 3.138660049E+01 1.357209985E-03
 1.153869987E+00 3.116460037E+01 1.348729944E-03
 1.159399986E+00 3.093300056E+01 1.339880051E-03
 1.165120006E+00 3.069129944E+01 1.330659958E-03
 1.171030045E+00 3.043910027E+01 1.321039977E-03
 1.177129984E+00 3.017589951E+01 1.310999971E-03
 1.183439970E+00 2.990130043E+01 1.300540054E-03
 1.189949989E+00 2.961459923E+01 1.289619948E-03
 1.196689963E+00 2.931539917E+01 1.278219977E-03
 1.203649998E+00 2.900320053E+01 1.266330015E-03
 1.210839987E+00 2.867729950E+01 1.253920025E-03
 1.218260050E+00 2.833709908E+01 1.240969985E-03
 1.225939989E+00 2.798209953E+01 1.227459987E-03
 1.233880043E+00 2.761170006E+01 1.213349984E-03
 1.242069960E+00 2.722509956E+01 1.198619953E-03
 1.250550032E+00 2.682169914E+01 1.183249988E-03
 1.259299994E+00 2.640089989E+01 1.167200040E-03
 1.268350005E+00 2.596190071E+01 1.150449971E-03
 1.277699947E+00 2.550410080E+01 1.132959966E-03
 1.287359953E+00 2.502680016E+01 1.114710001E-03
 1.297350049E+00 2.452919960E+01 1.095660031E-03
 1.307680011E+00 2.401079941E+01 1.075780019E-03
 1.318339944E+00 2.347069931E+01 1.055030036E-03
 1.329370022E+00 2.290830040E+01 1.033390057E-03
 1.340770006E+00 2.232309914E+01 1.010820037E-03
 1.352550030E+00 2.171430016E+01 9.872759692E-04
 1.364719987E+00 2.108139992E+01 9.627339896E-04
 1.377310038E+00 2.042390060E+01 9.371559718E-04
 1.390310049E+00 1.974130058E+01 9.105100180E-04
 1.403759956E+00 1.903339958E+01 8.827639977E-04
 1.417649984E+00 1.829980087E+01 8.538860129E-04
 1.432019949E+00 1.754050064E+01 8.238489972E-04
 1.446859956E+00 1.675559998E+01 7.926279795E-04
 1.462210059E+00 1.594530010E+01 7.602020050E-04
 1.478070021E+00 1.511009979E+01 7.265540189E-04
 1.494470000E+00 1.425080013E+01 6.916759885E-04
 1.511420012E+00 1.336859989E+01 6.555669825E-04
 1.528939962E+00 1.246490002E+01 6.182349753E-04
 1.547049999E+00 1.154179955E+01 5.797030171E-04
 1.565770030E+00 1.060190010E+01 5.400070222E-04
 1.585119963E+00 9.648300171E+00 4.992050235E-04
 1.605129957E+00 8.685090065E+00 4.573790065E-04
 1.625810027E+00 7.717229843E+00 4.146400024E-04
 1.647179961E+00 6.750800133E+00 3.711380123E-04
 1.669280052E+00 5.793220043E+00 3.270739981E-04
 1.692119956E+00 4.853559971E+00 2.827089920E-04
 1.715739965E+00 3.942869902E+00 2.383889951E-04
 1.740149975E+00 3.074719906E+00 1.945690019E-04
 1.765390038E+00 2.266060114E+00 1.518640056E-04
 1.791479945E+00 1.539289951E+00 1.111329984E-04
 1.818449974E+00 9.260839820E-01 7.369660307E-05
 1.846330047E+00 4.658110142E-01 4.174189962E-05
 1.875149965E+00 1.811719984E-01 1.832859925E-05
 1.904950023E+00 4.876900092E-02 5.399439942E-06
 1.935750008E+00 7.611520123E-03 8.674280139E-07
 1.967599988E+00 4.963009851E-04 6.020089671E-08
 2.000519991E+00 1.215150041E-05 4.750710048E-09
 2.034559965E+00 8.638149893E-07 3.429279971E-09
 2.069740057E+00 7.228720165E-07 3.409740046E-09
 2.106120110E+00 7.214100037E-07 3.409629912E-09
 2.143729925E+00 7.214650282E-07 3.409770022E-09
 2.182610035E+00 7.215350024E-07 3.409909910E-09
 2.222810030E+00 7.216040103E-07 3.410050020E-09
 2.264359951E+00 7.216730182E-07 3.410189908E-09
 2.307329893E+00 7.217410030E-07 3.410320026E-09
 2.351749897E+00 7.218080214E-07 3.410459914E-09
 2.397670031E+00 7.218749829E-07 3.410590033E-09
 2.445149899E+00 7.219409781E-07 3.410719929E-09
 2.494230032E+00 7.220069733E-07 3.410850047E-09
 2.544980049E+00 7.220709790E-07 3.410979943E-09
 2.597450018E+00 7.221360079E-07 3.411110061E-09
 2.651700020E+00 7.221989904E-07 3.411239957E-09
 2.707779884E+00 7.222629961E-07 3.411360083E-09
 2.765769958E+00 7.223250122E-07 3.411479987E-09
 2.825720072E+00 7.223870284E-07 3.411610106E-09
 2.887710094E+00 7.224489877E-07 3.411730010E-09
 2.951790094E+00 7.225099807E-07 3.411849914E-09
 3.018059969E+00 7.225700074E-07 3.411970040E-09
 3.086570024E+00 7.226299772E-07 3.412079952E-09
 3.157399893E+00 7.226889807E-07 3.412200078E-09
 3.230639935E+00 7.227479841E-07 3.412309990E-09
 3.306370020E+00 7.228049981E-07 3.412419902E-09
 3.384670019E+00 7.228629784E-07 3.412530036E-09
 3.465630054E+00 7.229190260E-07 3.412639948E-09
 3.549329996E+00 7.229739936E-07 3.412750083E-09
 3.635879993E+00 7.230290180E-07 3.412850003E-09
 3.725379944E+00 7.230819961E-07 3.412949923E-09
 3.817909956E+00 7.231349741E-07 3.413050065E-09
 3.913589954E+00 7.231860195E-07 3.413149985E-09
 4.012519836E+00 7.232359849E-07 3.413239913E-09
 4.114820004E+00 7.232840176E-07 3.413330063E-09
 4.220600128E+00 7.233310271E-07 3.413419991E-09
 4.329979897E+00 7.233759902E-07 3.413499927E-09
 4.443079948E+00 7.234190207E-07 3.413580085E-09
 4.560029984E+00 7.234600048E-07 3.413660021E-09
 4.680960178E+00 7.235000226E-07 3.413729965E-09
 4.806019783E+00 7.235370276E-07 3.413799909E-09
 4.935329914E+00 7.235730095E-07 3.413860084E-09
 5.069049835E+00 7.236059787E-07 3.413920036E-09
 5.207330227E+00 7.236359920E-07 3.413969996E-09
 5.350329876E+00 7.236649822E-07 3.414019956E-09
 5.498199940E+00 7.236910164E-07 3.414059924E-09
 5.651120186E+00 7.237160276E-07 3.414099892E-09
 5.809249878E+00 7.237380260E-07 3.414130090E-09
 5.972789764E+00 7.237570117E-07 3.414160066E-09
 6.141910076E+00 7.237749742E-07 3.414190042E-09
 6.316810131E+00 7.237910040E-07 3.414210026E-09
 6.497690201E+00 7.238049875E-07 3.414230010E-09
 6.684750080E+00 7.238169815E-07 3.414240002E-09
 6.878200054E+00 7.238269859E-07 3.414249994E-09
 7.078279972E+00 7.238360240E-07 3.414249994E-09
 7.285210133E+00 7.238430157E-07 3.414249994E-09
 7.499219894E+00 7.238489843E-07 3.414249994E-09
 7.720560074E+00 7.238539865E-07 3.414249994E-09
 7.949480057E+00 7.238569992E-07 3.414240002E-09
 8.186260223E+00 7.238589887E-07 3.414230010E-09
 8.431150436E+00 7.238609783E-07 3.414210026E-09
 8.684450150E+00 7.238609783E-07 3.414200034E-09
 8.946439743E+00 7.238609783E-07 3.414180050E-09
 9.217430115E+00 7.238589887E-07 3.414160066E-09
 9.497730255E+00 7.238580224E-07 3.414140082E-09
 9.787670135E+00 7.238550097E-07 3.414110106E-09
 1.008759975E+01 7.238519970E-07 3.414089900E-09
 1.039780045E+01 7.238480180E-07 3.414059924E-09
 1.071870041E+01 7.238439821E-07 3.414029948E-09
 1.105070019E+01 7.238389799E-07 3.413999972E-09
 1.139410019E+01 7.238339776E-07 3.413960004E-09
 1.174940014E+01 7.238280091E-07 3.413930028E-09
 1.211690044E+01 7.238219837E-07 3.413890060E-09
 1.249709988E+01 7.238160151E-07 3.413850092E-09
 1.289050007E+01 7.238090234E-07 3.413809901E-09
 1.329749966E+01 7.238019748E-07 3.413769933E-09
 1.371850014E+01 7.237949831E-07 3.413719973E-09
 1.415419960E+01 7.237870250E-07 3.413680005E-09
 1.460490036E+01 7.237790101E-07 3.413630045E-09
 1.507129955E+01 7.237709951E-07 3.413580085E-09
 1.555389977E+01 7.237620139E-07 3.413529903E-09
 1.605330086E+01 7.237529758E-07 3.413479943E-09
 1.656999969E+01 7.237439945E-07 3.413419991E-09
 1.710470009E+01 7.237350133E-07 3.413370031E-09
 1.765810013E+01 7.237250088E-07 3.413310079E-09
 1.823080063E+01 7.237150044E-07 3.413249905E-09
 1.882349968E+01 7.237049999E-07 3.413189953E-09
 1.943700027E+01 7.236939723E-07 3.413130001E-09
 2.007189941E+01 7.236830015E-07 3.413070049E-09
 2.072909927E+01 7.236719739E-07 3.413000105E-09
 2.140950012E+01 7.236610031E-07 3.412939931E-09
 2.211370087E+01 7.236499755E-07 3.412869987E-09
 2.284280014E+01 7.236379815E-07 3.412800043E-09
 2.359760094E+01 7.236259876E-07 3.412730099E-09
 2.437919998E+01 7.236139936E-07 3.412659932E-09
 2.518840027E+01 7.236019997E-07 3.412589988E-09
 2.602639961E+01 7.235889825E-07 3.412520044E-09
 2.689430046E+01 7.235760222E-07 3.412440108E-09
 2.779310036E+01 7.235630051E-07 3.412359950E-09
 2.872410011E+01 7.235499879E-07 3.412290006E-09
 2.968860054E+01 7.235370276E-07 3.412210070E-09
 3.068770027E+01 7.235240105E-07 3.412129912E-09
 3.172290039E+01 7.235100270E-07 3.412049976E-09
 3.279570007E+01 7.234959867E-07 3.411970040E-09
 3.390750122E+01 7.234830264E-07 3.411890104E-09
 3.505989838E+01 7.234689861E-07 3.411809946E-09
 3.625460052E+01 7.234550026E-07 3.411720018E-09
 3.749330139E+01 7.234410191E-07 3.411640082E-09
 3.877799988E+01 7.234260124E-07 3.411549931E-09
 4.011040115E+01 7.234119721E-07 3.411469995E-09
 4.149280167E+01 7.233979886E-07 3.411380067E-09
 4.292729950E+01 7.233829820E-07 3.411299909E-09
 4.441630173E+01 7.233689985E-07 3.411209981E-09
 4.596220016E+01 7.233539918E-07 3.411130045E-09
 4.756760025E+01 7.233389852E-07 3.411039895E-09
 4.923529816E+01 7.233250017E-07 3.410949967E-09
 5.096849823E+01 7.233099950E-07 3.410870031E-09
 5.277009964E+01 7.232949883E-07 3.410780103E-09
 5.464369965E+01 7.232810049E-07 3.410689953E-09
 5.659299850E+01 7.232659982E-07 3.410600025E-09
 5.862189865E+01 7.232509915E-07 3.410520089E-09
 6.073469925E+01 7.232370081E-07 3.410429938E-09
 6.293569946E+01 7.232220014E-07 3.410340010E-09
 6.523010254E+01 7.232069947E-07 3.410260074E-09
 6.762280273E+01 7.231930113E-07 3.410169924E-09
 7.011959839E+01 7.231790278E-07 3.410089988E-09
 7.272599792E+01 7.231649874E-07 3.410000060E-09
 7.544830322E+01 7.231510040E-07 3.409919902E-09
 7.829250336E+01 7.231379868E-07 3.409839966E-09
 8.126450348E+01 7.231259929E-07 3.409770022E-09
 8.436959839E+01 7.231150221E-07 3.409700078E-09
 8.761170197E+01 7.231050176E-07 3.409649896E-09
 9.099220276E+01 7.230989922E-07 3.409609928E-09
 9.450820160E+01 7.230959795E-07 3.409599936E-09
 9.814969635E+01 7.230970027E-07 3.409599936E-09
