# Planar shear case, k-kL-MEAH2015, x=2.71623
VARIABLES = "X"
"Y"
"U Velocity"
ZONE T="CFL3D"
 2.716229677E+00 0.000000000E+00 5.006924868E-01
 2.716229677E+00 3.411792452E-03 5.006924868E-01
 2.716229677E+00 6.878545973E-03 5.006925464E-01
 2.716229677E+00 1.038206182E-02 5.006926060E-01
 2.716229677E+00 1.390974317E-02 5.006927848E-01
 2.716229677E+00 1.745269448E-02 5.006929040E-01
 2.716229677E+00 2.100474574E-02 5.006931424E-01
 2.716229677E+00 2.456161939E-02 5.006933808E-01
 2.716229677E+00 2.812026069E-02 5.006936789E-01
 2.716229677E+00 3.167856485E-02 5.006939769E-01
 2.716229677E+00 3.523498029E-02 5.006943345E-01
 2.716229677E+00 3.878846765E-02 5.006947517E-01
 2.716229677E+00 4.233822227E-02 5.006951690E-01
 2.716229677E+00 4.588367790E-02 5.006956458E-01
 2.716229677E+00 4.942440987E-02 5.006961226E-01
 2.716229677E+00 5.296008661E-02 5.006966591E-01
 2.716229677E+00 5.649045855E-02 5.006972551E-01
 2.716229916E+00 6.001533195E-02 5.006979108E-01
 2.716229916E+00 6.353453547E-02 5.006986260E-01
 2.716229916E+00 6.704795361E-02 5.006993413E-01
 2.716229916E+00 7.055545598E-02 5.007001162E-01
 2.716229916E+00 7.405696809E-02 5.007009506E-01
 2.716229916E+00 7.755240798E-02 5.007017851E-01
 2.716229916E+00 8.104169369E-02 5.007026792E-01
 2.716229916E+00 8.452477306E-02 5.007036924E-01
 2.716229916E+00 8.800158650E-02 5.007047057E-01
 2.716229916E+00 9.147208184E-02 5.007057190E-01
 2.716229916E+00 9.493622929E-02 5.007068515E-01
 2.716229916E+00 9.839397669E-02 5.007079840E-01
 2.716229916E+00 1.018452868E-01 5.007092357E-01
 2.716229916E+00 1.052901372E-01 5.007104874E-01
 2.716229916E+00 1.087284833E-01 5.007117987E-01
 2.716229916E+00 1.121603027E-01 5.007132292E-01
 2.716229916E+00 1.155855730E-01 5.007146597E-01
 2.716229916E+00 1.190042794E-01 5.007161498E-01
 2.716229916E+00 1.224163845E-01 5.007176995E-01
 2.716229916E+00 1.258218735E-01 5.007193685E-01
 2.716229916E+00 1.292207539E-01 5.007210374E-01
 2.716229916E+00 1.326129735E-01 5.007228255E-01
 2.716229916E+00 1.359985322E-01 5.007246137E-01
 2.716229916E+00 1.393774301E-01 5.007265210E-01
 2.716229916E+00 1.427496225E-01 5.007284880E-01
 2.716229916E+00 1.461151540E-01 5.007305741E-01
 2.716229916E+00 1.494739652E-01 5.007326603E-01
 2.716229916E+00 1.528260559E-01 5.007349253E-01
 2.716230154E+00 1.561714411E-01 5.007371902E-01
 2.716230154E+00 1.595101058E-01 5.007395744E-01
 2.716230154E+00 1.628420204E-01 5.007420182E-01
 2.716230154E+00 1.661672145E-01 5.007445812E-01
 2.716230154E+00 1.694856733E-01 5.007472038E-01
 2.716230154E+00 1.727973819E-01 5.007499456E-01
 2.716230154E+00 1.761023551E-01 5.007528067E-01
 2.716230154E+00 1.794005781E-01 5.007557869E-01
 2.716230154E+00 1.826920360E-01 5.007588267E-01
 2.716230154E+00 1.859767735E-01 5.007619858E-01
 2.716230154E+00 1.892547458E-01 5.007652640E-01
 2.716230154E+00 1.925259829E-01 5.007686019E-01
 2.716230154E+00 1.957904696E-01 5.007721186E-01
 2.716230154E+00 1.990482062E-01 5.007757545E-01
 2.716230154E+00 2.022991925E-01 5.007795095E-01
 2.716230154E+00 2.055434436E-01 5.007833838E-01
 2.716230154E+00 2.087809592E-01 5.007874370E-01
 2.716230154E+00 2.120117396E-01 5.007916093E-01
 2.716230154E+00 2.152357846E-01 5.007959008E-01
 2.716230154E+00 2.184530944E-01 5.008003712E-01
 2.716230154E+00 2.216636837E-01 5.008049607E-01
 2.716230154E+00 2.248675525E-01 5.008097291E-01
 2.716230154E+00 2.280647010E-01 5.008146763E-01
 2.716230154E+00 2.312551439E-01 5.008198023E-01
 2.716230154E+00 2.344388664E-01 5.008251071E-01
 2.716230154E+00 2.376159132E-01 5.008305907E-01
 2.716230154E+00 2.407862544E-01 5.008362532E-01
 2.716230154E+00 2.439499050E-01 5.008420944E-01
 2.716230154E+00 2.471068799E-01 5.008481741E-01
 2.716230154E+00 2.502571642E-01 5.008544326E-01
 2.716230154E+00 2.534007728E-01 5.008609891E-01
 2.716230392E+00 2.565377653E-01 5.008677840E-01
 2.716230392E+00 2.596680522E-01 5.008748174E-01
 2.716230392E+00 2.627916932E-01 5.008822083E-01
 2.716230392E+00 2.659087181E-01 5.008900166E-01
 2.716230392E+00 2.690190971E-01 5.008980036E-01
 2.716230392E+00 2.721228600E-01 5.009056926E-01
 2.716230392E+00 2.752199769E-01 5.009103417E-01
 2.716230392E+00 2.783105373E-01 5.009054542E-01
 2.716230392E+00 2.813944221E-01 5.008785129E-01
 2.716230392E+00 2.844717503E-01 5.008090734E-01
 2.716230392E+00 2.875424922E-01 5.006715059E-01
 2.716230392E+00 2.906066477E-01 5.004392266E-01
 2.716230392E+00 2.936642468E-01 5.000912547E-01
 2.716230392E+00 2.967152894E-01 4.996158481E-01
 2.716230392E+00 2.997597754E-01 4.990099072E-01
 2.716230392E+00 3.027977049E-01 4.982758462E-01
 2.716230392E+00 3.058290780E-01 4.974176288E-01
 2.716230392E+00 3.088539839E-01 4.964384139E-01
 2.716230392E+00 3.118723333E-01 4.953398108E-01
 2.716230392E+00 3.148841858E-01 4.941220284E-01
 2.716230392E+00 3.178895414E-01 4.927847981E-01
 2.716230392E+00 3.208884299E-01 4.913279414E-01
 2.716230392E+00 3.238808215E-01 4.897520542E-01
 2.716230392E+00 3.268667459E-01 4.880590737E-01
 2.716230392E+00 3.298462331E-01 4.862523675E-01
 2.716230392E+00 3.328192532E-01 4.843366146E-01
 2.716230392E+00 3.357858360E-01 4.823174775E-01
 2.716230392E+00 3.387459815E-01 4.802015722E-01
 2.716230392E+00 3.416997194E-01 4.779959023E-01
 2.716230392E+00 3.446470797E-01 4.757074714E-01
 2.716230392E+00 3.475880027E-01 4.733433425E-01
 2.716230392E+00 3.505225778E-01 4.709103107E-01
 2.716230392E+00 3.534507453E-01 4.684146643E-01
 2.716230392E+00 3.563725650E-01 4.658624232E-01
 2.716230392E+00 3.592880070E-01 4.632590413E-01
 2.716230631E+00 3.621971309E-01 4.606095552E-01
 2.716230631E+00 3.650998771E-01 4.579185545E-01
 2.716230631E+00 3.679963648E-01 4.551902115E-01
 2.716230631E+00 3.708864748E-01 4.524284899E-01
 2.716230631E+00 3.737703264E-01 4.496367872E-01
 2.716230631E+00 3.766478896E-01 4.468183517E-01
 2.716230631E+00 3.795191646E-01 4.439761937E-01
 2.716230631E+00 3.823841512E-01 4.411129355E-01
 2.716230631E+00 3.852428794E-01 4.382311702E-01
 2.716230631E+00 3.880954087E-01 4.353331327E-01
 2.716230631E+00 3.909416497E-01 4.324210286E-01
 2.716230631E+00 3.937816918E-01 4.294967651E-01
 2.716230631E+00 3.966155052E-01 4.265623391E-01
 2.716230631E+00 3.994431198E-01 4.236193597E-01
 2.716230631E+00 4.022645354E-01 4.206694961E-01
 2.716230631E+00 4.050797820E-01 4.177143276E-01
 2.716230631E+00 4.078888297E-01 4.147667289E-01
 2.716230631E+00 4.106473625E-01 4.118515551E-01
 2.716230631E+00 4.133561850E-01 4.089815021E-01
 2.716230631E+00 4.160162508E-01 4.061570764E-01
 2.716230631E+00 4.186284244E-01 4.033786356E-01
 2.716230631E+00 4.211935997E-01 4.006463289E-01
 2.716230631E+00 4.237125516E-01 3.979603052E-01
 2.716230631E+00 4.261861444E-01 3.953205943E-01
 2.716230631E+00 4.286151528E-01 3.927271366E-01
 2.716230631E+00 4.310004115E-01 3.901796937E-01
 2.716230631E+00 4.333426952E-01 3.876780570E-01
 2.716230631E+00 4.356427789E-01 3.852218986E-01
 2.716230631E+00 4.379014373E-01 3.828109503E-01
 2.716230631E+00 4.401193559E-01 3.804447651E-01
 2.716230631E+00 4.422973394E-01 3.781229258E-01
 2.716230631E+00 4.444360435E-01 3.758449554E-01
 2.716230631E+00 4.465361834E-01 3.736103475E-01
 2.716230631E+00 4.485984445E-01 3.714186251E-01
 2.716230631E+00 4.506235421E-01 3.692692220E-01
 2.716230631E+00 4.526121318E-01 3.671615422E-01
 2.716230631E+00 4.545648396E-01 3.650950193E-01
 2.716230631E+00 4.564823210E-01 3.630690575E-01
 2.716230631E+00 4.583652318E-01 3.610831201E-01
 2.716230631E+00 4.602141380E-01 3.591365218E-01
 2.716230631E+00 4.620297253E-01 3.572286665E-01
 2.716230631E+00 4.638125002E-01 3.553589284E-01
 2.716230631E+00 4.655631483E-01 3.535266519E-01
 2.716230631E+00 4.672821760E-01 3.517312706E-01
 2.716230631E+00 4.689701498E-01 3.499721289E-01
 2.716230631E+00 4.706276953E-01 3.482485414E-01
 2.716230869E+00 4.722552896E-01 3.465599418E-01
 2.716230869E+00 4.738534689E-01 3.449057341E-01
 2.716230869E+00 4.754227996E-01 3.432852030E-01
 2.716230869E+00 4.769637883E-01 3.416978419E-01
 2.716230869E+00 4.784769118E-01 3.401429355E-01
 2.716230869E+00 4.799627364E-01 3.386199176E-01
 2.716230869E+00 4.814216793E-01 3.371282220E-01
 2.716230869E+00 4.828542769E-01 3.356671929E-01
 2.716230869E+00 4.842609465E-01 3.342362940E-01
 2.716230869E+00 4.856422246E-01 3.328348994E-01
 2.716230869E+00 4.869984984E-01 3.314624727E-01
 2.716230869E+00 4.883302748E-01 3.301183879E-01
 2.716230869E+00 4.896379411E-01 3.288021088E-01
 2.716230869E+00 4.909219742E-01 3.275131583E-01
 2.716230869E+00 4.921827614E-01 3.262509108E-01
 2.716230869E+00 4.934207499E-01 3.250148296E-01
 2.716230869E+00 4.946362972E-01 3.238044381E-01
 2.716230869E+00 4.958298802E-01 3.226191700E-01
 2.716230869E+00 4.970018268E-01 3.214585483E-01
 2.716230869E+00 4.981526136E-01 3.203220665E-01
 2.716230869E+00 4.992825091E-01 3.192091882E-01
 2.716230869E+00 5.003919601E-01 3.181194961E-01
 2.716230869E+00 5.014812946E-01 3.170524836E-01
 2.716230869E+00 5.025509000E-01 3.160076737E-01
 2.716230869E+00 5.036011338E-01 3.149845898E-01
 2.716230869E+00 5.046323538E-01 3.139828444E-01
 2.716230869E+00 5.056447983E-01 3.130019307E-01
 2.716230869E+00 5.066390038E-01 3.120414317E-01
 2.716230869E+00 5.076150894E-01 3.111009300E-01
 2.716230869E+00 5.085735321E-01 3.101800084E-01
 2.716230869E+00 5.095145702E-01 3.092782199E-01
 2.716230869E+00 5.104385018E-01 3.083952069E-01
 2.716230869E+00 5.113456845E-01 3.075305820E-01
 2.716230869E+00 5.122364163E-01 3.066839278E-01
 2.716230869E+00 5.131109357E-01 3.058548570E-01
 2.716230869E+00 5.139696002E-01 3.050430715E-01
 2.716230869E+00 5.148127079E-01 3.042481244E-01
 2.716230869E+00 5.156404376E-01 3.034696579E-01
 2.716230869E+00 5.164531469E-01 3.027074039E-01
 2.716230869E+00 5.172510743E-01 3.019609451E-01
 2.716230869E+00 5.180344582E-01 3.012299836E-01
 2.716230869E+00 5.188037157E-01 3.005141616E-01
 2.716230869E+00 5.195588470E-01 2.998131812E-01
 2.716230869E+00 5.203003287E-01 2.991267145E-01
 2.716230869E+00 5.210282803E-01 2.984544635E-01
 2.716230869E+00 5.217429996E-01 2.977961302E-01
 2.716230869E+00 5.224447250E-01 2.971513867E-01
 2.716230869E+00 5.231336355E-01 2.965199947E-01
 2.716230869E+00 5.238100290E-01 2.959016263E-01
 2.716230869E+00 5.244740844E-01 2.952960134E-01
 2.716230869E+00 5.251260400E-01 2.947029173E-01
 2.716230869E+00 5.257660747E-01 2.941220105E-01
 2.716230869E+00 5.263944864E-01 2.935531139E-01
 2.716230869E+00 5.270113945E-01 2.929958999E-01
 2.716230869E+00 5.276170969E-01 2.924501598E-01
 2.716230869E+00 5.282117128E-01 2.919156253E-01
 2.716230869E+00 5.287954807E-01 2.913920879E-01
 2.716230869E+00 5.293686390E-01 2.908793092E-01
 2.716230869E+00 5.299312472E-01 2.903770506E-01
 2.716230869E+00 5.304836035E-01 2.898850739E-01
 2.716230869E+00 5.310258865E-01 2.894032001E-01
 2.716230869E+00 5.315582752E-01 2.889311612E-01
 2.716230869E+00 5.320808887E-01 2.884687781E-01
 2.716230869E+00 5.325939655E-01 2.880158722E-01
 2.716230869E+00 5.330976248E-01 2.875722051E-01
 2.716230869E+00 5.335921049E-01 2.871375680E-01
 2.716230869E+00 5.340774655E-01 2.867118418E-01
 2.716230869E+00 5.345540047E-01 2.862947583E-01
 2.716230869E+00 5.350217819E-01 2.858861983E-01
 2.716230869E+00 5.354809761E-01 2.854859531E-01
 2.716230869E+00 5.359317660E-01 2.850938439E-01
 2.716230869E+00 5.363743305E-01 2.847096920E-01
 2.716230869E+00 5.368087292E-01 2.843333483E-01
 2.716230869E+00 5.372351408E-01 2.839646637E-01
 2.716230869E+00 5.376537442E-01 2.836034298E-01
 2.716230869E+00 5.380646586E-01 2.832495272E-01
 2.716230869E+00 5.384680033E-01 2.829027772E-01
 2.716230869E+00 5.388638973E-01 2.825630605E-01
 2.716230869E+00 5.392525792E-01 2.822302282E-01
 2.716230869E+00 5.396341085E-01 2.819041014E-01
 2.716230869E+00 5.400086045E-01 2.815845907E-01
 2.716230869E+00 5.403761864E-01 2.812714875E-01
 2.716230869E+00 5.407369733E-01 2.809647024E-01
 2.716230869E+00 5.410911441E-01 2.806641161E-01
 2.716230869E+00 5.414388180E-01 2.803695798E-01
 2.716230869E+00 5.417799950E-01 2.800810039E-01
 2.716230869E+00 5.421149731E-01 2.797981799E-01
 2.716230869E+00 5.424436927E-01 2.795210779E-01
 2.716230869E+00 5.427663326E-01 2.792495191E-01
 2.716230869E+00 5.430830717E-01 2.789834440E-01
 2.716230869E+00 5.433939099E-01 2.787226737E-01
 2.716230869E+00 5.436990261E-01 2.784671485E-01
 2.716230869E+00 5.439984202E-01 2.782167792E-01
 2.716230869E+00 5.442923903E-01 2.779713869E-01
 2.716230869E+00 5.445808172E-01 2.777309120E-01
 2.716230869E+00 5.448639393E-01 2.774952352E-01
 2.716230869E+00 5.451417565E-01 2.772643268E-01
 2.716230869E+00 5.454145074E-01 2.770380080E-01
 2.716230869E+00 5.456821322E-01 2.768161893E-01
 2.716230869E+00 5.459448099E-01 2.765977383E-01
 2.716230869E+00 5.462078452E-01 2.763783932E-01
 2.716230869E+00 5.464807153E-01 2.761532068E-01
 2.716230869E+00 5.467636585E-01 2.759200037E-01
 2.716230869E+00 5.470571518E-01 2.756785154E-01
 2.716230869E+00 5.473615527E-01 2.754284739E-01
 2.716230869E+00 5.476772189E-01 2.751695812E-01
 2.716230869E+00 5.480046868E-01 2.749015391E-01
 2.716230869E+00 5.483443141E-01 2.746240497E-01
 2.716230869E+00 5.486966372E-01 2.743367553E-01
 2.716230869E+00 5.490620732E-01 2.740393579E-01
 2.716230869E+00 5.494412184E-01 2.737315297E-01
 2.716230869E+00 5.498344898E-01 2.734129131E-01
 2.716230869E+00 5.502424836E-01 2.730832100E-01
 2.716230869E+00 5.506657958E-01 2.727419436E-01
 2.716230869E+00 5.511049032E-01 2.723888755E-01
 2.716230869E+00 5.515604615E-01 2.720235884E-01
 2.716230869E+00 5.520331264E-01 2.716456652E-01
 2.716230869E+00 5.525235534E-01 2.712547183E-01
 2.716230869E+00 5.530323386E-01 2.708504200E-01
 2.716230869E+00 5.535602570E-01 2.704322636E-01
 2.716230869E+00 5.541081429E-01 2.699999511E-01
 2.716230869E+00 5.546765327E-01 2.695529759E-01
 2.716230869E+00 5.552663207E-01 2.690910101E-01
 2.716230869E+00 5.558782816E-01 2.686135769E-01
 2.716230869E+00 5.565133095E-01 2.681202590E-01
 2.716230869E+00 5.571723580E-01 2.676106691E-01
 2.716230869E+00 5.578561425E-01 2.670843899E-01
 2.716230869E+00 5.585657954E-01 2.665410042E-01
 2.716230869E+00 5.593022704E-01 2.659800351E-01
 2.716230869E+00 5.600665212E-01 2.654011548E-01
 2.716230869E+00 5.608596206E-01 2.648040354E-01
 2.716230869E+00 5.616827011E-01 2.641881704E-01
 2.716230869E+00 5.625368953E-01 2.635532916E-01
 2.716230869E+00 5.634233952E-01 2.628991008E-01
 2.716230869E+00 5.643434525E-01 2.622252107E-01
 2.716230869E+00 5.652983189E-01 2.615314126E-01
 2.716230869E+00 5.662894249E-01 2.608174980E-01
 2.716230869E+00 5.673179626E-01 2.600832880E-01
 2.716230869E+00 5.683854818E-01 2.593286932E-01
 2.716230869E+00 5.694934726E-01 2.585536540E-01
 2.716230869E+00 5.706435442E-01 2.577582300E-01
 2.716230869E+00 5.718371272E-01 2.569426596E-01
 2.716230869E+00 5.730760694E-01 2.561071515E-01
 2.716230869E+00 5.743620396E-01 2.552521825E-01
 2.716230869E+00 5.756967068E-01 2.543783486E-01
 2.716230869E+00 5.770820975E-01 2.534864545E-01
 2.716230869E+00 5.785201192E-01 2.525775433E-01
 2.716231108E+00 5.800127983E-01 2.516530752E-01
 2.716231108E+00 5.815621018E-01 2.507146299E-01
 2.716231108E+00 5.831703544E-01 2.497644573E-01
 2.716231108E+00 5.848397017E-01 2.488052696E-01
 2.716231108E+00 5.865725279E-01 2.478403598E-01
 2.716231108E+00 5.883712769E-01 2.468738854E-01
 2.716231108E+00 5.902383327E-01 2.459111065E-01
 2.716231108E+00 5.921764970E-01 2.449584901E-01
 2.716231108E+00 5.941883922E-01 2.440242916E-01
 2.716231108E+00 5.962768197E-01 2.431188226E-01
 2.716231108E+00 5.984448195E-01 2.422552705E-01
 2.716231108E+00 6.006953120E-01 2.414502501E-01
 2.716231108E+00 6.030313969E-01 2.407245636E-01
 2.716231108E+00 6.054565310E-01 2.401029617E-01
 2.716231108E+00 6.079739928E-01 2.396125346E-01
 2.716231108E+00 6.105873585E-01 2.392781228E-01
 2.716231108E+00 6.133002639E-01 2.391155660E-01
 2.716231108E+00 6.161165237E-01 2.391274422E-01
 2.716231108E+00 6.190401316E-01 2.393044531E-01
 2.716231108E+00 6.220750809E-01 2.396283448E-01
 2.716231108E+00 6.252257824E-01 2.400757819E-01
 2.716231108E+00 6.284965873E-01 2.406240851E-01
 2.716231108E+00 6.318919659E-01 2.412545234E-01
 2.716231108E+00 6.354169250E-01 2.419531196E-01
 2.716231108E+00 6.390762329E-01 2.427095026E-01
 2.716231108E+00 6.428750157E-01 2.435157001E-01
 2.716231108E+00 6.468187571E-01 2.443651855E-01
 2.716231108E+00 6.509128809E-01 2.452517897E-01
 2.716231108E+00 6.551631093E-01 2.461691499E-01
 2.716231108E+00 6.595755219E-01 2.471100986E-01
 2.716231108E+00 6.641561985E-01 2.480660081E-01
 2.716231108E+00 6.689116955E-01 2.490259707E-01
 2.716231108E+00 6.738485098E-01 2.499758154E-01
 2.716231108E+00 6.789737344E-01 2.508970201E-01
 2.716231108E+00 6.842945218E-01 2.517650723E-01
 2.716231108E+00 6.898183227E-01 2.525491118E-01
 2.716231108E+00 6.955528855E-01 2.532137036E-01
 2.716231108E+00 7.015063167E-01 2.537271380E-01
 2.716231346E+00 7.076869011E-01 2.540749013E-01
 2.716231346E+00 7.141034007E-01 2.542712986E-01
 2.716231346E+00 7.207648158E-01 2.543566525E-01
 2.716231346E+00 7.276803851E-01 2.543796897E-01
 2.716231346E+00 7.348599434E-01 2.543781400E-01
 2.716231346E+00 7.423135042E-01 2.543710172E-01
 2.716231346E+00 7.500516176E-01 2.543639541E-01
 2.716231346E+00 7.580850720E-01 2.543574572E-01
 2.716231346E+00 7.664252520E-01 2.543513477E-01
 2.716231346E+00 7.750837207E-01 2.543455660E-01
 2.716231346E+00 7.840727568E-01 2.543401420E-01
 2.716231346E+00 7.934049964E-01 2.543350160E-01
 2.716231346E+00 8.030933738E-01 2.543302774E-01
 2.716231346E+00 8.131517172E-01 2.543258667E-01
 2.716231346E+00 8.235940933E-01 2.543218434E-01
 2.716231346E+00 8.344350457E-01 2.543180883E-01
 2.716231346E+00 8.456899524E-01 2.543147802E-01
 2.716231346E+00 8.573744893E-01 2.543117702E-01
 2.716231346E+00 8.695052862E-01 2.543091178E-01
 2.716231346E+00 8.820991516E-01 2.543068230E-01
 2.716231346E+00 8.951739073E-01 2.543048561E-01
 2.716231346E+00 9.087478518E-01 2.543032169E-01
 2.716231346E+00 9.228400588E-01 2.543019354E-01
 2.716231346E+00 9.374704361E-01 2.543008924E-01
 2.716231346E+00 9.526594281E-01 2.543002069E-01
 2.716231346E+00 9.684283733E-01 2.542997897E-01
 2.716231346E+00 9.847994447E-01 2.542996705E-01
 2.716231346E+00 1.001795650E+00 2.542998493E-01
 2.716231346E+00 1.019440889E+00 2.543002367E-01
 2.716231346E+00 1.037759900E+00 2.543009222E-01
 2.716231346E+00 1.056778431E+00 2.543017864E-01
 2.716231346E+00 1.076523185E+00 2.543029189E-01
 2.716231346E+00 1.097022176E+00 2.543042898E-01
 2.716231346E+00 1.118303776E+00 2.543057799E-01
 2.716231346E+00 1.140398145E+00 2.543075085E-01
 2.716231346E+00 1.163336158E+00 2.543094456E-01
 2.716231346E+00 1.187150240E+00 2.543115020E-01
 2.716231346E+00 1.211873770E+00 2.543137372E-01
 2.716231346E+00 1.237541556E+00 2.543160915E-01
 2.716231346E+00 1.264189363E+00 2.543186247E-01
 2.716231346E+00 1.291855216E+00 2.543212473E-01
 2.716231346E+00 1.320577383E+00 2.543239892E-01
 2.716231346E+00 1.350396514E+00 2.543268502E-01
 2.716231346E+00 1.381354809E+00 2.543297708E-01
 2.716231346E+00 1.413495183E+00 2.543328106E-01
 2.716231346E+00 1.446863294E+00 2.543359101E-01
 2.716231346E+00 1.481505871E+00 2.543390691E-01
 2.716231346E+00 1.517471552E+00 2.543422878E-01
 2.716231346E+00 1.554811001E+00 2.543455064E-01
 2.716231346E+00 1.593576789E+00 2.543487251E-01
 2.716231346E+00 1.633823276E+00 2.543520033E-01
 2.716231346E+00 1.675607085E+00 2.543552220E-01
 2.716231346E+00 1.718986988E+00 2.543584406E-01
 2.716231346E+00 1.764024019E+00 2.543615997E-01
 2.716231346E+00 1.810781598E+00 2.543646991E-01
 2.716231346E+00 1.859325409E+00 2.543677390E-01
 2.716231346E+00 1.909723759E+00 2.543706298E-01
 2.716231346E+00 1.962047577E+00 2.543734610E-01
 2.716231346E+00 2.016370535E+00 2.543761134E-01
 2.716231346E+00 2.072769165E+00 2.543785870E-01
 2.716231346E+00 2.131322622E+00 2.543808818E-01
 2.716231346E+00 2.192113161E+00 2.543829679E-01
 2.716231346E+00 2.255227089E+00 2.543847859E-01
 2.716231346E+00 2.320752382E+00 2.543863952E-01
 2.716231346E+00 2.388782024E+00 2.543876171E-01
 2.716231346E+00 2.459411383E+00 2.543886006E-01
 2.716231346E+00 2.532739878E+00 2.543892264E-01
 2.716231346E+00 2.608871460E+00 2.543894649E-01
 2.716231346E+00 2.687912703E+00 2.543893158E-01
 2.716231346E+00 2.769975185E+00 2.543887198E-01
 2.716231346E+00 2.855174780E+00 2.543876767E-01
 2.716231346E+00 2.943631172E+00 2.543862164E-01
 2.716231346E+00 3.035469055E+00 2.543842196E-01
 2.716231346E+00 3.130818367E+00 2.543817163E-01
 2.716231346E+00 3.229813099E+00 2.543786764E-01
 2.716231108E+00 3.332592964E+00 2.543750405E-01
 2.716231108E+00 3.439302921E+00 2.543708980E-01
 2.716231108E+00 3.550093174E+00 2.543661296E-01
 2.716231108E+00 3.665120602E+00 2.543607950E-01
 2.716231108E+00 3.784547091E+00 2.543548346E-01
 2.716230869E+00 3.908541203E+00 2.543483078E-01
 2.716230869E+00 4.037277699E+00 2.543411255E-01
 2.716230869E+00 4.170938015E+00 2.543333769E-01
 2.716230869E+00 4.309711456E+00 2.543249726E-01
 2.716230869E+00 4.453793526E+00 2.543160021E-01
 2.716230631E+00 4.603387356E+00 2.543064058E-01
 2.716230631E+00 4.758704185E+00 2.542962432E-01
 2.716230631E+00 4.919963837E+00 2.542854846E-01
 2.716230631E+00 5.087392807E+00 2.542741895E-01
 2.716230631E+00 5.261229038E+00 2.542623281E-01
 2.716230631E+00 5.441716671E+00 2.542499602E-01
 2.716230392E+00 5.629110336E+00 2.542370856E-01
 2.716230392E+00 5.823676109E+00 2.542237043E-01
 2.716230154E+00 6.025687218E+00 2.542098761E-01
 2.716230154E+00 6.235430241E+00 2.541956007E-01
 2.716229916E+00 6.453199863E+00 2.541808784E-01
 2.716229916E+00 6.679305077E+00 2.541657984E-01
 2.716229677E+00 6.914063931E+00 2.541503608E-01
 2.716229677E+00 7.157809734E+00 2.541345954E-01
 2.716229677E+00 7.410884857E+00 2.541184723E-01
 2.716229439E+00 7.673647881E+00 2.541021109E-01
 2.716229439E+00 7.946469784E+00 2.540854514E-01
 2.716229200E+00 8.229736328E+00 2.540685833E-01
 2.716229200E+00 8.523846626E+00 2.540515065E-01
 2.716229200E+00 8.829216957E+00 2.540342212E-01
 2.716228962E+00 9.146279335E+00 2.540167570E-01
 2.716228962E+00 9.475480080E+00 2.539991438E-01
 2.716228962E+00 9.817286491E+00 2.539814115E-01
 2.716228962E+00 1.017218018E+01 2.539635897E-01
 2.716229200E+00 1.054066372E+01 2.539456785E-01
 2.716229200E+00 1.092325687E+01 2.539276779E-01
 2.716229200E+00 1.132050037E+01 2.539096773E-01
 2.716229200E+00 1.173295593E+01 2.538915873E-01
 2.716229200E+00 1.216120815E+01 2.538734972E-01
 2.716229439E+00 1.260585976E+01 2.538553476E-01
 2.716229439E+00 1.306754208E+01 2.538372278E-01
 2.716229439E+00 1.354690647E+01 2.538191378E-01
 2.716229439E+00 1.404463196E+01 2.538010180E-01
 2.716229677E+00 1.456142235E+01 2.537829578E-01
 2.716229677E+00 1.509800816E+01 2.537648976E-01
 2.716229677E+00 1.565514946E+01 2.537468970E-01
 2.716229677E+00 1.623363495E+01 2.537288666E-01
 2.716229916E+00 1.683428192E+01 2.537109256E-01
 2.716229916E+00 1.745794296E+01 2.536930144E-01
 2.716230154E+00 1.810550117E+01 2.536751628E-01
 2.716230154E+00 1.877787399E+01 2.536573410E-01
 2.716230154E+00 1.947601509E+01 2.536395788E-01
 2.716230392E+00 2.020091248E+01 2.536219060E-01
 2.716230392E+00 2.095359802E+01 2.536042631E-01
 2.716230631E+00 2.173513412E+01 2.535867095E-01
 2.716230631E+00 2.254663658E+01 2.535691857E-01
 2.716230631E+00 2.338925552E+01 2.535517216E-01
 2.716230869E+00 2.426418877E+01 2.535344362E-01
 2.716230869E+00 2.517268181E+01 2.535171807E-01
 2.716230869E+00 2.611602402E+01 2.535000443E-01
 2.716231108E+00 2.709556580E+01 2.534830272E-01
 2.716231108E+00 2.811270142E+01 2.534661293E-01
 2.716231108E+00 2.916888046E+01 2.534493506E-01
 2.716231108E+00 3.026561356E+01 2.534327507E-01
 2.716231585E+00 3.140447044E+01 2.534162998E-01
 2.716232061E+00 3.258708572E+01 2.534000278E-01
 2.716232300E+00 3.381514740E+01 2.533839345E-01
 2.716232777E+00 3.509042358E+01 2.533680797E-01
 2.716233015E+00 3.641474915E+01 2.533524036E-01
 2.716233492E+00 3.779003525E+01 2.533370554E-01
 2.716233730E+00 3.921826553E+01 2.533219159E-01
 2.716234207E+00 4.070150757E+01 2.533070147E-01
 2.716234446E+00 4.224191284E+01 2.532924712E-01
 2.716234684E+00 4.384171677E+01 2.532782257E-01
 2.716234922E+00 4.550325775E+01 2.532643080E-01
 2.716235161E+00 4.722896194E+01 2.532507479E-01
 2.716235399E+00 4.902136230E+01 2.532375455E-01
 2.716235638E+00 5.088308334E+01 2.532247901E-01
 2.716235876E+00 5.281689072E+01 2.532123625E-01
 2.716235876E+00 5.482563782E+01 2.532004118E-01
 2.716236353E+00 5.691231155E+01 2.531889379E-01
 2.716236591E+00 5.908002472E+01 2.531778812E-01
 2.716236830E+00 6.133202362E+01 2.531673610E-01
 2.716236830E+00 6.367167664E+01 2.531573474E-01
 2.716236830E+00 6.610251617E+01 2.531478703E-01
 2.716236830E+00 6.862819672E+01 2.531389594E-01
 2.716236591E+00 7.125254822E+01 2.531306446E-01
 2.716236353E+00 7.397951508E+01 2.531229556E-01
 2.716235876E+00 7.681324005E+01 2.531159818E-01
 2.716234922E+00 7.975795746E+01 2.531096935E-01
 2.716233969E+00 8.281801605E+01 2.531041801E-01
 2.716233015E+00 8.599782562E+01 2.530995011E-01
 2.716231585E+00 8.930176544E+01 2.530956864E-01
 2.716230154E+00 9.273433685E+01 2.530928850E-01
 2.716229200E+00 9.629930115E+01 2.530910671E-01
 2.716229677E+00 1.000000000E+02 2.530904114E-01
ZONE T="FUN3D"
 2.716229916E+00 1.705899951E-03 5.005890131E-01
 2.716229916E+00 5.145169795E-03 5.005890131E-01
 2.716229916E+00 8.630299941E-03 5.005890131E-01
 2.716229916E+00 1.214590017E-02 5.005890131E-01
 2.716229916E+00 1.568119973E-02 5.005890131E-01
 2.716229916E+00 1.922870055E-02 5.005890131E-01
 2.716229916E+00 2.278319933E-02 5.005890131E-01
 2.716229916E+00 2.634089999E-02 5.005879998E-01
 2.716229916E+00 2.989939973E-02 5.005879998E-01
 2.716229916E+00 3.345679864E-02 5.005879998E-01
 2.716229916E+00 3.701170161E-02 5.005879998E-01
 2.716229916E+00 4.056330025E-02 5.005879998E-01
 2.716229916E+00 4.411099851E-02 5.005879998E-01
 2.716229916E+00 4.765399918E-02 5.005869865E-01
 2.716229916E+00 5.119220167E-02 5.005869865E-01
 2.716229916E+00 5.472530052E-02 5.005869865E-01
 2.716229916E+00 5.825290084E-02 5.005869865E-01
 2.716229916E+00 6.177489832E-02 5.005859733E-01
 2.716229916E+00 6.529120356E-02 5.005859733E-01
 2.716229916E+00 6.880170107E-02 5.005859733E-01
 2.716229916E+00 7.230620086E-02 5.005850196E-01
 2.716229916E+00 7.580470294E-02 5.005850196E-01
 2.716229916E+00 7.929710299E-02 5.005850196E-01
 2.716229916E+00 8.278319985E-02 5.005840063E-01
 2.716229916E+00 8.626320213E-02 5.005840063E-01
 2.716229916E+00 8.973679692E-02 5.005840063E-01
 2.716229916E+00 9.320420027E-02 5.005829930E-01
 2.716229916E+00 9.666509926E-02 5.005829930E-01
 2.716229916E+00 1.001200005E-01 5.005819798E-01
 2.716229916E+00 1.035680026E-01 5.005819798E-01
 2.716229916E+00 1.070090011E-01 5.005810261E-01
 2.716229916E+00 1.104440019E-01 5.005810261E-01
 2.716229916E+00 1.138729975E-01 5.005800128E-01
 2.716229916E+00 1.172949970E-01 5.005800128E-01
 2.716229916E+00 1.207100004E-01 5.005789995E-01
 2.716229916E+00 1.241189986E-01 5.005789995E-01
 2.716229916E+00 1.275209934E-01 5.005779862E-01
 2.716229916E+00 1.309169978E-01 5.005769730E-01
 2.716229916E+00 1.343059987E-01 5.005769730E-01
 2.716229916E+00 1.376879960E-01 5.005760193E-01
 2.716229916E+00 1.403950006E-01 5.005760193E-01
 2.716229916E+00 1.420810074E-01 5.005750060E-01
 2.716229916E+00 1.444319934E-01 5.005750060E-01
 2.716229916E+00 1.477950066E-01 5.005739927E-01
 2.716229916E+00 1.511500031E-01 5.005729795E-01
 2.716229916E+00 1.544989944E-01 5.005729795E-01
 2.716229916E+00 1.578409970E-01 5.005720258E-01
 2.716229916E+00 1.611759961E-01 5.005710125E-01
 2.716229916E+00 1.645050049E-01 5.005699992E-01
 2.716229916E+00 1.678259969E-01 5.005699992E-01
 2.716229916E+00 1.711419970E-01 5.005689859E-01
 2.716229916E+00 1.744499952E-01 5.005679727E-01
 2.716229916E+00 1.777510047E-01 5.005670190E-01
 2.716229916E+00 1.810459942E-01 5.005670190E-01
 2.716229916E+00 1.843339950E-01 5.005660057E-01
 2.716229916E+00 1.876160055E-01 5.005649924E-01
 2.716229916E+00 1.908899993E-01 5.005639791E-01
 2.716229916E+00 1.941580027E-01 5.005630255E-01
 2.716229916E+00 1.974190027E-01 5.005620122E-01
 2.716229916E+00 2.006739974E-01 5.005620122E-01
 2.716229916E+00 2.039210051E-01 5.005609989E-01
 2.716229916E+00 2.071619928E-01 5.005599856E-01
 2.716229916E+00 2.103960067E-01 5.005589724E-01
 2.716229916E+00 2.136240005E-01 5.005580187E-01
 2.716229916E+00 2.168440074E-01 5.005570054E-01
 2.716229916E+00 2.200579941E-01 5.005570054E-01
 2.716229916E+00 2.232660055E-01 5.005559921E-01
 2.716229916E+00 2.264660001E-01 5.005549788E-01
 2.716229916E+00 2.296600044E-01 5.005540252E-01
 2.716229916E+00 2.328470051E-01 5.005540252E-01
 2.716229916E+00 2.360270023E-01 5.005530119E-01
 2.716229916E+00 2.392009944E-01 5.005519986E-01
 2.716229916E+00 2.423679978E-01 5.005519986E-01
 2.716229916E+00 2.455279976E-01 5.005509853E-01
 2.716229916E+00 2.486820072E-01 5.005509853E-01
 2.716229916E+00 2.518289983E-01 5.005499721E-01
 2.716229916E+00 2.549690008E-01 5.005499721E-01
 2.716229916E+00 2.581030130E-01 5.005490184E-01
 2.716229916E+00 2.612299919E-01 5.005490184E-01
 2.716229916E+00 2.643499970E-01 5.005490184E-01
 2.716229916E+00 2.674640119E-01 5.005490184E-01
 2.716229916E+00 2.705709934E-01 5.005490184E-01
 2.716229916E+00 2.736710012E-01 5.005480051E-01
 2.716229916E+00 2.767649889E-01 5.005419850E-01
 2.716229916E+00 2.798520029E-01 5.005229712E-01
 2.716229916E+00 2.829329967E-01 5.004749894E-01
 2.716229916E+00 2.860069871E-01 5.003759861E-01
 2.716229916E+00 2.890749872E-01 5.001990199E-01
 2.716229916E+00 2.921350002E-01 4.999200106E-01
 2.716229916E+00 2.951900065E-01 4.995200038E-01
 2.716229916E+00 2.982380092E-01 4.989930093E-01
 2.716229916E+00 3.012790084E-01 4.983370006E-01
 2.716229916E+00 3.043130040E-01 4.975579977E-01
 2.716229916E+00 3.073419929E-01 4.966599941E-01
 2.716229916E+00 3.103629947E-01 4.956459999E-01
 2.716229916E+00 3.133780062E-01 4.945189953E-01
 2.716229916E+00 3.163869977E-01 4.932779968E-01
 2.716229916E+00 3.193889856E-01 4.919230044E-01
 2.716229916E+00 3.223850131E-01 4.904530048E-01
 2.716229916E+00 3.253740072E-01 4.888679981E-01
 2.716229916E+00 3.283559978E-01 4.871689975E-01
 2.716229916E+00 3.313330114E-01 4.853579998E-01
 2.716229916E+00 3.343029916E-01 4.834389985E-01
 2.716229916E+00 3.372659981E-01 4.814159870E-01
 2.716229916E+00 3.402230144E-01 4.792959988E-01
 2.716229916E+00 3.431729972E-01 4.770849943E-01
 2.716229916E+00 3.461180031E-01 4.747900069E-01
 2.716229916E+00 3.490549922E-01 4.724169970E-01
 2.716229916E+00 3.519870043E-01 4.699740112E-01
 2.716229916E+00 3.549120128E-01 4.674659967E-01
 2.716229916E+00 3.578299880E-01 4.648999870E-01
 2.716229916E+00 3.607429862E-01 4.622820020E-01
 2.716229916E+00 3.636479974E-01 4.596160054E-01
 2.716229916E+00 3.665480018E-01 4.569070041E-01
 2.716229916E+00 3.694410026E-01 4.541589916E-01
 2.716229916E+00 3.723280132E-01 4.513779879E-01
 2.716229916E+00 3.752090037E-01 4.485650063E-01
 2.716229916E+00 3.780840039E-01 4.457249939E-01
 2.716229916E+00 3.809520006E-01 4.428609908E-01
 2.716229916E+00 3.838140070E-01 4.399749935E-01
 2.716229916E+00 3.866690099E-01 4.370700121E-01
 2.716229916E+00 3.895190060E-01 4.341489971E-01
 2.716229916E+00 3.923619986E-01 4.312129915E-01
 2.716229916E+00 3.951990008E-01 4.282639921E-01
 2.716229916E+00 3.980289996E-01 4.253059924E-01
 2.716229916E+00 4.008539915E-01 4.223380089E-01
 2.716229916E+00 4.036720097E-01 4.193629920E-01
 2.716229916E+00 4.064840078E-01 4.163829982E-01
 2.716229916E+00 4.092679918E-01 4.134230018E-01
 2.716229916E+00 4.120019972E-01 4.105069935E-01
 2.716229916E+00 4.146859944E-01 4.076359868E-01
 2.716229916E+00 4.173220098E-01 4.048109949E-01
 2.716229916E+00 4.199109972E-01 4.020319879E-01
 2.716229916E+00 4.224529862E-01 3.992989957E-01
 2.716229916E+00 4.249489903E-01 3.966119885E-01
 2.716229916E+00 4.274010062E-01 3.939720094E-01
 2.716229916E+00 4.298079908E-01 3.913779855E-01
 2.716229916E+00 4.321720004E-01 3.888300061E-01
 2.716229916E+00 4.344930053E-01 3.863280118E-01
 2.716229916E+00 4.367719889E-01 3.838709891E-01
 2.716229916E+00 4.390099943E-01 3.814600110E-01
 2.716229916E+00 4.412080050E-01 3.790929914E-01
 2.716229916E+00 4.433670044E-01 3.767710030E-01
 2.716229916E+00 4.454860091E-01 3.744930029E-01
 2.716229916E+00 4.475669861E-01 3.722580075E-01
 2.716229916E+00 4.496110082E-01 3.700659871E-01
 2.716229916E+00 4.516179860E-01 3.679159880E-01
 2.716229916E+00 4.535880089E-01 3.658080101E-01
 2.716229916E+00 4.555239975E-01 3.637410104E-01
 2.716229916E+00 4.574240148E-01 3.617149889E-01
 2.716229916E+00 4.592899978E-01 3.597280085E-01
 2.716229916E+00 4.611220062E-01 3.577809930E-01
 2.716229916E+00 4.629209936E-01 3.558729887E-01
 2.716229916E+00 4.646880031E-01 3.540030122E-01
 2.716229916E+00 4.664230049E-01 3.521710038E-01
 2.716229916E+00 4.681259990E-01 3.503749967E-01
 2.716229916E+00 4.697990119E-01 3.486160040E-01
 2.716229916E+00 4.714410007E-01 3.468919992E-01
 2.716229916E+00 4.730539918E-01 3.452030122E-01
 2.716229916E+00 4.746379852E-01 3.435490131E-01
 2.716229916E+00 4.761930108E-01 3.419280052E-01
 2.716229916E+00 4.777199924E-01 3.403410017E-01
 2.716229916E+00 4.792200029E-01 3.387860060E-01
 2.716229916E+00 4.806919992E-01 3.372620046E-01
 2.716229916E+00 4.821380079E-01 3.357709944E-01
 2.716229916E+00 4.835579991E-01 3.343099952E-01
 2.716229916E+00 4.849520028E-01 3.328790069E-01
 2.716229916E+00 4.863199890E-01 3.314769864E-01
 2.716229916E+00 4.876640141E-01 3.301050067E-01
 2.716229916E+00 4.889839888E-01 3.287610114E-01
 2.716229916E+00 4.902800024E-01 3.274439871E-01
 2.716229916E+00 4.915519953E-01 3.261550069E-01
 2.716229916E+00 4.928019941E-01 3.248929977E-01
 2.716229916E+00 4.940289855E-01 3.236570060E-01
 2.716229916E+00 4.952329993E-01 3.224470019E-01
 2.716229916E+00 4.964160025E-01 3.212620020E-01
 2.716229916E+00 4.975770116E-01 3.201009929E-01
 2.716229916E+00 4.987179935E-01 3.189649880E-01
 2.716229916E+00 4.998370111E-01 3.178519905E-01
 2.716229916E+00 5.009369850E-01 3.167630136E-01
 2.716229916E+00 5.020160079E-01 3.156960011E-01
 2.716229916E+00 5.030760169E-01 3.146510124E-01
 2.716229916E+00 5.041170120E-01 3.136290014E-01
 2.716229916E+00 5.051389933E-01 3.126269877E-01
 2.716229916E+00 5.061420202E-01 3.116469979E-01
 2.716229916E+00 5.071269870E-01 3.106859922E-01
 2.716229916E+00 5.080940127E-01 3.097459972E-01
 2.716229916E+00 5.090439916E-01 3.088259995E-01
 2.716229916E+00 5.099769831E-01 3.079240024E-01
 2.716229916E+00 5.108919740E-01 3.070409894E-01
 2.716229916E+00 5.117909908E-01 3.061769903E-01
 2.716229916E+00 5.126739740E-01 3.053309917E-01
 2.716229916E+00 5.135400295E-01 3.045020103E-01
 2.716229916E+00 5.143910050E-01 3.036909997E-01
 2.716229916E+00 5.152270198E-01 3.028959930E-01
 2.716229916E+00 5.160470009E-01 3.021180034E-01
 2.716229916E+00 5.168520212E-01 3.013570011E-01
 2.716229916E+00 5.176429749E-01 3.006109893E-01
 2.716229916E+00 5.184190273E-01 2.998799980E-01
 2.716229916E+00 5.191810131E-01 2.991650105E-01
 2.716229916E+00 5.199300051E-01 2.984650135E-01
 2.716229916E+00 5.206639767E-01 2.977789938E-01
 2.716229916E+00 5.213860273E-01 2.971070111E-01
 2.716229916E+00 5.220940113E-01 2.964490056E-01
 2.716229916E+00 5.227890015E-01 2.958050072E-01
 2.716229916E+00 5.234720111E-01 2.951740026E-01
 2.716229916E+00 5.241420269E-01 2.945559919E-01
 2.716229916E+00 5.248000026E-01 2.939510047E-01
 2.716229916E+00 5.254459977E-01 2.933590114E-01
 2.716229916E+00 5.260800123E-01 2.927789986E-01
 2.716229916E+00 5.267030001E-01 2.922100127E-01
 2.716229916E+00 5.273140073E-01 2.916539907E-01
 2.716229916E+00 5.279139876E-01 2.911089957E-01
 2.716229916E+00 5.285040140E-01 2.905749977E-01
 2.716229916E+00 5.290820003E-01 2.900519967E-01
 2.716229916E+00 5.296499729E-01 2.895399928E-01
 2.716229916E+00 5.302069783E-01 2.890389860E-01
 2.716229916E+00 5.307549834E-01 2.885470092E-01
 2.716229916E+00 5.312920213E-01 2.880659997E-01
 2.716229916E+00 5.318199992E-01 2.875950038E-01
 2.716229916E+00 5.323370099E-01 2.871330082E-01
 2.716229916E+00 5.328459740E-01 2.866809964E-01
 2.716229916E+00 5.333449841E-01 2.862380147E-01
 2.716229916E+00 5.338349938E-01 2.858040035E-01
 2.716229916E+00 5.343160033E-01 2.853789926E-01
 2.716229916E+00 5.347880125E-01 2.849630117E-01
 2.716229916E+00 5.352510214E-01 2.845549881E-01
 2.716229916E+00 5.357059836E-01 2.841559947E-01
 2.716229916E+00 5.361530185E-01 2.837640047E-01
 2.716229916E+00 5.365909934E-01 2.833809853E-01
 2.716229916E+00 5.370219946E-01 2.830060124E-01
 2.716229916E+00 5.374439955E-01 2.826380134E-01
 2.716229916E+00 5.378590226E-01 2.822769880E-01
 2.716229916E+00 5.382660031E-01 2.819240093E-01
 2.716229916E+00 5.386660099E-01 2.815780044E-01
 2.716229916E+00 5.390580297E-01 2.812390029E-01
 2.716229916E+00 5.394430161E-01 2.809070051E-01
 2.716229916E+00 5.398210287E-01 2.805820107E-01
 2.716229916E+00 5.401920080E-01 2.802630067E-01
 2.716229916E+00 5.405570269E-01 2.799510062E-01
 2.716229916E+00 5.409139991E-01 2.796449959E-01
 2.716229916E+00 5.412650108E-01 2.793450058E-01
 2.716229916E+00 5.416089892E-01 2.790519893E-01
 2.716229916E+00 5.419470072E-01 2.787640095E-01
 2.716229916E+00 5.422790051E-01 2.784819901E-01
 2.716229916E+00 5.426049829E-01 2.782059908E-01
 2.716229916E+00 5.429250002E-01 2.779349983E-01
 2.716229916E+00 5.432379842E-01 2.776699960E-01
 2.716229916E+00 5.435460210E-01 2.774100006E-01
 2.716229916E+00 5.438489914E-01 2.771550119E-01
 2.716229916E+00 5.441449881E-01 2.769050002E-01
 2.716229916E+00 5.444369912E-01 2.766610086E-01
 2.716229916E+00 5.447220206E-01 2.764210105E-01
 2.716229916E+00 5.450029969E-01 2.761859894E-01
 2.716229916E+00 5.452780128E-01 2.759560049E-01
 2.716229916E+00 5.455480218E-01 2.757309973E-01
 2.716229916E+00 5.458130240E-01 2.755100131E-01
 2.716229916E+00 5.460759997E-01 2.752909958E-01
 2.716229916E+00 5.463439822E-01 2.750680149E-01
 2.716229916E+00 5.466219783E-01 2.748380005E-01
 2.716229916E+00 5.469099879E-01 2.745989859E-01
 2.716229916E+00 5.472090244E-01 2.743520141E-01
 2.716229916E+00 5.475190282E-01 2.740960121E-01
 2.716229916E+00 5.478410125E-01 2.738310099E-01
 2.716229916E+00 5.481740236E-01 2.735570073E-01
 2.716229916E+00 5.485200286E-01 2.732729912E-01
 2.716229916E+00 5.488790274E-01 2.729789913E-01
 2.716229916E+00 5.492519736E-01 2.726750076E-01
 2.716229916E+00 5.496379733E-01 2.723599970E-01
 2.716229916E+00 5.500379801E-01 2.720339894E-01
 2.716229916E+00 5.504540205E-01 2.716970146E-01
 2.716229916E+00 5.508850217E-01 2.713479996E-01
 2.716229916E+00 5.513330102E-01 2.709870040E-01
 2.716229916E+00 5.517969728E-01 2.706139982E-01
 2.716229916E+00 5.522779822E-01 2.702269852E-01
 2.716229916E+00 5.527780056E-01 2.698279917E-01
 2.716229916E+00 5.532960296E-01 2.694149911E-01
 2.716229916E+00 5.538340211E-01 2.689880133E-01
 2.716229916E+00 5.543919802E-01 2.685459852E-01
 2.716229916E+00 5.549709797E-01 2.680900097E-01
 2.716229916E+00 5.555719733E-01 2.676180005E-01
 2.716229916E+00 5.561959743E-01 2.671310008E-01
 2.716229916E+00 5.568429828E-01 2.666279972E-01
 2.716229916E+00 5.575140119E-01 2.661080062E-01
 2.716229916E+00 5.582110286E-01 2.655720115E-01
 2.716229916E+00 5.589339733E-01 2.650179863E-01
 2.716229916E+00 5.596839786E-01 2.644459903E-01
 2.716229916E+00 5.604630113E-01 2.638570070E-01
 2.716229916E+00 5.612710118E-01 2.632490098E-01
 2.716229916E+00 5.621100068E-01 2.626219988E-01
 2.716229916E+00 5.629799962E-01 2.619760036E-01
 2.716229916E+00 5.638830066E-01 2.613109946E-01
 2.716229916E+00 5.648210049E-01 2.606259882E-01
 2.716229916E+00 5.657939911E-01 2.599210143E-01
 2.716229916E+00 5.668039918E-01 2.591969967E-01
 2.716229916E+00 5.678520203E-01 2.584519982E-01
 2.716229916E+00 5.689389706E-01 2.576870024E-01
 2.716229916E+00 5.700680017E-01 2.569029927E-01
 2.716229916E+00 5.712400079E-01 2.560980022E-01
 2.716229916E+00 5.724570155E-01 2.552739978E-01
 2.716229916E+00 5.737190247E-01 2.544310093E-01
 2.716229916E+00 5.750290155E-01 2.535690069E-01
 2.716229916E+00 5.763890147E-01 2.526899874E-01
 2.716229916E+00 5.778009892E-01 2.517940104E-01
 2.716229916E+00 5.792660117E-01 2.508830130E-01
 2.716229916E+00 5.807870030E-01 2.499579936E-01
 2.716229916E+00 5.823659897E-01 2.490230054E-01
 2.716229916E+00 5.840049982E-01 2.480780035E-01
 2.716229916E+00 5.857059956E-01 2.471289933E-01
 2.716229916E+00 5.874720216E-01 2.461789995E-01
 2.716229916E+00 5.893049836E-01 2.452329993E-01
 2.716229916E+00 5.912070274E-01 2.442969978E-01
 2.716229916E+00 5.931820273E-01 2.433809936E-01
 2.716229916E+00 5.952330232E-01 2.424950004E-01
 2.716229916E+00 5.973610282E-01 2.416509986E-01
 2.716229916E+00 5.995699763E-01 2.408670038E-01
 2.716229916E+00 6.018630266E-01 2.401629984E-01
 2.716229916E+00 6.042439938E-01 2.395640016E-01
 2.716229916E+00 6.067150235E-01 2.390969992E-01
 2.716229916E+00 6.092810035E-01 2.387849987E-01
 2.716229916E+00 6.119440198E-01 2.386420071E-01
 2.716229916E+00 6.147080064E-01 2.386700064E-01
 2.716229916E+00 6.175780296E-01 2.388589978E-01
 2.716229916E+00 6.205580235E-01 2.391909957E-01
 2.716229916E+00 6.236500144E-01 2.396419942E-01
 2.716229916E+00 6.268609762E-01 2.401919961E-01
 2.716229916E+00 6.301940084E-01 2.408220023E-01
 2.716229916E+00 6.336539984E-01 2.415190041E-01
 2.716229916E+00 6.372470260E-01 2.422730029E-01
 2.716229916E+00 6.409760118E-01 2.430759966E-01
 2.716229916E+00 6.448469758E-01 2.439219952E-01
 2.716229916E+00 6.488659978E-01 2.448049933E-01
 2.716229916E+00 6.530380249E-01 2.457190007E-01
 2.716229916E+00 6.573690176E-01 2.466569990E-01
 2.716229916E+00 6.618660092E-01 2.476100028E-01
 2.716229916E+00 6.665340066E-01 2.485670000E-01
 2.716229916E+00 6.713799834E-01 2.495159954E-01
 2.716229916E+00 6.764109731E-01 2.504369915E-01
 2.716229916E+00 6.816340089E-01 2.513070107E-01
 2.716229916E+00 6.870560050E-01 2.520959973E-01
 2.716229916E+00 6.926860213E-01 2.527720034E-01
 2.716229916E+00 6.985300183E-01 2.533040047E-01
 2.716229916E+00 7.045969963E-01 2.536790073E-01
 2.716229916E+00 7.108950019E-01 2.539080083E-01
 2.716229916E+00 7.174339890E-01 2.540259957E-01
 2.716229916E+00 7.242230177E-01 2.540749907E-01
 2.716229916E+00 7.312700152E-01 2.540920079E-01
 2.716229916E+00 7.385870218E-01 2.540979981E-01
 2.716229916E+00 7.461829782E-01 2.541019917E-01
 2.716229916E+00 7.540680170E-01 2.541069984E-01
 2.716229916E+00 7.622550130E-01 2.541120052E-01
 2.716229916E+00 7.707539797E-01 2.541170120E-01
 2.716229916E+00 7.795779705E-01 2.541230023E-01
 2.716229916E+00 7.887390256E-01 2.541300058E-01
 2.716229916E+00 7.982490063E-01 2.541359961E-01
 2.716229916E+00 8.081229925E-01 2.541429996E-01
 2.716229916E+00 8.183730245E-01 2.541500032E-01
 2.716229916E+00 8.290150166E-01 2.541570067E-01
 2.716229916E+00 8.400620222E-01 2.541640103E-01
 2.716229916E+00 8.515319824E-01 2.541719973E-01
 2.716229916E+00 8.634399772E-01 2.541790009E-01
 2.716229916E+00 8.758019805E-01 2.541860044E-01
 2.716229916E+00 8.886359930E-01 2.541930079E-01
 2.716229916E+00 9.019610286E-01 2.542000115E-01
 2.716229916E+00 9.157940149E-01 2.542060018E-01
 2.716229916E+00 9.301549792E-01 2.542130053E-01
 2.716229916E+00 9.450650215E-01 2.542189956E-01
 2.716229916E+00 9.605439901E-01 2.542249858E-01
 2.716229916E+00 9.766139984E-01 2.542310059E-01
 2.716229916E+00 9.932979941E-01 2.542369962E-01
 2.716229916E+00 1.010619998E+00 2.542420030E-01
 2.716229916E+00 1.028599977E+00 2.542470098E-01
 2.716229916E+00 1.047270060E+00 2.542530000E-01
 2.716229916E+00 1.066650033E+00 2.542580068E-01
 2.716229916E+00 1.086770058E+00 2.542620003E-01
 2.716229916E+00 1.107660055E+00 2.542670071E-01
 2.716229916E+00 1.129349947E+00 2.542720139E-01
 2.716229916E+00 1.151870012E+00 2.542769909E-01
 2.716229916E+00 1.175240040E+00 2.542810142E-01
 2.716229916E+00 1.199509978E+00 2.542859912E-01
 2.716229916E+00 1.224709988E+00 2.542900145E-01
 2.716229916E+00 1.250869989E+00 2.542940080E-01
 2.716229916E+00 1.278020024E+00 2.542990148E-01
 2.716229916E+00 1.306220055E+00 2.543030083E-01
 2.716229916E+00 1.335489988E+00 2.543070018E-01
 2.716229916E+00 1.365880013E+00 2.543120086E-01
 2.716229916E+00 1.397420049E+00 2.543160021E-01
 2.716229916E+00 1.430179954E+00 2.543199956E-01
 2.716229916E+00 1.464179993E+00 2.543239892E-01
 2.716229916E+00 1.499490023E+00 2.543289959E-01
 2.716229916E+00 1.536139965E+00 2.543329895E-01
 2.716229916E+00 1.574190021E+00 2.543370128E-01
 2.716229916E+00 1.613700032E+00 2.543410063E-01
 2.716229916E+00 1.654719949E+00 2.543449998E-01
 2.716229916E+00 1.697299957E+00 2.543489933E-01
 2.716229916E+00 1.741510034E+00 2.543529868E-01
 2.716229916E+00 1.787400007E+00 2.543570101E-01
 2.716229916E+00 1.835049987E+00 2.543610036E-01
 2.716229916E+00 1.884520054E+00 2.543640137E-01
 2.716229916E+00 1.935889959E+00 2.543669939E-01
 2.716229916E+00 1.989210010E+00 2.543709874E-01
 2.716229916E+00 2.044569969E+00 2.543739974E-01
 2.716229916E+00 2.102050066E+00 2.543770075E-01
 2.716229916E+00 2.161720037E+00 2.543790042E-01
 2.716229916E+00 2.223670006E+00 2.543810010E-01
 2.716229916E+00 2.287990093E+00 2.543829978E-01
 2.716229916E+00 2.354769945E+00 2.543849945E-01
 2.716229916E+00 2.424099922E+00 2.543869913E-01
 2.716229916E+00 2.496079922E+00 2.543880045E-01
 2.716229916E+00 2.570810080E+00 2.543880045E-01
 2.716229916E+00 2.648390055E+00 2.543880045E-01
 2.716229916E+00 2.728940010E+00 2.543880045E-01
 2.716229916E+00 2.812570095E+00 2.543880045E-01
 2.716229916E+00 2.899399996E+00 2.543860078E-01
 2.716229916E+00 2.989550114E+00 2.543849945E-01
 2.716229916E+00 3.083139896E+00 2.543820143E-01
 2.716229916E+00 3.180320024E+00 2.543799877E-01
 2.716229916E+00 3.281199932E+00 2.543759942E-01
 2.716229916E+00 3.385950089E+00 2.543720007E-01
 2.716229916E+00 3.494699955E+00 2.543680072E-01
 2.716229916E+00 3.607609987E+00 2.543630004E-01
 2.716229916E+00 3.724829912E+00 2.543570101E-01
 2.716229916E+00 3.846539974E+00 2.543509901E-01
 2.716229916E+00 3.972909927E+00 2.543439865E-01
 2.716229916E+00 4.104109764E+00 2.543359995E-01
 2.716229916E+00 4.240320206E+00 2.543280125E-01
 2.716229916E+00 4.381750107E+00 2.543190122E-01
 2.716229916E+00 4.528590202E+00 2.543089986E-01
 2.716229916E+00 4.681049824E+00 2.542990148E-01
 2.716229916E+00 4.839330196E+00 2.542890012E-01
 2.716229916E+00 5.003680229E+00 2.542769909E-01
 2.716229916E+00 5.174310207E+00 2.542650104E-01
 2.716229916E+00 5.351469994E+00 2.542530000E-01
 2.716229916E+00 5.535409927E+00 2.542400062E-01
 2.716229916E+00 5.726389885E+00 2.542270124E-01
 2.716229916E+00 5.924680233E+00 2.542130053E-01
 2.716229916E+00 6.130559921E+00 2.541989982E-01
 2.716229916E+00 6.309679985E+00 2.541860044E-01
 2.716229916E+00 6.418560028E+00 2.541790009E-01
 2.716229916E+00 6.566249847E+00 2.541689873E-01
 2.716229916E+00 6.796679974E+00 2.541530132E-01
 2.716229916E+00 7.035940170E+00 2.541370094E-01
 2.716229916E+00 7.284349918E+00 2.541210055E-01
 2.716229916E+00 7.542270184E+00 2.541050017E-01
 2.716229916E+00 7.810060024E+00 2.540880144E-01
 2.716229916E+00 8.088100433E+00 2.540709972E-01
 2.716229916E+00 8.376790047E+00 2.540540099E-01
 2.716229916E+00 8.676529884E+00 2.540360093E-01
 2.716229916E+00 8.987750053E+00 2.540189922E-01
 2.716229916E+00 9.310879707E+00 2.540009916E-01
 2.716229916E+00 9.646380424E+00 2.539829910E-01
 2.716229916E+00 9.994729996E+00 2.539649904E-01
 2.716229916E+00 1.035639954E+01 2.539469898E-01
 2.716229916E+00 1.073200035E+01 2.539289892E-01
 2.716229916E+00 1.112189960E+01 2.539109886E-01
 2.716229916E+00 1.152670002E+01 2.538920045E-01
 2.716229916E+00 1.194709969E+01 2.538740039E-01
 2.716229916E+00 1.238350010E+01 2.538560033E-01
 2.716229916E+00 1.283670044E+01 2.538380027E-01
 2.716229916E+00 1.330720043E+01 2.538200021E-01
 2.716229916E+00 1.379580021E+01 2.538009882E-01
 2.716229916E+00 1.430300045E+01 2.537829876E-01
 2.716229916E+00 1.482970047E+01 2.537649870E-01
 2.716229916E+00 1.537660027E+01 2.537469864E-01
 2.716229916E+00 1.594439983E+01 2.537289858E-01
 2.716229916E+00 1.653400040E+01 2.537109852E-01
 2.716229916E+00 1.714609909E+01 2.536930144E-01
 2.716229916E+00 1.760729980E+01 2.536799908E-01
 2.716229916E+00 1.793110085E+01 2.536709905E-01
 2.716229916E+00 1.844169998E+01 2.536570132E-01
 2.716229916E+00 1.912689972E+01 2.536390126E-01
 2.716229916E+00 1.983849907E+01 2.536219954E-01
 2.716229916E+00 2.057729912E+01 2.536039948E-01
 2.716229916E+00 2.134440041E+01 2.535870075E-01
 2.716229916E+00 2.214089966E+01 2.535690069E-01
 2.716229916E+00 2.296789932E+01 2.535519898E-01
 2.716229916E+00 2.382670021E+01 2.535339892E-01
 2.716229916E+00 2.471839905E+01 2.535170019E-01
 2.716229916E+00 2.564439964E+01 2.535000145E-01
 2.716229916E+00 2.660580063E+01 2.534829974E-01
 2.716229916E+00 2.760409927E+01 2.534660101E-01
 2.716229916E+00 2.864080048E+01 2.534489930E-01
 2.716229916E+00 2.971719933E+01 2.534329891E-01
 2.716229916E+00 3.083499908E+01 2.534160018E-01
 2.716229916E+00 3.199580002E+01 2.533999979E-01
 2.716229916E+00 3.320109940E+01 2.533839941E-01
 2.716229916E+00 3.445280075E+01 2.533679903E-01
 2.716229916E+00 3.575260162E+01 2.533519864E-01
 2.716229916E+00 3.710240173E+01 2.533369958E-01
 2.716229916E+00 3.850419998E+01 2.533220053E-01
 2.716229916E+00 3.995989990E+01 2.533070147E-01
 2.716229916E+00 4.147169876E+01 2.532919943E-01
 2.716229916E+00 4.304180145E+01 2.532779872E-01
 2.716229916E+00 4.467250061E+01 2.532640100E-01
 2.716229916E+00 4.636610031E+01 2.532500029E-01
 2.716229916E+00 4.812519836E+01 2.532370090E-01
 2.716229916E+00 4.995220184E+01 2.532239854E-01
 2.716229916E+00 5.184999847E+01 2.532120049E-01
 2.716229916E+00 5.382130051E+01 2.531999946E-01
 2.716229916E+00 5.586899948E+01 2.531880140E-01
 2.716229916E+00 5.799620056E+01 2.531769872E-01
 2.716229916E+00 6.020600128E+01 2.531659901E-01
 2.716229916E+00 6.250180054E+01 2.531560063E-01
 2.716229916E+00 6.488710022E+01 2.531459928E-01
 2.716229916E+00 6.736540222E+01 2.531369925E-01
 2.716229916E+00 6.994039917E+01 2.531290054E-01
 2.716229916E+00 7.261599731E+01 2.531209886E-01
 2.716229916E+00 7.539640045E+01 2.531130016E-01
 2.716229916E+00 7.828559875E+01 2.531070113E-01
 2.716229916E+00 8.128800201E+01 2.531009912E-01
 2.716229916E+00 8.440789795E+01 2.530960143E-01
 2.716229916E+00 8.764980316E+01 2.530919909E-01
 2.716229916E+00 9.101809692E+01 2.530879974E-01
 2.716229916E+00 9.306700134E+01 2.530870140E-01
 2.716229916E+00 9.484950256E+01 2.530860007E-01
 2.716229916E+00 9.814969635E+01 2.530849874E-01
