# Planar shear case, k-kL-MEAH2015, y=0
VARIABLES = "X"
"Y"
"U Velocity"
ZONE T="CFL3D"
 0.000000000E+00 0.000000000E+00 5.021937490E-01
 7.821894437E-02 0.000000000E+00 5.021131039E-01
 1.568456888E-01 0.000000000E+00 5.019477606E-01
 2.358823568E-01 0.000000000E+00 5.017801523E-01
 3.153310716E-01 0.000000000E+00 5.016239285E-01
 3.951940238E-01 0.000000000E+00 5.014863014E-01
 4.754733145E-01 0.000000000E+00 5.013684630E-01
 5.561711788E-01 0.000000000E+00 5.012701750E-01
 6.372897029E-01 0.000000000E+00 5.011886954E-01
 7.188312411E-01 0.000000000E+00 5.011218190E-01
 8.007978201E-01 0.000000000E+00 5.010665655E-01
 8.831917644E-01 0.000000000E+00 5.010206699E-01
 9.660152793E-01 0.000000000E+00 5.009822249E-01
 1.049270511E+00 0.000000000E+00 5.009496212E-01
 1.132959962E+00 0.000000000E+00 5.009216666E-01
 1.217085600E+00 0.000000000E+00 5.008973479E-01
 1.301649928E+00 0.000000000E+00 5.008758307E-01
 1.386654973E+00 0.000000000E+00 5.008566976E-01
 1.472103357E+00 0.000000000E+00 5.008396506E-01
 1.557997227E+00 0.000000000E+00 5.008241534E-01
 1.644338846E+00 0.000000000E+00 5.008100271E-01
 1.731130600E+00 0.000000000E+00 5.007969737E-01
 1.818374872E+00 0.000000000E+00 5.007847548E-01
 1.906073928E+00 0.000000000E+00 5.007734299E-01
 1.994230270E+00 0.000000000E+00 5.007625818E-01
 2.082846165E+00 0.000000000E+00 5.007523298E-01
 2.171924114E+00 0.000000000E+00 5.007427335E-01
 2.261466503E+00 0.000000000E+00 5.007336140E-01
 2.351475716E+00 0.000000000E+00 5.007248521E-01
 2.441954136E+00 0.000000000E+00 5.007165074E-01
 2.532904387E+00 0.000000000E+00 5.007082820E-01
 2.624328852E+00 0.000000000E+00 5.007004142E-01
 2.716229677E+00 0.000000000E+00 5.006924868E-01
 2.808609962E+00 0.000000000E+00 5.006847382E-01
 2.901471615E+00 0.000000000E+00 5.006775856E-01
 2.994817495E+00 0.000000000E+00 5.006707311E-01
 3.088649988E+00 0.000000000E+00 5.006641150E-01
 3.182971954E+00 0.000000000E+00 5.006577373E-01
 3.277785301E+00 0.000000000E+00 5.006515980E-01
 3.373093128E+00 0.000000000E+00 5.006456375E-01
 3.468897820E+00 0.000000000E+00 5.006396770E-01
 3.565201998E+00 0.000000000E+00 5.006339550E-01
 3.662008286E+00 0.000000000E+00 5.006285310E-01
 3.759319305E+00 0.000000000E+00 5.006232858E-01
 3.857137680E+00 0.000000000E+00 5.006182194E-01
 3.955466032E+00 0.000000000E+00 5.006133914E-01
 4.054306984E+00 0.000000000E+00 5.006085634E-01
 4.153663158E+00 0.000000000E+00 5.006038547E-01
 4.253537178E+00 0.000000000E+00 5.005990267E-01
 4.353932381E+00 0.000000000E+00 5.005941987E-01
 4.454850674E+00 0.000000000E+00 5.005898476E-01
 4.556295395E+00 0.000000000E+00 5.005855560E-01
 4.658268452E+00 0.000000000E+00 5.005815029E-01
 4.760773659E+00 0.000000000E+00 5.005773306E-01
 4.863812923E+00 0.000000000E+00 5.005733371E-01
 4.967389584E+00 0.000000000E+00 5.005693436E-01
 5.071506500E+00 0.000000000E+00 5.005652308E-01
 5.176166058E+00 0.000000000E+00 5.005611777E-01
 5.281371117E+00 0.000000000E+00 5.005573630E-01
 5.387124538E+00 0.000000000E+00 5.005536079E-01
 5.493429661E+00 0.000000000E+00 5.005498528E-01
 5.600288868E+00 0.000000000E+00 5.005460978E-01
 5.707705021E+00 0.000000000E+00 5.005422831E-01
 5.815681458E+00 0.000000000E+00 5.005383492E-01
 5.924220562E+00 0.000000000E+00 5.005342960E-01
 6.033325672E+00 0.000000000E+00 5.005300641E-01
 6.142999649E+00 0.000000000E+00 5.005261302E-01
 6.253245354E+00 0.000000000E+00 5.005223155E-01
 6.364065647E+00 0.000000000E+00 5.005186796E-01
 6.475464344E+00 0.000000000E+00 5.005149245E-01
 6.587443352E+00 0.000000000E+00 5.005111694E-01
 6.700006008E+00 0.000000000E+00 5.005074143E-01
 6.813155651E+00 0.000000000E+00 5.005034804E-01
 6.926895618E+00 0.000000000E+00 5.004994869E-01
 7.041227818E+00 0.000000000E+00 5.004956126E-01
 7.156156540E+00 0.000000000E+00 5.004917383E-01
 7.271684647E+00 0.000000000E+00 5.004879236E-01
 7.387814999E+00 0.000000000E+00 5.004840493E-01
 7.504550457E+00 0.000000000E+00 5.004801154E-01
 7.621894836E+00 0.000000000E+00 5.004760623E-01
 7.739850521E+00 0.000000000E+00 5.004717112E-01
 7.858421803E+00 0.000000000E+00 5.004673600E-01
 7.977611065E+00 0.000000000E+00 5.004632473E-01
 8.097421646E+00 0.000000000E+00 5.004591942E-01
 8.217856407E+00 0.000000000E+00 5.004551411E-01
 8.338919640E+00 0.000000000E+00 5.004510283E-01
 8.460614204E+00 0.000000000E+00 5.004469156E-01
 8.582942963E+00 0.000000000E+00 5.004426837E-01
 8.705908775E+00 0.000000000E+00 5.004383326E-01
 8.829516411E+00 0.000000000E+00 5.004339218E-01
 8.953768730E+00 0.000000000E+00 5.004297495E-01
 9.078668594E+00 0.000000000E+00 5.004254580E-01
 9.204219818E+00 0.000000000E+00 5.004212260E-01
 9.330425262E+00 0.000000000E+00 5.004169345E-01
 9.457288742E+00 0.000000000E+00 5.004125237E-01
 9.584813118E+00 0.000000000E+00 5.004079938E-01
 9.713003159E+00 0.000000000E+00 5.004031658E-01
 9.841861725E+00 0.000000000E+00 5.003982782E-01
 9.971391678E+00 0.000000000E+00 5.003936887E-01
 1.010159683E+01 0.000000000E+00 5.003891587E-01
 1.023248100E+01 0.000000000E+00 5.003846288E-01
 1.036404705E+01 0.000000000E+00 5.003800988E-01
 1.049629974E+01 0.000000000E+00 5.003755093E-01
 1.062924099E+01 0.000000000E+00 5.003708601E-01
 1.076287651E+01 0.000000000E+00 5.003659725E-01
 1.089720821E+01 0.000000000E+00 5.003610253E-01
 1.103223991E+01 0.000000000E+00 5.003561378E-01
 1.116797638E+01 0.000000000E+00 5.003513098E-01
 1.130441952E+01 0.000000000E+00 5.003473759E-01
 1.144157505E+01 0.000000000E+00 5.003440380E-01
 1.157944489E+01 0.000000000E+00 5.003275275E-01
 1.171803379E+01 0.000000000E+00 5.002566576E-01
 1.185734463E+01 0.000000000E+00 5.000737906E-01
 1.199738312E+01 0.000000000E+00 4.997410774E-01
 1.213815022E+01 0.000000000E+00 4.992568493E-01
 1.227965260E+01 0.000000000E+00 4.986427128E-01
 1.242189217E+01 0.000000000E+00 4.979251921E-01
 1.256487274E+01 0.000000000E+00 4.971262813E-01
 1.270859909E+01 0.000000000E+00 4.962623417E-01
 1.285307503E+01 0.000000000E+00 4.953446984E-01
 1.299830437E+01 0.000000000E+00 4.943821728E-01
 1.314428997E+01 0.000000000E+00 4.933827519E-01
 1.329103756E+01 0.000000000E+00 4.923530221E-01
 1.343855000E+01 0.000000000E+00 4.912979007E-01
 1.358683109E+01 0.000000000E+00 4.902215302E-01
 1.373588562E+01 0.000000000E+00 4.891272485E-01
 1.388571739E+01 0.000000000E+00 4.880180359E-01
 1.403633022E+01 0.000000000E+00 4.868962765E-01
 1.418772793E+01 0.000000000E+00 4.857644737E-01
 1.433991528E+01 0.000000000E+00 4.846242070E-01
 1.449289608E+01 0.000000000E+00 4.834771156E-01
 1.464667416E+01 0.000000000E+00 4.823248684E-01
 1.480125427E+01 0.000000000E+00 4.811684787E-01
 1.495664024E+01 0.000000000E+00 4.800091982E-01
 1.511283588E+01 0.000000000E+00 4.788480401E-01
 1.526984692E+01 0.000000000E+00 4.776860178E-01
 1.542767525E+01 0.000000000E+00 4.765238464E-01
 1.558632755E+01 0.000000000E+00 4.753624499E-01
 1.574580669E+01 0.000000000E+00 4.742026925E-01
 1.590611649E+01 0.000000000E+00 4.730450809E-01
 1.606726265E+01 0.000000000E+00 4.718901813E-01
 1.622924995E+01 0.000000000E+00 4.707383513E-01
 1.639208031E+01 0.000000000E+00 4.695901871E-01
 1.655575943E+01 0.000000000E+00 4.684459865E-01
 1.672029305E+01 0.000000000E+00 4.673058987E-01
 1.688568306E+01 0.000000000E+00 4.661706090E-01
 1.705193710E+01 0.000000000E+00 4.650405943E-01
 1.721905708E+01 0.000000000E+00 4.639159143E-01
 1.738704872E+01 0.000000000E+00 4.627968073E-01
 1.755591583E+01 0.000000000E+00 4.616833627E-01
 1.772566223E+01 0.000000000E+00 4.605757594E-01
 1.789629555E+01 0.000000000E+00 4.594741464E-01
 1.806781769E+01 0.000000000E+00 4.583785832E-01
 1.824023438E+01 0.000000000E+00 4.572894573E-01
 1.841354942E+01 0.000000000E+00 4.562068880E-01
 1.858776665E+01 0.000000000E+00 4.551309943E-01
 1.876289368E+01 0.000000000E+00 4.540618062E-01
 1.893893433E+01 0.000000000E+00 4.529993832E-01
 1.911589241E+01 0.000000000E+00 4.519437850E-01
 1.929377365E+01 0.000000000E+00 4.508950114E-01
 1.947258186E+01 0.000000000E+00 4.498532116E-01
 1.965232086E+01 0.000000000E+00 4.488183856E-01
 1.983299828E+01 0.000000000E+00 4.477908611E-01
 2.001461792E+01 0.000000000E+00 4.467706084E-01
 2.019718361E+01 0.000000000E+00 4.457575083E-01
 2.038070107E+01 0.000000000E+00 4.447515607E-01
 2.056517601E+01 0.000000000E+00 4.437528253E-01
 2.075061226E+01 0.000000000E+00 4.427612126E-01
 2.093701553E+01 0.000000000E+00 4.417765439E-01
 2.112438965E+01 0.000000000E+00 4.407990873E-01
 2.131274223E+01 0.000000000E+00 4.398289025E-01
 2.150207520E+01 0.000000000E+00 4.388658702E-01
 2.169239616E+01 0.000000000E+00 4.379098713E-01
 2.188371086E+01 0.000000000E+00 4.369609356E-01
 2.207602119E+01 0.000000000E+00 4.360190034E-01
 2.226933479E+01 0.000000000E+00 4.350840151E-01
 2.246365547E+01 0.000000000E+00 4.341558218E-01
 2.265898895E+01 0.000000000E+00 4.332345426E-01
 2.285534286E+01 0.000000000E+00 4.323204458E-01
 2.305271912E+01 0.000000000E+00 4.314132929E-01
 2.325112343E+01 0.000000000E+00 4.305129945E-01
 2.345056343E+01 0.000000000E+00 4.296194911E-01
 2.365104294E+01 0.000000000E+00 4.287327230E-01
 2.385256767E+01 0.000000000E+00 4.278527200E-01
 2.405514336E+01 0.000000000E+00 4.269792438E-01
 2.425877380E+01 0.000000000E+00 4.261124134E-01
 2.446346664E+01 0.000000000E+00 4.252522886E-01
 2.466922760E+01 0.000000000E+00 4.243987799E-01
 2.487606049E+01 0.000000000E+00 4.235517383E-01
 2.508397102E+01 0.000000000E+00 4.227110744E-01
 2.529296684E+01 0.000000000E+00 4.218767881E-01
 2.550305176E+01 0.000000000E+00 4.210487306E-01
 2.571423149E+01 0.000000000E+00 4.202273786E-01
 2.592651367E+01 0.000000000E+00 4.194121361E-01
 2.613990211E+01 0.000000000E+00 4.186028540E-01
 2.635440254E+01 0.000000000E+00 4.177999496E-01
 2.657002068E+01 0.000000000E+00 4.170031548E-01
 2.678676414E+01 0.000000000E+00 4.162124693E-01
 2.700463676E+01 0.000000000E+00 4.154277742E-01
 2.722364616E+01 0.000000000E+00 4.146490097E-01
 2.744379616E+01 0.000000000E+00 4.138759673E-01
 2.766509438E+01 0.000000000E+00 4.131087959E-01
 2.788754654E+01 0.000000000E+00 4.123475254E-01
 2.811115837E+01 0.000000000E+00 4.115919769E-01
 2.833593559E+01 0.000000000E+00 4.108421206E-01
 2.856188583E+01 0.000000000E+00 4.100978374E-01
 2.878901291E+01 0.000000000E+00 4.093591869E-01
 2.901732445E+01 0.000000000E+00 4.086259902E-01
 2.924682617E+01 0.000000000E+00 4.078980684E-01
 2.947752571E+01 0.000000000E+00 4.071756303E-01
 2.970942688E+01 0.000000000E+00 4.064587057E-01
 2.994253731E+01 0.000000000E+00 4.057472050E-01
 3.017686272E+01 0.000000000E+00 4.050409794E-01
 3.041241074E+01 0.000000000E+00 4.043399096E-01
 3.064918518E+01 0.000000000E+00 4.036441445E-01
 3.088719559E+01 0.000000000E+00 4.029534161E-01
 3.112644577E+01 0.000000000E+00 4.022676647E-01
 3.136694336E+01 0.000000000E+00 4.015869498E-01
 3.160869598E+01 0.000000000E+00 4.009113610E-01
 3.185170746E+01 0.000000000E+00 4.002407193E-01
 3.209598541E+01 0.000000000E+00 3.995749354E-01
 3.234154129E+01 0.000000000E+00 3.989140093E-01
 3.258837128E+01 0.000000000E+00 3.982578218E-01
 3.283649445E+01 0.000000000E+00 3.976063132E-01
 3.308590698E+01 0.000000000E+00 3.969596326E-01
 3.333662033E+01 0.000000000E+00 3.963175416E-01
 3.358864212E+01 0.000000000E+00 3.956800103E-01
 3.384197617E+01 0.000000000E+00 3.950471878E-01
 3.409663010E+01 0.000000000E+00 3.944188654E-01
 3.435261536E+01 0.000000000E+00 3.937950730E-01
 3.460993195E+01 0.000000000E+00 3.931757212E-01
 3.486859131E+01 0.000000000E+00 3.925608099E-01
 3.512860107E+01 0.000000000E+00 3.919501007E-01
 3.538996124E+01 0.000000000E+00 3.913437128E-01
 3.565268707E+01 0.000000000E+00 3.907417059E-01
 3.591678619E+01 0.000000000E+00 3.901439607E-01
 3.618225861E+01 0.000000000E+00 3.895503283E-01
 3.644911575E+01 0.000000000E+00 3.889608979E-01
 3.671736145E+01 0.000000000E+00 3.883755505E-01
 3.698700714E+01 0.000000000E+00 3.877942562E-01
 3.725806046E+01 0.000000000E+00 3.872168958E-01
 3.753052521E+01 0.000000000E+00 3.866434991E-01
 3.780441284E+01 0.000000000E+00 3.860741854E-01
 3.807972717E+01 0.000000000E+00 3.855088353E-01
 3.835647583E+01 0.000000000E+00 3.849473298E-01
 3.863466644E+01 0.000000000E+00 3.843896389E-01
 3.891431046E+01 0.000000000E+00 3.838357925E-01
 3.919541168E+01 0.000000000E+00 3.832857311E-01
 3.947797775E+01 0.000000000E+00 3.827392459E-01
 3.976201630E+01 0.000000000E+00 3.821965158E-01
 4.004753494E+01 0.000000000E+00 3.816574812E-01
 4.033454514E+01 0.000000000E+00 3.811220825E-01
 4.062304688E+01 0.000000000E+00 3.805902600E-01
 4.091305923E+01 0.000000000E+00 3.800618947E-01
 4.120457840E+01 0.000000000E+00 3.795370460E-01
 4.149761963E+01 0.000000000E+00 3.790155649E-01
 4.179218674E+01 0.000000000E+00 3.784980178E-01
 4.208829117E+01 0.000000000E+00 3.779837191E-01
 4.238594055E+01 0.000000000E+00 3.774724901E-01
 4.268513870E+01 0.000000000E+00 3.769647777E-01
 4.298590088E+01 0.000000000E+00 3.764603138E-01
 4.328822708E+01 0.000000000E+00 3.759591877E-01
 4.359213257E+01 0.000000000E+00 3.754613698E-01
 4.389762115E+01 0.000000000E+00 3.749667406E-01
 4.420470047E+01 0.000000000E+00 3.744753301E-01
 4.451338196E+01 0.000000000E+00 3.739870191E-01
 4.482367325E+01 0.000000000E+00 3.735018671E-01
 4.513558578E+01 0.000000000E+00 3.730199039E-01
 4.544911957E+01 0.000000000E+00 3.725409210E-01
 4.576428986E+01 0.000000000E+00 3.720650375E-01
 4.608110046E+01 0.000000000E+00 3.715921044E-01
 4.639956665E+01 0.000000000E+00 3.711221814E-01
 4.671969223E+01 0.000000000E+00 3.706552386E-01
 4.704148483E+01 0.000000000E+00 3.701911867E-01
 4.736495972E+01 0.000000000E+00 3.697299957E-01
 4.769011688E+01 0.000000000E+00 3.692717552E-01
 4.801697159E+01 0.000000000E+00 3.688163757E-01
 4.834552765E+01 0.000000000E+00 3.683637679E-01
 4.867579651E+01 0.000000000E+00 3.679140210E-01
 4.900778961E+01 0.000000000E+00 3.674669862E-01
 4.934151459E+01 0.000000000E+00 3.670226336E-01
 4.967697525E+01 0.000000000E+00 3.665810227E-01
 5.001418686E+01 0.000000000E+00 3.661421239E-01
 5.035315704E+01 0.000000000E+00 3.657059073E-01
 5.069389725E+01 0.000000000E+00 3.652723134E-01
 5.103641129E+01 0.000000000E+00 3.648413122E-01
 5.138071060E+01 0.000000000E+00 3.644128442E-01
 5.172680283E+01 0.000000000E+00 3.639869392E-01
 5.207470322E+01 0.000000000E+00 3.635637760E-01
 5.242441559E+01 0.000000000E+00 3.631430864E-01
 5.277595139E+01 0.000000000E+00 3.627247512E-01
 5.312931824E+01 0.000000000E+00 3.623088896E-01
 5.348453140E+01 0.000000000E+00 3.618955314E-01
 5.384159470E+01 0.000000000E+00 3.614845872E-01
 5.420051956E+01 0.000000000E+00 3.610760570E-01
 5.456131363E+01 0.000000000E+00 3.606699109E-01
 5.492398834E+01 0.000000000E+00 3.602661490E-01
 5.528855896E+01 0.000000000E+00 3.598646820E-01
 5.565502548E+01 0.000000000E+00 3.594655991E-01
 5.602340317E+01 0.000000000E+00 3.590687811E-01
 5.639370346E+01 0.000000000E+00 3.586742282E-01
 5.676593399E+01 0.000000000E+00 3.582819402E-01
 5.714010620E+01 0.000000000E+00 3.578918576E-01
 5.751622772E+01 0.000000000E+00 3.575040102E-01
 5.789431000E+01 0.000000000E+00 3.571184278E-01
 5.827436066E+01 0.000000000E+00 3.567349911E-01
 5.865639496E+01 0.000000000E+00 3.563536704E-01
 5.904042435E+01 0.000000000E+00 3.559744954E-01
 5.942645264E+01 0.000000000E+00 3.555974364E-01
 5.981449509E+01 0.000000000E+00 3.552224636E-01
 6.020455933E+01 0.000000000E+00 3.548496068E-01
 6.059665680E+01 0.000000000E+00 3.544787765E-01
 6.099079895E+01 0.000000000E+00 3.541100621E-01
 6.138699722E+01 0.000000000E+00 3.537432849E-01
 6.178525925E+01 0.000000000E+00 3.533785641E-01
 6.218559647E+01 0.000000000E+00 3.530157804E-01
 6.258802414E+01 0.000000000E+00 3.526550233E-01
 6.299254608E+01 0.000000000E+00 3.522961438E-01
 6.339918137E+01 0.000000000E+00 3.519392908E-01
 6.380793381E+01 0.000000000E+00 3.515843153E-01
 6.421881866E+01 0.000000000E+00 3.512313664E-01
 6.463184357E+01 0.000000000E+00 3.508802950E-01
 6.504702759E+01 0.000000000E+00 3.505310416E-01
 6.546437073E+01 0.000000000E+00 3.501835465E-01
 6.588388824E+01 0.000000000E+00 3.498379588E-01
 6.630559540E+01 0.000000000E+00 3.494940996E-01
 6.672949982E+01 0.000000000E+00 3.491521478E-01
 6.715561676E+01 0.000000000E+00 3.488119841E-01
 6.758395386E+01 0.000000000E+00 3.484736085E-01
 6.801452637E+01 0.000000000E+00 3.481370807E-01
 6.844734192E+01 0.000000000E+00 3.478021324E-01
 6.888241577E+01 0.000000000E+00 3.474690020E-01
 6.931975555E+01 0.000000000E+00 3.471376002E-01
 6.975937653E+01 0.000000000E+00 3.468078971E-01
 7.020128632E+01 0.000000000E+00 3.464798927E-01
 7.064550781E+01 0.000000000E+00 3.461535871E-01
 7.109204102E+01 0.000000000E+00 3.458290100E-01
 7.154090118E+01 0.000000000E+00 3.455060720E-01
 7.199209595E+01 0.000000000E+00 3.451846838E-01
 7.244564819E+01 0.000000000E+00 3.448649347E-01
 7.290156555E+01 0.000000000E+00 3.445467651E-01
 7.335986328E+01 0.000000000E+00 3.442302644E-01
 7.382054901E+01 0.000000000E+00 3.439153135E-01
 7.428363037E+01 0.000000000E+00 3.436019421E-01
 7.474913025E+01 0.000000000E+00 3.432901800E-01
 7.521705627E+01 0.000000000E+00 3.429799676E-01
 7.568742371E+01 0.000000000E+00 3.426712453E-01
 7.616024780E+01 0.000000000E+00 3.423640132E-01
 7.663552856E+01 0.000000000E+00 3.420583904E-01
 7.711328888E+01 0.000000000E+00 3.417541683E-01
 7.759354401E+01 0.000000000E+00 3.414514661E-01
 7.807630157E+01 0.000000000E+00 3.411503434E-01
 7.856156921E+01 0.000000000E+00 3.408505917E-01
 7.904937744E+01 0.000000000E+00 3.405523598E-01
 7.953971863E+01 0.000000000E+00 3.402555585E-01
 8.003262329E+01 0.000000000E+00 3.399600983E-01
 8.052809906E+01 0.000000000E+00 3.396660984E-01
 8.102615356E+01 0.000000000E+00 3.393734694E-01
 8.152680206E+01 0.000000000E+00 3.390822411E-01
 8.203006744E+01 0.000000000E+00 3.387923837E-01
 8.253594971E+01 0.000000000E+00 3.385040164E-01
 8.304447937E+01 0.000000000E+00 3.382169306E-01
 8.355564880E+01 0.000000000E+00 3.379312456E-01
 8.406948853E+01 0.000000000E+00 3.376468718E-01
 8.458601379E+01 0.000000000E+00 3.373638093E-01
 8.510522461E+01 0.000000000E+00 3.370820880E-01
 8.562714386E+01 0.000000000E+00 3.368016779E-01
 8.615177917E+01 0.000000000E+00 3.365226090E-01
 8.667915344E+01 0.000000000E+00 3.362448215E-01
 8.720928192E+01 0.000000000E+00 3.359683752E-01
 8.774217224E+01 0.000000000E+00 3.356931806E-01
 8.827783203E+01 0.000000000E+00 3.354192078E-01
 8.881629181E+01 0.000000000E+00 3.351464868E-01
 8.935755920E+01 0.000000000E+00 3.348750174E-01
 8.990164948E+01 0.000000000E+00 3.346047699E-01
 9.044857788E+01 0.000000000E+00 3.343357742E-01
 9.099835205E+01 0.000000000E+00 3.340680301E-01
 9.155099487E+01 0.000000000E+00 3.338015079E-01
 9.210652161E+01 0.000000000E+00 3.335361481E-01
 9.266493988E+01 0.000000000E+00 3.332720101E-01
 9.322627258E+01 0.000000000E+00 3.330090046E-01
 9.379052734E+01 0.000000000E+00 3.327472508E-01
 9.435772705E+01 0.000000000E+00 3.324866593E-01
 9.492788696E+01 0.000000000E+00 3.322272301E-01
 9.550101471E+01 0.000000000E+00 3.319689035E-01
 9.607713318E+01 0.000000000E+00 3.317117691E-01
 9.665625000E+01 0.000000000E+00 3.314557970E-01
 9.723839569E+01 0.000000000E+00 3.312009275E-01
 9.782357025E+01 0.000000000E+00 3.309471309E-01
 9.841179657E+01 0.000000000E+00 3.306944668E-01
 9.900308990E+01 0.000000000E+00 3.304428458E-01
 9.959746552E+01 0.000000000E+00 3.301923871E-01
 1.001949387E+02 0.000000000E+00 3.299430311E-01
 1.007955322E+02 0.000000000E+00 3.296947777E-01
 1.013992538E+02 0.000000000E+00 3.294475377E-01
 1.020061188E+02 0.000000000E+00 3.292014003E-01
 1.026161499E+02 0.000000000E+00 3.289563358E-01
 1.032293625E+02 0.000000000E+00 3.287122548E-01
 1.038457718E+02 0.000000000E+00 3.284693062E-01
 1.044653931E+02 0.000000000E+00 3.282273710E-01
 1.050882492E+02 0.000000000E+00 3.279865384E-01
 1.057143478E+02 0.000000000E+00 3.277466893E-01
 1.063437195E+02 0.000000000E+00 3.275078237E-01
 1.069763641E+02 0.000000000E+00 3.272699416E-01
 1.076123047E+02 0.000000000E+00 3.270331323E-01
 1.082515717E+02 0.000000000E+00 3.267972767E-01
 1.088941650E+02 0.000000000E+00 3.265624344E-01
 1.095401077E+02 0.000000000E+00 3.263285756E-01
 1.101894150E+02 0.000000000E+00 3.260957003E-01
 1.108421097E+02 0.000000000E+00 3.258638382E-01
 1.114982147E+02 0.000000000E+00 3.256328702E-01
 1.121577301E+02 0.000000000E+00 3.254029155E-01
 1.128206863E+02 0.000000000E+00 3.251738548E-01
 1.134871063E+02 0.000000000E+00 3.249458373E-01
 1.141569901E+02 0.000000000E+00 3.247187138E-01
 1.148303757E+02 0.000000000E+00 3.244925439E-01
 1.155072632E+02 0.000000000E+00 3.242672682E-01
 1.161876907E+02 0.000000000E+00 3.240429759E-01
 1.168716583E+02 0.000000000E+00 3.238195181E-01
 1.175591888E+02 0.000000000E+00 3.235970736E-01
 1.182503128E+02 0.000000000E+00 3.233754337E-01
 1.189450302E+02 0.000000000E+00 3.231547475E-01
 1.196433792E+02 0.000000000E+00 3.229348958E-01
 1.203453598E+02 0.000000000E+00 3.227159679E-01
 1.210510025E+02 0.000000000E+00 3.224979639E-01
 1.217603302E+02 0.000000000E+00 3.222808242E-01
 1.224733505E+02 0.000000000E+00 3.220644891E-01
 1.231900864E+02 0.000000000E+00 3.218490481E-01
 1.239105682E+02 0.000000000E+00 3.216345012E-01
 1.246347961E+02 0.000000000E+00 3.214207888E-01
 1.253628082E+02 0.000000000E+00 3.212079704E-01
 1.260946121E+02 0.000000000E+00 3.209959567E-01
 1.268302307E+02 0.000000000E+00 3.207848370E-01
 1.275696793E+02 0.000000000E+00 3.205745518E-01
 1.283129883E+02 0.000000000E+00 3.203650415E-01
 1.290601807E+02 0.000000000E+00 3.201563656E-01
 1.298112488E+02 0.000000000E+00 3.199485540E-01
 1.305662537E+02 0.000000000E+00 3.197415173E-01
 1.313251801E+02 0.000000000E+00 3.195352852E-01
 1.320880737E+02 0.000000000E+00 3.193298876E-01
 1.328549347E+02 0.000000000E+00 3.191252947E-01
 1.336257935E+02 0.000000000E+00 3.189214766E-01
 1.344006805E+02 0.000000000E+00 3.187184632E-01
 1.351796112E+02 0.000000000E+00 3.185162246E-01
 1.359625854E+02 0.000000000E+00 3.183147907E-01
 1.367496490E+02 0.000000000E+00 3.181141317E-01
 1.375408173E+02 0.000000000E+00 3.179142773E-01
 1.383361206E+02 0.000000000E+00 3.177151680E-01
 1.391355591E+02 0.000000000E+00 3.175167739E-01
 1.399391632E+02 0.000000000E+00 3.173191845E-01
 1.407469635E+02 0.000000000E+00 3.171223104E-01
 1.415589752E+02 0.000000000E+00 3.169262409E-01
 1.423752136E+02 0.000000000E+00 3.167308867E-01
 1.431957092E+02 0.000000000E+00 3.165363371E-01
 1.440204926E+02 0.000000000E+00 3.163424432E-01
 1.448495636E+02 0.000000000E+00 3.161493242E-01
 1.456829681E+02 0.000000000E+00 3.159569204E-01
 1.465207062E+02 0.000000000E+00 3.157652617E-01
 1.473628235E+02 0.000000000E+00 3.155742884E-01
 1.482093201E+02 0.000000000E+00 3.153840601E-01
 1.490602417E+02 0.000000000E+00 3.151945472E-01
 1.499155884E+02 0.000000000E+00 3.150057495E-01
 1.507753906E+02 0.000000000E+00 3.148176074E-01
 1.516396942E+02 0.000000000E+00 3.146302104E-01
 1.525084839E+02 0.000000000E+00 3.144434988E-01
 1.533818207E+02 0.000000000E+00 3.142575026E-01
 1.542597046E+02 0.000000000E+00 3.140721917E-01
 1.551421509E+02 0.000000000E+00 3.138875663E-01
 1.560292206E+02 0.000000000E+00 3.137035966E-01
 1.569208984E+02 0.000000000E+00 3.135203123E-01
 1.578172302E+02 0.000000000E+00 3.133377433E-01
 1.587182465E+02 0.000000000E+00 3.131558001E-01
 1.596239471E+02 0.000000000E+00 3.129745722E-01
 1.605343628E+02 0.000000000E+00 3.127939701E-01
 1.614495392E+02 0.000000000E+00 3.126139939E-01
 1.623694916E+02 0.000000000E+00 3.124347329E-01
 1.632942200E+02 0.000000000E+00 3.122561276E-01
 1.642237854E+02 0.000000000E+00 3.120781481E-01
 1.651581879E+02 0.000000000E+00 3.119008243E-01
 1.660974731E+02 0.000000000E+00 3.117240965E-01
 1.670416412E+02 0.000000000E+00 3.115480542E-01
 1.679907379E+02 0.000000000E+00 3.113726377E-01
 1.689447937E+02 0.000000000E+00 3.111978471E-01
 1.699038086E+02 0.000000000E+00 3.110236824E-01
 1.708678284E+02 0.000000000E+00 3.108501732E-01
 1.718368683E+02 0.000000000E+00 3.106772006E-01
 1.728109741E+02 0.000000000E+00 3.105049133E-01
 1.737901459E+02 0.000000000E+00 3.103332222E-01
 1.747744293E+02 0.000000000E+00 3.101621568E-01
 1.757638397E+02 0.000000000E+00 3.099916577E-01
 1.767584076E+02 0.000000000E+00 3.098218143E-01
 1.777581635E+02 0.000000000E+00 3.096525073E-01
 1.787631378E+02 0.000000000E+00 3.094837964E-01
 1.797733459E+02 0.000000000E+00 3.093157113E-01
 1.807888184E+02 0.000000000E+00 3.091481924E-01
 1.818095856E+02 0.000000000E+00 3.089812398E-01
 1.828356781E+02 0.000000000E+00 3.088148832E-01
 1.838671265E+02 0.000000000E+00 3.086491525E-01
 1.849039459E+02 0.000000000E+00 3.084839880E-01
 1.859461670E+02 0.000000000E+00 3.083193898E-01
 1.869938202E+02 0.000000000E+00 3.081553876E-01
 1.880469360E+02 0.000000000E+00 3.079920411E-01
 1.891055603E+02 0.000000000E+00 3.078292906E-01
 1.901696777E+02 0.000000000E+00 3.076672554E-01
 1.912393646E+02 0.000000000E+00 3.075059652E-01
 1.923146057E+02 0.000000000E+00 3.073455691E-01
 1.933954773E+02 0.000000000E+00 3.071861267E-01
 1.944819641E+02 0.000000000E+00 3.070282638E-01
 1.955741272E+02 0.000000000E+00 3.068719506E-01
 1.966719818E+02 0.000000000E+00 3.067181408E-01
 1.977755585E+02 0.000000000E+00 3.065727949E-01
 1.988848877E+02 0.000000000E+00 3.064302802E-01
 2.000000000E+02 0.000000000E+00 3.063572645E-01
ZONE T="FUN3D"
-3.903770074E-02  0.000000000E+00 5.022529960E-01
 3.910949826E-02  0.000000000E+00 5.021690130E-01
 1.175319999E-01  0.000000000E+00 5.020359755E-01
 1.963640004E-01  0.000000000E+00 5.018759966E-01
 2.756069899E-01  0.000000000E+00 5.017079711E-01
 3.552629948E-01  0.000000000E+00 5.015479922E-01
 4.353339970E-01  0.000000000E+00 5.014050007E-01
 5.158219934E-01  0.000000000E+00 5.012819767E-01
 5.967299938E-01  0.000000000E+00 5.011799932E-01
 6.780599952E-01  0.000000000E+00 5.010949969E-01
 7.598149776E-01  0.000000000E+00 5.010250211E-01
 8.419950008E-01  0.000000000E+00 5.009679794E-01
 9.246039987E-01  0.000000000E+00 5.009199977E-01
 1.007640004E+00  0.000000000E+00 5.008800030E-01
 1.091120005E+00  0.000000000E+00 5.008460283E-01
 1.175019979E+00  0.000000000E+00 5.008170009E-01
 1.259369969E+00  0.000000000E+00 5.007920265E-01
 1.344149947E+00  0.000000000E+00 5.007699728E-01
 1.429380059E+00  0.000000000E+00 5.007500052E-01
 1.515050054E+00  0.000000000E+00 5.007330179E-01
 1.601169944E+00  0.000000000E+00 5.007169843E-01
 1.687729955E+00  0.000000000E+00 5.007029772E-01
 1.774749994E+00  0.000000000E+00 5.006899834E-01
 1.862220049E+00  0.000000000E+00 5.006769896E-01
 1.950150013E+00  0.000000000E+00 5.006660223E-01
 2.038539886E+00  0.000000000E+00 5.006549954E-01
 2.127389908E+00  0.000000000E+00 5.006449819E-01
 2.216700077E+00  0.000000000E+00 5.006350279E-01
 2.306469917E+00  0.000000000E+00 5.006260276E-01
 2.396709919E+00  0.000000000E+00 5.006170273E-01
 2.487430096E+00  0.000000000E+00 5.006089807E-01
 2.578619957E+00  0.000000000E+00 5.006009936E-01
 2.670279980E+00  0.000000000E+00 5.005930066E-01
 2.762419939E+00  0.000000000E+00 5.005850196E-01
 2.855040073E+00  0.000000000E+00 5.005779862E-01
 2.948139906E+00  0.000000000E+00 5.005710125E-01
 3.041729927E+00  0.000000000E+00 5.005639791E-01
 3.135809898E+00  0.000000000E+00 5.005570054E-01
 3.230380058E+00  0.000000000E+00 5.005509853E-01
 3.325439930E+00  0.000000000E+00 5.005450249E-01
 3.421000004E+00  0.000000000E+00 5.005390048E-01
 3.517050028E+00  0.000000000E+00 5.005329847E-01
 3.613610029E+00  0.000000000E+00 5.005270243E-01
 3.710659981E+00  0.000000000E+00 5.005220175E-01
 3.808229923E+00  0.000000000E+00 5.005170107E-01
 3.906300068E+00  0.000000000E+00 5.005109906E-01
 4.004889965E+00  0.000000000E+00 5.005069971E-01
 4.103990078E+00  0.000000000E+00 5.005019903E-01
 4.203599930E+00  0.000000000E+00 5.004969835E-01
 4.303730011E+00  0.000000000E+00 5.004919767E-01
 4.404389858E+00  0.000000000E+00 5.004879832E-01
 4.505569935E+00  0.000000000E+00 5.004839897E-01
 4.607279778E+00  0.000000000E+00 5.004789829E-01
 4.709519863E+00  0.000000000E+00 5.004749894E-01
 4.812290192E+00  0.000000000E+00 5.004709959E-01
 4.915599823E+00  0.000000000E+00 5.004670024E-01
 5.019450188E+00  0.000000000E+00 5.004630089E-01
 5.123839855E+00  0.000000000E+00 5.004590154E-01
 5.228769779E+00  0.000000000E+00 5.004550219E-01
 5.334249973E+00  0.000000000E+00 5.004510283E-01
 5.440279961E+00  0.000000000E+00 5.004469752E-01
 5.546860218E+00  0.000000000E+00 5.004429817E-01
 5.653999805E+00  0.000000000E+00 5.004389882E-01
 5.761690140E+00  0.000000000E+00 5.004349947E-01
 5.869949818E+00  0.000000000E+00 5.004310012E-01
 5.978769779E+00  0.000000000E+00 5.004280210E-01
 6.088160038E+00  0.000000000E+00 5.004240274E-01
 6.198120117E+00  0.000000000E+00 5.004199743E-01
 6.308660030E+00  0.000000000E+00 5.004159808E-01
 6.419760227E+00  0.000000000E+00 5.004119873E-01
 6.531449795E+00  0.000000000E+00 5.004079938E-01
 6.643720150E+00  0.000000000E+00 5.004040003E-01
 6.756579876E+00  0.000000000E+00 5.004010201E-01
 6.870029926E+00  0.000000000E+00 5.003970265E-01
 6.984059811E+00  0.000000000E+00 5.003929734E-01
 7.098690033E+00  0.000000000E+00 5.003889799E-01
 7.213920116E+00  0.000000000E+00 5.003849864E-01
 7.329750061E+00  0.000000000E+00 5.003809929E-01
 7.446179867E+00  0.000000000E+00 5.003769994E-01
 7.563220024E+00  0.000000000E+00 5.003730059E-01
 7.680870056E+00  0.000000000E+00 5.003690124E-01
 7.799139977E+00  0.000000000E+00 5.003640056E-01
 7.918019772E+00  0.000000000E+00 5.003600121E-01
 8.037520409E+00  0.000000000E+00 5.003560185E-01
 8.157640457E+00  0.000000000E+00 5.003520250E-01
 8.278389931E+00  0.000000000E+00 5.003479719E-01
 8.399769783E+00  0.000000000E+00 5.003430247E-01
 8.521780014E+00  0.000000000E+00 5.003389716E-01
 8.644430161E+00  0.000000000E+00 5.003349781E-01
 8.767709732E+00  0.000000000E+00 5.003309846E-01
 8.891639709E+00  0.000000000E+00 5.003259778E-01
 9.016220093E+00  0.000000000E+00 5.003219843E-01
 9.141440392E+00  0.000000000E+00 5.003169775E-01
 9.267319679E+00  0.000000000E+00 5.003129840E-01
 9.393859863E+00  0.000000000E+00 5.003079772E-01
 9.521050453E+00  0.000000000E+00 5.003039837E-01
 9.648909569E+00  0.000000000E+00 5.002989769E-01
 9.777429581E+00  0.000000000E+00 5.002949834E-01
 9.906629562E+00  0.000000000E+00 5.002899766E-01
 1.003649998E+01  0.000000000E+00 5.002859831E-01
 1.016699982E+01  0.000000000E+00 5.002809763E-01
 1.029829979E+01  0.000000000E+00 5.002760291E-01
 1.043019962E+01  0.000000000E+00 5.002719760E-01
 1.056280041E+01  0.000000000E+00 5.002670288E-01
 1.069610023E+01  0.000000000E+00 5.002620220E-01
 1.082999992E+01  0.000000000E+00 5.002570152E-01
 1.096469975E+01  0.000000000E+00 5.002520084E-01
 1.110009956E+01  0.000000000E+00 5.002470016E-01
 1.123620033E+01  0.000000000E+00 5.002430081E-01
 1.137300014E+01  0.000000000E+00 5.002400279E-01
 1.151049995E+01  0.000000000E+00 5.002340078E-01
 1.164869976E+01  0.000000000E+00 5.002049804E-01
 1.178769970E+01  0.000000000E+00 5.001050234E-01
 1.192739964E+01  0.000000000E+00 4.998809993E-01
 1.206779957E+01  0.000000000E+00 4.995050132E-01
 1.220890045E+01  0.000000000E+00 4.989820123E-01
 1.235079956E+01  0.000000000E+00 4.983339906E-01
 1.249339962E+01  0.000000000E+00 4.975860119E-01
 1.263669968E+01  0.000000000E+00 4.967600107E-01
 1.278079987E+01  0.000000000E+00 4.958719909E-01
 1.292570019E+01  0.000000000E+00 4.949339926E-01
 1.307129955E+01  0.000000000E+00 4.939559996E-01
 1.321770000E+01  0.000000000E+00 4.929440022E-01
 1.336480045E+01  0.000000000E+00 4.919030070E-01
 1.351270008E+01  0.000000000E+00 4.908379912E-01
 1.366139984E+01  0.000000000E+00 4.897519946E-01
 1.381079960E+01  0.000000000E+00 4.886490107E-01
 1.396100044E+01  0.000000000E+00 4.875310063E-01
 1.411200047E+01  0.000000000E+00 4.864009917E-01
 1.426379967E+01  0.000000000E+00 4.852620065E-01
 1.441639996E+01  0.000000000E+00 4.841139913E-01
 1.456980038E+01  0.000000000E+00 4.829609990E-01
 1.472399998E+01  0.000000000E+00 4.818030000E-01
 1.487889957E+01  0.000000000E+00 4.806410074E-01
 1.503470039E+01  0.000000000E+00 4.794780016E-01
 1.519130039E+01  0.000000000E+00 4.783119857E-01
 1.534879971E+01  0.000000000E+00 4.771470129E-01
 1.550699997E+01  0.000000000E+00 4.759820104E-01
 1.566609955E+01  0.000000000E+00 4.748179913E-01
 1.582600021E+01  0.000000000E+00 4.736559987E-01
 1.598670006E+01  0.000000000E+00 4.724960029E-01
 1.614830017E+01  0.000000000E+00 4.713389874E-01
 1.631069946E+01  0.000000000E+00 4.701850116E-01
 1.647389984E+01  0.000000000E+00 4.690339863E-01
 1.663800049E+01  0.000000000E+00 4.678879976E-01
 1.680299950E+01  0.000000000E+00 4.667469859E-01
 1.696879959E+01  0.000000000E+00 4.656099975E-01
 1.713549995E+01  0.000000000E+00 4.644779861E-01
 1.730310059E+01  0.000000000E+00 4.633519948E-01
 1.747150040E+01  0.000000000E+00 4.622310102E-01
 1.764080048E+01  0.000000000E+00 4.611169994E-01
 1.781100082E+01  0.000000000E+00 4.600079954E-01
 1.798209953E+01  0.000000000E+00 4.589050114E-01
 1.815399933E+01  0.000000000E+00 4.578090012E-01
 1.832690048E+01  0.000000000E+00 4.567199945E-01
 1.850070000E+01  0.000000000E+00 4.556370080E-01
 1.867530060E+01  0.000000000E+00 4.545600116E-01
 1.885090065E+01  0.000000000E+00 4.534910023E-01
 1.902739906E+01  0.000000000E+00 4.524280131E-01
 1.920479965E+01  0.000000000E+00 4.513730109E-01
 1.938319969E+01  0.000000000E+00 4.503239989E-01
 1.956250000E+01  0.000000000E+00 4.492830038E-01
 1.974270058E+01  0.000000000E+00 4.482479990E-01
 1.992379951E+01  0.000000000E+00 4.472210109E-01
 2.010589981E+01  0.000000000E+00 4.462009966E-01
 2.028890038E+01  0.000000000E+00 4.451879859E-01
 2.047290039E+01  0.000000000E+00 4.441820085E-01
 2.065789986E+01  0.000000000E+00 4.431830049E-01
 2.084379959E+01  0.000000000E+00 4.421919882E-01
 2.103070068E+01  0.000000000E+00 4.412080050E-01
 2.121859932E+01  0.000000000E+00 4.402309954E-01
 2.140740013E+01  0.000000000E+00 4.392609894E-01
 2.159720039E+01  0.000000000E+00 4.382979870E-01
 2.178809929E+01  0.000000000E+00 4.373419881E-01
 2.197990036E+01  0.000000000E+00 4.363940060E-01
 2.217270088E+01  0.000000000E+00 4.354529977E-01
 2.236650085E+01  0.000000000E+00 4.345180094E-01
 2.256130028E+01  0.000000000E+00 4.335910082E-01
 2.275720024E+01  0.000000000E+00 4.326699972E-01
 2.295400047E+01  0.000000000E+00 4.317570031E-01
 2.315189934E+01  0.000000000E+00 4.308510125E-01
 2.335079956E+01  0.000000000E+00 4.299510121E-01
 2.355080032E+01  0.000000000E+00 4.290579855E-01
 2.375180054E+01  0.000000000E+00 4.281719923E-01
 2.395389938E+01  0.000000000E+00 4.272930026E-01
 2.415699959E+01  0.000000000E+00 4.264209867E-01
 2.436109924E+01  0.000000000E+00 4.255549908E-01
 2.456629944E+01  0.000000000E+00 4.246959984E-01
 2.477260017E+01  0.000000000E+00 4.238429964E-01
 2.497999954E+01  0.000000000E+00 4.229969978E-01
 2.518849945E+01  0.000000000E+00 4.221569896E-01
 2.539800072E+01  0.000000000E+00 4.213240147E-01
 2.560860062E+01  0.000000000E+00 4.204970002E-01
 2.582040024E+01  0.000000000E+00 4.196760058E-01
 2.603319931E+01  0.000000000E+00 4.188610017E-01
 2.624720001E+01  0.000000000E+00 4.180530012E-01
 2.646220016E+01  0.000000000E+00 4.172509909E-01
 2.667840004E+01  0.000000000E+00 4.164550006E-01
 2.689570045E+01  0.000000000E+00 4.156650007E-01
 2.711409950E+01  0.000000000E+00 4.148820043E-01
 2.733370018E+01  0.000000000E+00 4.141040146E-01
 2.755439949E+01  0.000000000E+00 4.133319855E-01
 2.777630043E+01  0.000000000E+00 4.125660062E-01
 2.799939919E+01  0.000000000E+00 4.118050039E-01
 2.822349930E+01  0.000000000E+00 4.110510051E-01
 2.844890022E+01  0.000000000E+00 4.103020132E-01
 2.867539978E+01  0.000000000E+00 4.095579982E-01
 2.890320015E+01  0.000000000E+00 4.088209867E-01
 2.913209915E+01  0.000000000E+00 4.080879986E-01
 2.936219978E+01  0.000000000E+00 4.073620141E-01
 2.959350014E+01  0.000000000E+00 4.066399932E-01
 2.982600021E+01  0.000000000E+00 4.059239924E-01
 3.005970001E+01  0.000000000E+00 4.052140117E-01
 3.029459953E+01  0.000000000E+00 4.045090079E-01
 3.053079987E+01  0.000000000E+00 4.038079977E-01
 3.076819992E+01  0.000000000E+00 4.031130075E-01
 3.100679970E+01  0.000000000E+00 4.024240077E-01
 3.124670029E+01  0.000000000E+00 4.017390013E-01
 3.148780060E+01  0.000000000E+00 4.010590017E-01
 3.173019981E+01  0.000000000E+00 4.003840089E-01
 3.197380066E+01  0.000000000E+00 3.997150064E-01
 3.221879959E+01  0.000000000E+00 3.990499973E-01
 3.246500015E+01  0.000000000E+00 3.983899951E-01
 3.271239853E+01  0.000000000E+00 3.977339864E-01
 3.296120071E+01  0.000000000E+00 3.970839977E-01
 3.321129990E+01  0.000000000E+00 3.964380026E-01
 3.346260071E+01  0.000000000E+00 3.957970142E-01
 3.371530151E+01  0.000000000E+00 3.951599896E-01
 3.396929932E+01  0.000000000E+00 3.945280015E-01
 3.422460175E+01  0.000000000E+00 3.939009905E-01
 3.448130035E+01  0.000000000E+00 3.932780027E-01
 3.473929977E+01  0.000000000E+00 3.926590085E-01
 3.499860001E+01  0.000000000E+00 3.920449913E-01
 3.525930023E+01  0.000000000E+00 3.914349973E-01
 3.552130127E+01  0.000000000E+00 3.908300102E-01
 3.578469849E+01  0.000000000E+00 3.902280033E-01
 3.604949951E+01  0.000000000E+00 3.896310031E-01
 3.631570053E+01  0.000000000E+00 3.890390098E-01
 3.658319855E+01  0.000000000E+00 3.884499967E-01
 3.685219955E+01  0.000000000E+00 3.878650069E-01
 3.712250137E+01  0.000000000E+00 3.872849941E-01
 3.739429855E+01  0.000000000E+00 3.867079914E-01
 3.766749954E+01  0.000000000E+00 3.861359954E-01
 3.794210052E+01  0.000000000E+00 3.855670094E-01
 3.821810150E+01  0.000000000E+00 3.850019872E-01
 3.849560165E+01  0.000000000E+00 3.844420016E-01
 3.877450180E+01  0.000000000E+00 3.838849962E-01
 3.905490112E+01  0.000000000E+00 3.833310008E-01
 3.933670044E+01  0.000000000E+00 3.827820122E-01
 3.961999893E+01  0.000000000E+00 3.822360039E-01
 3.990480042E+01  0.000000000E+00 3.816939890E-01
 4.019100189E+01  0.000000000E+00 3.811559975E-01
 4.047880173E+01  0.000000000E+00 3.806209862E-01
 4.076810074E+01  0.000000000E+00 3.800899982E-01
 4.105879974E+01  0.000000000E+00 3.795619905E-01
 4.135110092E+01  0.000000000E+00 3.790380061E-01
 4.164490128E+01  0.000000000E+00 3.785170019E-01
 4.194020081E+01  0.000000000E+00 3.779999912E-01
 4.223709869E+01  0.000000000E+00 3.774859905E-01
 4.253549957E+01  0.000000000E+00 3.769760132E-01
 4.283549881E+01  0.000000000E+00 3.764689863E-01
 4.313710022E+01  0.000000000E+00 3.759649992E-01
 4.344020081E+01  0.000000000E+00 3.754650056E-01
 4.374489975E+01  0.000000000E+00 3.749670088E-01
 4.405120087E+01  0.000000000E+00 3.744730055E-01
 4.435900116E+01  0.000000000E+00 3.739820123E-01
 4.466849899E+01  0.000000000E+00 3.734950125E-01
 4.497959900E+01  0.000000000E+00 3.730100095E-01
 4.529240036E+01  0.000000000E+00 3.725290000E-01
 4.560670090E+01  0.000000000E+00 3.720499873E-01
 4.592269897E+01  0.000000000E+00 3.715749979E-01
 4.624029922E+01  0.000000000E+00 3.711029887E-01
 4.655960083E+01  0.000000000E+00 3.706330061E-01
 4.688059998E+01  0.000000000E+00 3.701669872E-01
 4.720320129E+01  0.000000000E+00 3.697029948E-01
 4.752750015E+01  0.000000000E+00 3.692429960E-01
 4.785350037E+01  0.000000000E+00 3.687849939E-01
 4.818119812E+01  0.000000000E+00 3.683300018E-01
 4.851070023E+01  0.000000000E+00 3.678779900E-01
 4.884180069E+01  0.000000000E+00 3.674289882E-01
 4.917470169E+01  0.000000000E+00 3.669820130E-01
 4.950920105E+01  0.000000000E+00 3.665390015E-01
 4.984560013E+01  0.000000000E+00 3.660979867E-01
 5.018370056E+01  0.000000000E+00 3.656589985E-01
 5.052349854E+01  0.000000000E+00 3.652240038E-01
 5.086520004E+01  0.000000000E+00 3.647899926E-01
 5.120859909E+01  0.000000000E+00 3.643600047E-01
 5.155379868E+01  0.000000000E+00 3.639320135E-01
 5.190079880E+01  0.000000000E+00 3.635070026E-01
 5.224959946E+01  0.000000000E+00 3.630839884E-01
 5.260020065E+01  0.000000000E+00 3.626640141E-01
 5.295259857E+01  0.000000000E+00 3.622460067E-01
 5.330690002E+01  0.000000000E+00 3.618310094E-01
 5.366310120E+01  0.000000000E+00 3.614180088E-01
 5.402109909E+01  0.000000000E+00 3.610079885E-01
 5.438090134E+01  0.000000000E+00 3.605999947E-01
 5.474269867E+01  0.000000000E+00 3.601939976E-01
 5.510630035E+01  0.000000000E+00 3.597910106E-01
 5.547180176E+01  0.000000000E+00 3.593899906E-01
 5.583919907E+01  0.000000000E+00 3.589909971E-01
 5.620859909E+01  0.000000000E+00 3.585950136E-01
 5.657979965E+01  0.000000000E+00 3.582009971E-01
 5.695299911E+01  0.000000000E+00 3.578090072E-01
 5.732820129E+01  0.000000000E+00 3.574199975E-01
 5.770529938E+01  0.000000000E+00 3.570330143E-01
 5.808430099E+01  0.000000000E+00 3.566470146E-01
 5.846540070E+01  0.000000000E+00 3.562650084E-01
 5.884840012E+01  0.000000000E+00 3.558839858E-01
 5.923339844E+01  0.000000000E+00 3.555049896E-01
 5.962049866E+01  0.000000000E+00 3.551290035E-01
 6.000949860E+01  0.000000000E+00 3.547540009E-01
 6.040060043E+01  0.000000000E+00 3.543820083E-01
 6.079370117E+01  0.000000000E+00 3.540120125E-01
 6.118889999E+01  0.000000000E+00 3.536440134E-01
 6.158610153E+01  0.000000000E+00 3.532769978E-01
 6.198540115E+01  0.000000000E+00 3.529129922E-01
 6.238679886E+01  0.000000000E+00 3.525510132E-01
 6.279029846E+01  0.000000000E+00 3.521910012E-01
 6.319589996E+01  0.000000000E+00 3.518329859E-01
 6.360359955E+01  0.000000000E+00 3.514760137E-01
 6.401339722E+01  0.000000000E+00 3.511219919E-01
 6.442530060E+01  0.000000000E+00 3.507699966E-01
 6.483940125E+01  0.000000000E+00 3.504190147E-01
 6.525569916E+01  0.000000000E+00 3.500699997E-01
 6.567410278E+01  0.000000000E+00 3.497239947E-01
 6.609470367E+01  0.000000000E+00 3.493790030E-01
 6.651750183E+01  0.000000000E+00 3.490360081E-01
 6.694259644E+01  0.000000000E+00 3.486939967E-01
 6.736979675E+01  0.000000000E+00 3.483549953E-01
 6.779920197E+01  0.000000000E+00 3.480170071E-01
 6.823090363E+01  0.000000000E+00 3.476809859E-01
 6.866490173E+01  0.000000000E+00 3.473469913E-01
 6.910109711E+01  0.000000000E+00 3.470140100E-01
 6.953959656E+01  0.000000000E+00 3.466840088E-01
 6.998030090E+01  0.000000000E+00 3.463549912E-01
 7.042340088E+01  0.000000000E+00 3.460269868E-01
 7.086879730E+01  0.000000000E+00 3.457019925E-01
 7.131649780E+01  0.000000000E+00 3.453780115E-01
 7.176650238E+01  0.000000000E+00 3.450550139E-01
 7.221890259E+01  0.000000000E+00 3.447349966E-01
 7.267359924E+01  0.000000000E+00 3.444159925E-01
 7.313069916E+01  0.000000000E+00 3.440980017E-01
 7.359020233E+01  0.000000000E+00 3.437820077E-01
 7.405210114E+01  0.000000000E+00 3.434680104E-01
 7.451640320E+01  0.000000000E+00 3.431549966E-01
 7.498310089E+01  0.000000000E+00 3.428440094E-01
 7.545220184E+01  0.000000000E+00 3.425349891E-01
 7.592379761E+01  0.000000000E+00 3.422270119E-01
 7.639790344E+01  0.000000000E+00 3.419199884E-01
 7.687439728E+01  0.000000000E+00 3.416149914E-01
 7.735340118E+01  0.000000000E+00 3.413119912E-01
 7.783489990E+01  0.000000000E+00 3.410100043E-01
 7.831890106E+01  0.000000000E+00 3.407100141E-01
 7.880549622E+01  0.000000000E+00 3.404110074E-01
 7.929450226E+01  0.000000000E+00 3.401130140E-01
 7.978620148E+01  0.000000000E+00 3.398169875E-01
 8.028040314E+01  0.000000000E+00 3.395220041E-01
 8.077709961E+01  0.000000000E+00 3.392289877E-01
 8.127649689E+01  0.000000000E+00 3.389370143E-01
 8.177839661E+01  0.000000000E+00 3.386470079E-01
 8.228299713E+01  0.000000000E+00 3.383580148E-01
 8.279019928E+01  0.000000000E+00 3.380700052E-01
 8.330010223E+01  0.000000000E+00 3.377839923E-01
 8.381259918E+01  0.000000000E+00 3.374989927E-01
 8.432779694E+01  0.000000000E+00 3.372150064E-01
 8.484559631E+01  0.000000000E+00 3.369329870E-01
 8.536620331E+01  0.000000000E+00 3.366520107E-01
 8.588950348E+01  0.000000000E+00 3.363719881E-01
 8.641549683E+01  0.000000000E+00 3.360939920E-01
 8.694419861E+01  0.000000000E+00 3.358170092E-01
 8.747570038E+01  0.000000000E+00 3.355410099E-01
 8.801000214E+01  0.000000000E+00 3.352670074E-01
 8.854709625E+01  0.000000000E+00 3.349939883E-01
 8.908689880E+01  0.000000000E+00 3.347220123E-01
 8.962960052E+01  0.000000000E+00 3.344509900E-01
 9.017510223E+01  0.000000000E+00 3.341819942E-01
 9.072350311E+01  0.000000000E+00 3.339140117E-01
 9.127469635E+01  0.000000000E+00 3.336470127E-01
 9.182879639E+01  0.000000000E+00 3.333809972E-01
 9.238569641E+01  0.000000000E+00 3.331170082E-01
 9.294560242E+01  0.000000000E+00 3.328529894E-01
 9.350839996E+01  0.000000000E+00 3.325909972E-01
 9.407409668E+01  0.000000000E+00 3.323299885E-01
 9.464279938E+01  0.000000000E+00 3.320699930E-01
 9.521450043E+01  0.000000000E+00 3.318119943E-01
 9.578910065E+01  0.000000000E+00 3.315539956E-01
 9.636669922E+01  0.000000000E+00 3.312979937E-01
 9.694730377E+01  0.000000000E+00 3.310430050E-01
 9.753099823E+01  0.000000000E+00 3.307889998E-01
 9.811769867E+01  0.000000000E+00 3.305360079E-01
 9.870739746E+01  0.000000000E+00 3.302839994E-01
 9.930030060E+01  0.000000000E+00 3.300330043E-01
 9.989620209E+01  0.000000000E+00 3.297840059E-01
 1.004950027E+02  0.000000000E+00 3.295350075E-01
 1.010970001E+02  0.000000000E+00 3.292880058E-01
 1.017030029E+02  0.000000000E+00 3.290410042E-01
 1.023109970E+02  0.000000000E+00 3.287959993E-01
 1.029229965E+02  0.000000000E+00 3.285520077E-01
 1.035380020E+02  0.000000000E+00 3.283089995E-01
 1.041559982E+02  0.000000000E+00 3.280670047E-01
 1.047770004E+02  0.000000000E+00 3.278250098E-01
 1.054010010E+02  0.000000000E+00 3.275850117E-01
 1.060289993E+02  0.000000000E+00 3.273459971E-01
 1.066600037E+02  0.000000000E+00 3.271079957E-01
 1.072939987E+02  0.000000000E+00 3.268710077E-01
 1.079319992E+02  0.000000000E+00 3.266350031E-01
 1.085729980E+02  0.000000000E+00 3.264000118E-01
 1.092170029E+02  0.000000000E+00 3.261660039E-01
 1.098649979E+02  0.000000000E+00 3.259339929E-01
 1.105159988E+02  0.000000000E+00 3.257020116E-01
 1.111699982E+02  0.000000000E+00 3.254700005E-01
 1.118280029E+02  0.000000000E+00 3.252399862E-01
 1.124889984E+02  0.000000000E+00 3.250109851E-01
 1.131539993E+02  0.000000000E+00 3.247829974E-01
 1.138219986E+02  0.000000000E+00 3.245559931E-01
 1.144940033E+02  0.000000000E+00 3.243300021E-01
 1.151689987E+02  0.000000000E+00 3.241040111E-01
 1.158470001E+02  0.000000000E+00 3.238799870E-01
 1.165299988E+02  0.000000000E+00 3.236570060E-01
 1.172149963E+02  0.000000000E+00 3.234339952E-01
 1.179049988E+02  0.000000000E+00 3.232119977E-01
 1.185979996E+02  0.000000000E+00 3.229919970E-01
 1.192939987E+02  0.000000000E+00 3.227719963E-01
 1.199940033E+02  0.000000000E+00 3.225530088E-01
 1.206979980E+02  0.000000000E+00 3.223350048E-01
 1.214059982E+02  0.000000000E+00 3.221180141E-01
 1.221169968E+02  0.000000000E+00 3.219009936E-01
 1.228320007E+02  0.000000000E+00 3.216859996E-01
 1.235500031E+02  0.000000000E+00 3.214719892E-01
 1.242730026E+02  0.000000000E+00 3.212580085E-01
 1.249990005E+02  0.000000000E+00 3.210450113E-01
 1.257289963E+02  0.000000000E+00 3.208329976E-01
 1.264619980E+02  0.000000000E+00 3.206219971E-01
 1.271999969E+02  0.000000000E+00 3.204120100E-01
 1.279410019E+02  0.000000000E+00 3.202019930E-01
 1.286869965E+02  0.000000000E+00 3.199940026E-01
 1.294360046E+02  0.000000000E+00 3.197860122E-01
 1.301889954E+02  0.000000000E+00 3.195790052E-01
 1.309459991E+02  0.000000000E+00 3.193730116E-01
 1.317070007E+02  0.000000000E+00 3.191680014E-01
 1.324720001E+02  0.000000000E+00 3.189629912E-01
 1.332400055E+02  0.000000000E+00 3.187589943E-01
 1.340130005E+02  0.000000000E+00 3.185560107E-01
 1.347899933E+02  0.000000000E+00 3.183540106E-01
 1.355709991E+02  0.000000000E+00 3.181529939E-01
 1.363560028E+02  0.000000000E+00 3.179529905E-01
 1.371450043E+02  0.000000000E+00 3.177529871E-01
 1.379380035E+02  0.000000000E+00 3.175539970E-01
 1.387359924E+02  0.000000000E+00 3.173559904E-01
 1.395370026E+02  0.000000000E+00 3.171580136E-01
 1.403430023E+02  0.000000000E+00 3.169609904E-01
 1.411529999E+02  0.000000000E+00 3.167659938E-01
 1.419669952E+02  0.000000000E+00 3.165700138E-01
 1.427850037E+02  0.000000000E+00 3.163760006E-01
 1.436080017E+02  0.000000000E+00 3.161819875E-01
 1.444349976E+02  0.000000000E+00 3.159889877E-01
 1.452660065E+02  0.000000000E+00 3.157970011E-01
 1.461020050E+02  0.000000000E+00 3.156059980E-01
 1.469420013E+02  0.000000000E+00 3.154149950E-01
 1.477859955E+02  0.000000000E+00 3.152250051E-01
 1.486349945E+02  0.000000000E+00 3.150359988E-01
 1.494880066E+02  0.000000000E+00 3.148469925E-01
 1.503450012E+02  0.000000000E+00 3.146589994E-01
 1.512079926E+02  0.000000000E+00 3.144719899E-01
 1.520740051E+02  0.000000000E+00 3.142850101E-01
 1.529450073E+02  0.000000000E+00 3.140999973E-01
 1.538209991E+02  0.000000000E+00 3.139150143E-01
 1.547010040E+02  0.000000000E+00 3.137300014E-01
 1.555859985E+02  0.000000000E+00 3.135469854E-01
 1.564750061E+02  0.000000000E+00 3.133639991E-01
 1.573690033E+02  0.000000000E+00 3.131810129E-01
 1.582680054E+02  0.000000000E+00 3.129999936E-01
 1.591710052E+02  0.000000000E+00 3.128190041E-01
 1.600789948E+02  0.000000000E+00 3.126380146E-01
 1.609920044E+02  0.000000000E+00 3.124589920E-01
 1.619100037E+02  0.000000000E+00 3.122799993E-01
 1.628320007E+02  0.000000000E+00 3.121010065E-01
 1.637590027E+02  0.000000000E+00 3.119240105E-01
 1.646909943E+02  0.000000000E+00 3.117470145E-01
 1.656280060E+02  0.000000000E+00 3.115710020E-01
 1.665700073E+02  0.000000000E+00 3.113949895E-01
 1.675160065E+02  0.000000000E+00 3.112199903E-01
 1.684680023E+02  0.000000000E+00 3.110449910E-01
 1.694239960E+02  0.000000000E+00 3.108719885E-01
 1.703860016E+02  0.000000000E+00 3.106980026E-01
 1.713520050E+02  0.000000000E+00 3.105260134E-01
 1.723240051E+02  0.000000000E+00 3.103539944E-01
 1.733009949E+02  0.000000000E+00 3.101829886E-01
 1.742819977E+02  0.000000000E+00 3.100120127E-01
 1.752689972E+02  0.000000000E+00 3.098419905E-01
 1.762610016E+02  0.000000000E+00 3.096730113E-01
 1.772579956E+02  0.000000000E+00 3.095040023E-01
 1.782610016E+02  0.000000000E+00 3.093360066E-01
 1.792680054E+02  0.000000000E+00 3.091680110E-01
 1.802810059E+02  0.000000000E+00 3.090009987E-01
 1.812989960E+02  0.000000000E+00 3.088349998E-01
 1.823229980E+02  0.000000000E+00 3.086690009E-01
 1.833509979E+02  0.000000000E+00 3.085039854E-01
 1.843860016E+02  0.000000000E+00 3.083389997E-01
 1.854250031E+02  0.000000000E+00 3.081760108E-01
 1.864700012E+02  0.000000000E+00 3.080120087E-01
 1.875200043E+02  0.000000000E+00 3.078500032E-01
 1.885760040E+02  0.000000000E+00 3.076879978E-01
 1.896380005E+02  0.000000000E+00 3.075270057E-01
 1.907050018E+02  0.000000000E+00 3.073669970E-01
 1.917769928E+02  0.000000000E+00 3.072080016E-01
 1.928549957E+02  0.000000000E+00 3.070510030E-01
 1.939389954E+02  0.000000000E+00 3.068960011E-01
 1.950279999E+02  0.000000000E+00 3.067440093E-01
 1.961230011E+02  0.000000000E+00 3.065969944E-01
 1.972239990E+02  0.000000000E+00 3.064590096E-01
 1.983300018E+02  0.000000000E+00 3.063459992E-01
 1.994420013E+02  0.000000000E+00 3.062579930E-01
