# Planar shear case, k-kL-MEAH2015, x=29.2468
VARIABLES = "X"
"Y"
"U Velocity"
ZONE T="CFL3D"
 2.924682617E+01 0.000000000E+00 4.078980684E-01
 2.924682617E+01 3.411123063E-03 4.078947604E-01
 2.924682617E+01 7.194691803E-03 4.078838229E-01
 2.924682617E+01 1.127146557E-02 4.078634083E-01
 2.924682617E+01 1.557622477E-02 4.078321457E-01
 2.924682617E+01 2.005936019E-02 4.077890813E-01
 2.924682617E+01 2.468227409E-02 4.077334404E-01
 2.924682617E+01 2.941692434E-02 4.076646566E-01
 2.924682617E+01 3.424183652E-02 4.075824916E-01
 2.924682617E+01 3.914155811E-02 4.074867070E-01
 2.924682617E+01 4.410411417E-02 4.073772430E-01
 2.924682617E+01 4.912070185E-02 4.072540402E-01
 2.924682617E+01 5.418433249E-02 4.071172178E-01
 2.924682617E+01 5.928977951E-02 4.069668055E-01
 2.924682617E+01 6.443272531E-02 4.068030417E-01
 2.924682617E+01 6.960977614E-02 4.066261351E-01
 2.924682617E+01 7.481803745E-02 4.064362347E-01
 2.924682617E+01 8.005516976E-02 4.062336385E-01
 2.924682617E+01 8.531908691E-02 4.060186446E-01
 2.924682617E+01 9.060800821E-02 4.057915211E-01
 2.924682617E+01 9.592031687E-02 4.055525959E-01
 2.924682617E+01 1.012546197E-01 4.053021967E-01
 2.924682617E+01 1.066095978E-01 4.050406814E-01
 2.924682617E+01 1.119840965E-01 4.047682881E-01
 2.924682617E+01 1.173770055E-01 4.044854045E-01
 2.924682617E+01 1.227873415E-01 4.041923881E-01
 2.924682617E+01 1.282141656E-01 4.038894773E-01
 2.924682617E+01 1.336566061E-01 4.035770595E-01
 2.924682617E+01 1.391138583E-01 4.032554328E-01
 2.924682617E+01 1.445851475E-01 4.029249251E-01
 2.924682617E+01 1.500697285E-01 4.025858045E-01
 2.924682617E+01 1.555669606E-01 4.022383392E-01
 2.924682617E+01 1.610761583E-01 4.018828571E-01
 2.924682617E+01 1.665967256E-01 4.015196264E-01
 2.924682617E+01 1.721280813E-01 4.011489153E-01
 2.924682617E+01 1.776696742E-01 4.007709324E-01
 2.924682617E+01 1.832209527E-01 4.003859460E-01
 2.924682617E+01 1.887814403E-01 3.999942243E-01
 2.924682617E+01 1.943506300E-01 3.995959759E-01
 2.924682617E+01 1.999280900E-01 3.991914093E-01
 2.924682617E+01 2.055133283E-01 3.987807631E-01
 2.924682617E+01 2.111059576E-01 3.983641863E-01
 2.924682617E+01 2.167055905E-01 3.979419470E-01
 2.924682617E+01 2.223117799E-01 3.975141943E-01
 2.924682617E+01 2.279241830E-01 3.970811069E-01
 2.924682617E+01 2.335424274E-01 3.966429234E-01
 2.924682617E+01 2.391662002E-01 3.961997032E-01
 2.924682617E+01 2.447951138E-01 3.957516849E-01
 2.924682617E+01 2.504288852E-01 3.952990174E-01
 2.924682617E+01 2.560672164E-01 3.948418498E-01
 2.924682617E+01 2.617097497E-01 3.943802714E-01
 2.924682617E+01 2.673562467E-01 3.939144909E-01
 2.924682808E+01 2.730064392E-01 3.934446871E-01
 2.924682808E+01 2.786599994E-01 3.929708600E-01
 2.924682808E+01 2.843166888E-01 3.924932480E-01
 2.924682808E+01 2.899762690E-01 3.920119107E-01
 2.924682808E+01 2.956385016E-01 3.915269971E-01
 2.924682808E+01 3.013031185E-01 3.910386264E-01
 2.924682808E+01 3.069699109E-01 3.905469179E-01
 2.924682808E+01 3.126386404E-01 3.900519311E-01
 2.924682808E+01 3.183091283E-01 3.895538151E-01
 2.924682808E+01 3.239811063E-01 3.890526593E-01
 2.924682808E+01 3.296544254E-01 3.885485828E-01
 2.924682808E+01 3.353288770E-01 3.880416155E-01
 2.924682808E+01 3.410042226E-01 3.875319064E-01
 2.924682808E+01 3.466803133E-01 3.870196044E-01
 2.924682808E+01 3.523569703E-01 3.865046501E-01
 2.924682808E+01 3.580340445E-01 3.859872520E-01
 2.924682808E+01 3.637112975E-01 3.854673803E-01
 2.924682808E+01 3.693885803E-01 3.849452436E-01
 2.924682808E+01 3.750658035E-01 3.844208419E-01
 2.924682808E+01 3.807426989E-01 3.838942647E-01
 2.924682808E+01 3.864191771E-01 3.833656013E-01
 2.924682808E+01 3.920950890E-01 3.828349113E-01
 2.924682808E+01 3.977702558E-01 3.823022842E-01
 2.924682808E+01 4.034445286E-01 3.817677796E-01
 2.924682808E+01 4.091178477E-01 3.812314272E-01
 2.924682808E+01 4.147899747E-01 3.806933463E-01
 2.924682808E+01 4.204608202E-01 3.801535666E-01
 2.924682808E+01 4.261302650E-01 3.796122074E-01
 2.924682808E+01 4.317981601E-01 3.790692091E-01
 2.924682808E+01 4.374643862E-01 3.785247505E-01
 2.924682808E+01 4.431288540E-01 3.779788613E-01
 2.924682808E+01 4.487914145E-01 3.774315417E-01
 2.924682808E+01 4.544518888E-01 3.768829405E-01
 2.924682808E+01 4.601102769E-01 3.763330281E-01
 2.924682808E+01 4.657664299E-01 3.757819533E-01
 2.924682808E+01 4.714201987E-01 3.752295971E-01
 2.924682808E+01 4.770715535E-01 3.746761978E-01
 2.924682808E+01 4.827202857E-01 3.741217554E-01
 2.924682808E+01 4.883664250E-01 3.735662699E-01
 2.924682808E+01 4.940097332E-01 3.730097711E-01
 2.924682808E+01 4.996501803E-01 3.724524081E-01
 2.924682808E+01 5.052877665E-01 3.718941510E-01
 2.924682808E+01 5.109221935E-01 3.713350296E-01
 2.924682808E+01 5.165535212E-01 3.707751334E-01
 2.924682808E+01 5.221816301E-01 3.702145219E-01
 2.924682808E+01 5.278064013E-01 3.696531653E-01
 2.924682808E+01 5.334277749E-01 3.690911829E-01
 2.924682808E+01 5.390456915E-01 3.685285449E-01
 2.924682808E+01 5.446600318E-01 3.679653704E-01
 2.924682808E+01 5.502706766E-01 3.674016297E-01
 2.924682808E+01 5.558776855E-01 3.668374121E-01
 2.924682808E+01 5.614808202E-01 3.662726879E-01
 2.924682808E+01 5.670800805E-01 3.657076359E-01
 2.924682808E+01 5.726754069E-01 3.651421070E-01
 2.924682808E+01 5.782667398E-01 3.645762205E-01
 2.924682808E+01 5.838539600E-01 3.640100360E-01
 2.924682808E+01 5.894370079E-01 3.634435833E-01
 2.924682808E+01 5.950158238E-01 3.628768623E-01
 2.924682808E+01 6.005902886E-01 3.623099625E-01
 2.924682808E+01 6.061604023E-01 3.617428243E-01
 2.924682808E+01 6.117261052E-01 3.611755669E-01
 2.924682808E+01 6.172873378E-01 3.606081903E-01
 2.924682808E+01 6.228439212E-01 3.600407243E-01
 2.924682808E+01 6.283959150E-01 3.594732285E-01
 2.924682808E+01 6.339432597E-01 3.589056730E-01
 2.924682808E+01 6.394858360E-01 3.583381176E-01
 2.924682808E+01 6.450235844E-01 3.577706218E-01
 2.924682808E+01 6.505565047E-01 3.572031856E-01
 2.924682808E+01 6.560845375E-01 3.566358685E-01
 2.924682808E+01 6.616075039E-01 3.560686111E-01
 2.924682808E+01 6.671254635E-01 3.555015624E-01
 2.924682808E+01 6.726383567E-01 3.549346030E-01
 2.924682808E+01 6.781460643E-01 3.543679118E-01
 2.924682808E+01 6.836485863E-01 3.538013995E-01
 2.924682808E+01 6.891458631E-01 3.532352149E-01
 2.924682808E+01 6.946377754E-01 3.526711762E-01
 2.924682808E+01 7.000490427E-01 3.521133065E-01
 2.924682808E+01 7.053806782E-01 3.515633941E-01
 2.924682808E+01 7.106338739E-01 3.510213196E-01
 2.924682808E+01 7.158097029E-01 3.504871428E-01
 2.924682808E+01 7.209092975E-01 3.499606848E-01
 2.924682808E+01 7.259336114E-01 3.494417965E-01
 2.924682808E+01 7.308837175E-01 3.489304781E-01
 2.924682808E+01 7.357606888E-01 3.484266400E-01
 2.924682808E+01 7.405655980E-01 3.479301333E-01
 2.924682808E+01 7.452993393E-01 3.474409282E-01
 2.924682808E+01 7.499630451E-01 3.469588459E-01
 2.924682808E+01 7.545576096E-01 3.464839458E-01
 2.924682808E+01 7.590839863E-01 3.460159898E-01
 2.924682808E+01 7.635432482E-01 3.455549777E-01
 2.924682808E+01 7.679362893E-01 3.451008201E-01
 2.924682808E+01 7.722640038E-01 3.446533680E-01
 2.924682808E+01 7.765273452E-01 3.442125916E-01
 2.924682808E+01 7.807272077E-01 3.437783420E-01
 2.924682808E+01 7.848646045E-01 3.433506191E-01
 2.924682808E+01 7.889402509E-01 3.429293036E-01
 2.924682999E+01 7.929551005E-01 3.425143063E-01
 2.924682999E+01 7.969100475E-01 3.421054780E-01
 2.924682999E+01 8.008058667E-01 3.417028487E-01
 2.924682999E+01 8.046435118E-01 3.413062394E-01
 2.924682999E+01 8.084237576E-01 3.409156203E-01
 2.924682999E+01 8.121473789E-01 3.405309319E-01
 2.924682999E+01 8.158152699E-01 3.401520252E-01
 2.924682999E+01 8.194280863E-01 3.397788405E-01
 2.924682999E+01 8.229868412E-01 3.394113481E-01
 2.924682999E+01 8.264921308E-01 3.390494287E-01
 2.924682999E+01 8.299447298E-01 3.386930227E-01
 2.924682999E+01 8.333454132E-01 3.383419514E-01
 2.924682999E+01 8.366950154E-01 3.379963338E-01
 2.924682999E+01 8.399940729E-01 3.376559317E-01
 2.924682999E+01 8.432435989E-01 3.373207450E-01
 2.924682999E+01 8.464440107E-01 3.369906545E-01
 2.924682999E+01 8.495962024E-01 3.366656601E-01
 2.924682999E+01 8.527007103E-01 3.363455832E-01
 2.924682999E+01 8.557584286E-01 3.360304534E-01
 2.924682999E+01 8.587698936E-01 3.357201219E-01
 2.924682999E+01 8.617358804E-01 3.354145885E-01
 2.924682999E+01 8.646569252E-01 3.351137340E-01
 2.924682999E+01 8.675336838E-01 3.348175287E-01
 2.924682999E+01 8.703668714E-01 3.345258534E-01
 2.924682999E+01 8.731570840E-01 3.342387080E-01
 2.924682999E+01 8.759049177E-01 3.339559734E-01
 2.924682999E+01 8.786110878E-01 3.336776197E-01
 2.924682999E+01 8.812760115E-01 3.334035575E-01
 2.924682999E+01 8.839004636E-01 3.331336975E-01
 2.924682999E+01 8.864849806E-01 3.328680396E-01
 2.924682999E+01 8.890300989E-01 3.326064944E-01
 2.924682999E+01 8.915364146E-01 3.323490322E-01
 2.924682999E+01 8.940044641E-01 3.320955038E-01
 2.924682999E+01 8.964349031E-01 3.318459690E-01
 2.924682999E+01 8.988281488E-01 3.316003084E-01
 2.924682999E+01 9.011847973E-01 3.313584626E-01
 2.924682999E+01 9.035054445E-01 3.311203718E-01
 2.924682999E+01 9.057905078E-01 3.308859468E-01
 2.924682999E+01 9.080405831E-01 3.306552172E-01
 2.924682999E+01 9.102561474E-01 3.304280341E-01
 2.924682999E+01 9.124376774E-01 3.302044272E-01
 2.924682999E+01 9.145857692E-01 3.299843669E-01
 2.924682999E+01 9.167007804E-01 3.297676742E-01
 2.924682999E+01 9.187832475E-01 3.295544386E-01
 2.924682999E+01 9.208336473E-01 3.293444812E-01
 2.924682999E+01 9.228524566E-01 3.291378319E-01
 2.924682999E+01 9.248401523E-01 3.289344311E-01
 2.924682999E+01 9.267970920E-01 3.287341893E-01
 2.924682999E+01 9.287239313E-01 3.285371065E-01
 2.924682999E+01 9.306208491E-01 3.283431232E-01
 2.924682999E+01 9.324885011E-01 3.281521499E-01
 2.924682999E+01 9.343271852E-01 3.279642463E-01
 2.924682999E+01 9.361373782E-01 3.277792633E-01
 2.924682999E+01 9.379194975E-01 3.275972307E-01
 2.924682999E+01 9.396739602E-01 3.274180293E-01
 2.924682999E+01 9.414011240E-01 3.272416294E-01
 2.924682999E+01 9.431014657E-01 3.270680606E-01
 2.924682999E+01 9.447753429E-01 3.268972337E-01
 2.924682999E+01 9.464231133E-01 3.267290294E-01
 2.924682999E+01 9.480452538E-01 3.265635967E-01
 2.924682999E+01 9.496420026E-01 3.264006972E-01
 2.924682999E+01 9.512139559E-01 3.262404203E-01
 2.924682999E+01 9.527612329E-01 3.260826766E-01
 2.924682999E+01 9.542842507E-01 3.259274364E-01
 2.924682999E+01 9.557834864E-01 3.257746398E-01
 2.924682999E+01 9.572591782E-01 3.256242573E-01
 2.924682999E+01 9.587117434E-01 3.254763186E-01
 2.924682999E+01 9.601414800E-01 3.253307045E-01
 2.924682999E+01 9.615487456E-01 3.251873851E-01
 2.924682999E+01 9.629338980E-01 3.250463605E-01
 2.924682999E+01 9.642971754E-01 3.249076307E-01
 2.924682999E+01 9.656389952E-01 3.247710466E-01
 2.924682999E+01 9.669596553E-01 3.246366978E-01
 2.924682999E+01 9.682593942E-01 3.245044947E-01
 2.924682999E+01 9.695386291E-01 3.243743479E-01
 2.924682999E+01 9.707975984E-01 3.242463171E-01
 2.924682999E+01 9.720366001E-01 3.241203725E-01
 2.924682999E+01 9.732559919E-01 3.239963651E-01
 2.924682999E+01 9.744559526E-01 3.238744736E-01
 2.924682999E+01 9.756368399E-01 3.237544298E-01
 2.924682999E+01 9.767989516E-01 3.236363232E-01
 2.924682999E+01 9.779425263E-01 3.235201538E-01
 2.924682999E+01 9.790679216E-01 3.234058619E-01
 2.924682999E+01 9.801752567E-01 3.232934177E-01
 2.924682999E+01 9.812649488E-01 3.231827617E-01
 2.924682999E+01 9.823371768E-01 3.230738640E-01
 2.924682999E+01 9.833921790E-01 3.229667842E-01
 2.924682999E+01 9.844302535E-01 3.228614032E-01
 2.924682999E+01 9.854517579E-01 3.227577507E-01
 2.924682999E+01 9.864567518E-01 3.226557374E-01
 2.924682999E+01 9.874455929E-01 3.225554228E-01
 2.924682999E+01 9.884184599E-01 3.224567175E-01
 2.924682999E+01 9.893756509E-01 3.223596215E-01
 2.924682999E+01 9.903173447E-01 3.222640753E-01
 2.924682999E+01 9.912438393E-01 3.221701086E-01
 2.924682999E+01 9.921552539E-01 3.220776916E-01
 2.924682999E+01 9.930518866E-01 3.219867945E-01
 2.924682999E+01 9.939339757E-01 3.218973875E-01
 2.924682999E+01 9.948017001E-01 3.218094110E-01
 2.924682999E+01 9.956552982E-01 3.217228651E-01
 2.924682999E+01 9.964950085E-01 3.216377497E-01
 2.924682999E+01 9.973208904E-01 3.215540648E-01
 2.924682999E+01 9.981333613E-01 3.214717209E-01
 2.924682999E+01 9.989324808E-01 3.213907480E-01
 2.924682999E+01 9.997184873E-01 3.213110864E-01
 2.924682999E+01 1.000491500E+00 3.212327957E-01
 2.924682999E+01 1.001251936E+00 3.211557567E-01
 2.924682999E+01 1.001999736E+00 3.210799992E-01
 2.924682999E+01 1.002735257E+00 3.210051954E-01
 2.924682999E+01 1.003471375E+00 3.209300935E-01
 2.924682999E+01 1.004227161E+00 3.208535612E-01
 2.924682999E+01 1.005003214E+00 3.207749426E-01
 2.924682999E+01 1.005800247E+00 3.206941783E-01
 2.924682999E+01 1.006619096E+00 3.206112981E-01
 2.924682999E+01 1.007460237E+00 3.205260932E-01
 2.924682999E+01 1.008324623E+00 3.204385638E-01
 2.924682999E+01 1.009212971E+00 3.203486204E-01
 2.924682999E+01 1.010126352E+00 3.202561140E-01
 2.924682999E+01 1.011065245E+00 3.201610744E-01
 2.924682999E+01 1.012030721E+00 3.200633824E-01
 2.924682999E+01 1.013023734E+00 3.199628592E-01
 2.924682999E+01 1.014045238E+00 3.198595345E-01
 2.924682999E+01 1.015096068E+00 3.197532296E-01
 2.924682999E+01 1.016177177E+00 3.196438551E-01
 2.924682999E+01 1.017289758E+00 3.195313215E-01
 2.924682999E+01 1.018434882E+00 3.194155395E-01
 2.924682999E+01 1.019613743E+00 3.192963600E-01
 2.924682999E+01 1.020827293E+00 3.191737235E-01
 2.924682999E+01 1.022076726E+00 3.190474510E-01
 2.924682999E+01 1.023363590E+00 3.189174235E-01
 2.924682999E+01 1.024688840E+00 3.187835813E-01
 2.924682999E+01 1.026053905E+00 3.186457157E-01
 2.924682999E+01 1.027459979E+00 3.185037971E-01
 2.924682999E+01 1.028908730E+00 3.183575273E-01
 2.924682999E+01 1.030401587E+00 3.182069659E-01
 2.924682999E+01 1.031939864E+00 3.180517852E-01
 2.924682999E+01 1.033525229E+00 3.178918958E-01
 2.924682999E+01 1.035159469E+00 3.177272081E-01
 2.924682999E+01 1.036844015E+00 3.175574243E-01
 2.924682999E+01 1.038580537E+00 3.173824847E-01
 2.924682999E+01 1.040371060E+00 3.172022104E-01
 2.924682999E+01 1.042217255E+00 3.170163631E-01
 2.924682999E+01 1.044121146E+00 3.168248832E-01
 2.924682999E+01 1.046084523E+00 3.166273832E-01
 2.924682999E+01 1.048109651E+00 3.164238334E-01
 2.924682999E+01 1.050198555E+00 3.162139356E-01
 2.924682999E+01 1.052353382E+00 3.159975410E-01
 2.924682999E+01 1.054576278E+00 3.157744110E-01
 2.924682999E+01 1.056869864E+00 3.155443370E-01
 2.924682999E+01 1.059236288E+00 3.153070807E-01
 2.924682999E+01 1.061678171E+00 3.150624037E-01
 2.924682999E+01 1.064198136E+00 3.148100376E-01
 2.924682999E+01 1.066798687E+00 3.145497739E-01
 2.924682999E+01 1.069482565E+00 3.142813742E-01
 2.924682999E+01 1.072252870E+00 3.140045106E-01
 2.924682999E+01 1.075112343E+00 3.137189150E-01
 2.924682999E+01 1.078064203E+00 3.134243488E-01
 2.924682999E+01 1.081111312E+00 3.131205142E-01
 2.924682999E+01 1.084257126E+00 3.128071129E-01
 2.924682999E+01 1.087505102E+00 3.124837875E-01
 2.924682999E+01 1.090858459E+00 3.121502697E-01
 2.924682999E+01 1.094321012E+00 3.118062019E-01
 2.924682999E+01 1.097896338E+00 3.114513159E-01
 2.924682999E+01 1.101588488E+00 3.110851943E-01
 2.924682999E+01 1.105401278E+00 3.107075691E-01
 2.924682999E+01 1.109338760E+00 3.103179634E-01
 2.924682999E+01 1.113405347E+00 3.099160790E-01
 2.924682999E+01 1.117605448E+00 3.095015287E-01
 2.924682999E+01 1.121943355E+00 3.090738952E-01
 2.924682999E+01 1.126424074E+00 3.086328208E-01
 2.924682999E+01 1.131052375E+00 3.081778586E-01
 2.924682999E+01 1.135833144E+00 3.077086210E-01
 2.924682999E+01 1.140771747E+00 3.072246313E-01
 2.924682999E+01 1.145873427E+00 3.067255020E-01
 2.924682999E+01 1.151143789E+00 3.062107563E-01
 2.924682999E+01 1.156588554E+00 3.056798875E-01
 2.924682999E+01 1.162213683E+00 3.051324785E-01
 2.924682999E+01 1.168025374E+00 3.045680821E-01
 2.924682999E+01 1.174029827E+00 3.039861321E-01
 2.924682999E+01 1.180233836E+00 3.033861816E-01
 2.924682999E+01 1.186643958E+00 3.027677834E-01
 2.924682999E+01 1.193267107E+00 3.021302819E-01
 2.924682999E+01 1.200110912E+00 3.014732599E-01
 2.924682999E+01 1.207182527E+00 3.007962406E-01
 2.924682999E+01 1.214489937E+00 3.000985980E-01
 2.924682999E+01 1.222041011E+00 2.993798554E-01
 2.924682999E+01 1.229843974E+00 2.986394763E-01
 2.924682999E+01 1.237907529E+00 2.978768945E-01
 2.924682999E+01 1.246240377E+00 2.970916331E-01
 2.924682999E+01 1.254851818E+00 2.962830961E-01
 2.924682999E+01 1.263751268E+00 2.954508364E-01
 2.924683189E+01 1.272948623E+00 2.945942879E-01
 2.924683189E+01 1.282453656E+00 2.937130034E-01
 2.924683189E+01 1.292277098E+00 2.928064167E-01
 2.924683189E+01 1.302429676E+00 2.918741107E-01
 2.924683189E+01 1.312922716E+00 2.909156084E-01
 2.924683189E+01 1.323767543E+00 2.899305224E-01
 2.924683189E+01 1.334976077E+00 2.889184654E-01
 2.924683189E+01 1.346561074E+00 2.878790498E-01
 2.924683189E+01 1.358534694E+00 2.868120372E-01
 2.924683189E+01 1.370910645E+00 2.857171297E-01
 2.924683189E+01 1.383702397E+00 2.845942080E-01
 2.924683189E+01 1.396924019E+00 2.834431529E-01
 2.924683189E+01 1.410590172E+00 2.822639644E-01
 2.924683189E+01 1.424715996E+00 2.810567617E-01
 2.924683189E+01 1.439316869E+00 2.798218131E-01
 2.924683189E+01 1.454409003E+00 2.785594463E-01
 2.924683189E+01 1.470009208E+00 2.772702575E-01
 2.924683189E+01 1.486134648E+00 2.759550214E-01
 2.924683189E+01 1.502803087E+00 2.746147513E-01
 2.924683189E+01 1.520033002E+00 2.732507586E-01
 2.924683189E+01 1.537843466E+00 2.718646824E-01
 2.924683189E+01 1.556254268E+00 2.704585791E-01
 2.924683189E+01 1.575285554E+00 2.690349519E-01
 2.924683189E+01 1.594958425E+00 2.675970495E-01
 2.924683189E+01 1.615294933E+00 2.661486268E-01
 2.924683189E+01 1.636317134E+00 2.646945417E-01
 2.924683189E+01 1.658048749E+00 2.632406950E-01
 2.924683189E+01 1.680513620E+00 2.617945373E-01
 2.924683189E+01 1.703736663E+00 2.603654265E-01
 2.924683380E+01 1.727743626E+00 2.589654624E-01
 2.924683380E+01 1.752561212E+00 2.576104999E-01
 2.924683380E+01 1.778216839E+00 2.563226819E-01
 2.924683380E+01 1.804738879E+00 2.551350892E-01
 2.924683380E+01 1.832156897E+00 2.541047335E-01
 2.924683380E+01 1.860501170E+00 2.533255816E-01
 2.924683380E+01 1.889803410E+00 2.528874278E-01
 2.924683380E+01 1.920095921E+00 2.527471483E-01
 2.924683380E+01 1.951412439E+00 2.527338564E-01
 2.924683380E+01 1.983787656E+00 2.527354062E-01
 2.924683380E+01 2.017257452E+00 2.527363002E-01
 2.924683380E+01 2.051859379E+00 2.527373135E-01
 2.924683380E+01 2.087631702E+00 2.527383268E-01
 2.924683380E+01 2.124613762E+00 2.527393401E-01
 2.924683380E+01 2.162847519E+00 2.527404726E-01
 2.924683571E+01 2.202374935E+00 2.527415454E-01
 2.924683571E+01 2.243240118E+00 2.527427375E-01
 2.924683571E+01 2.285488605E+00 2.527439296E-01
 2.924683571E+01 2.329167604E+00 2.527452111E-01
 2.924683571E+01 2.374325275E+00 2.527464330E-01
 2.924683571E+01 2.421012402E+00 2.527477741E-01
 2.924683571E+01 2.469280958E+00 2.527491450E-01
 2.924683571E+01 2.519184351E+00 2.527506053E-01
 2.924683571E+01 2.570778847E+00 2.527520359E-01
 2.924683571E+01 2.624121666E+00 2.527535260E-01
 2.924683762E+01 2.679272413E+00 2.527551353E-01
 2.924683762E+01 2.736292362E+00 2.527567148E-01
 2.924683762E+01 2.795245886E+00 2.527583539E-01
 2.924683762E+01 2.856198311E+00 2.527600825E-01
 2.924683762E+01 2.919217825E+00 2.527618408E-01
 2.924683762E+01 2.984375238E+00 2.527636588E-01
 2.924683762E+01 3.051743031E+00 2.527655363E-01
 2.924683762E+01 3.121397018E+00 2.527674735E-01
 2.924683952E+01 3.193414927E+00 2.527694404E-01
 2.924683952E+01 3.267877340E+00 2.527714968E-01
 2.924683952E+01 3.344867945E+00 2.527735829E-01
 2.924683952E+01 3.424473286E+00 2.527757287E-01
 2.924683952E+01 3.506781816E+00 2.527779639E-01
 2.924683952E+01 3.591886997E+00 2.527802587E-01
 2.924684143E+01 3.679883957E+00 2.527826428E-01
 2.924684143E+01 3.770871401E+00 2.527850568E-01
 2.924684143E+01 3.864952087E+00 2.527875602E-01
 2.924684143E+01 3.962231159E+00 2.527900934E-01
 2.924684143E+01 4.062819004E+00 2.527927160E-01
 2.924684334E+01 4.166828156E+00 2.527954280E-01
 2.924684334E+01 4.274375916E+00 2.527982295E-01
 2.924684334E+01 4.385583878E+00 2.528010607E-01
 2.924684334E+01 4.500577450E+00 2.528040111E-01
 2.924684525E+01 4.619486809E+00 2.528069913E-01
 2.924684525E+01 4.742445469E+00 2.528100610E-01
 2.924684525E+01 4.869592667E+00 2.528132200E-01
 2.924684525E+01 5.001072884E+00 2.528164685E-01
 2.924684715E+01 5.137034893E+00 2.528197467E-01
 2.924684715E+01 5.277632236E+00 2.528231740E-01
 2.924684715E+01 5.423024654E+00 2.528266311E-01
 2.924684715E+01 5.573377132E+00 2.528301775E-01
 2.924684906E+01 5.728860378E+00 2.528338432E-01
 2.924684906E+01 5.889651299E+00 2.528375387E-01
 2.924684906E+01 6.055932522E+00 2.528413236E-01
 2.924685097E+01 6.227894306E+00 2.528451681E-01
 2.924685097E+01 6.405731678E+00 2.528491318E-01
 2.924685097E+01 6.589647770E+00 2.528531849E-01
 2.924685287E+01 6.779852867E+00 2.528572977E-01
 2.924685287E+01 6.976564407E+00 2.528614700E-01
 2.924685287E+01 7.180006981E+00 2.528657615E-01
 2.924685478E+01 7.390414238E+00 2.528701425E-01
 2.924685478E+01 7.608026981E+00 2.528745234E-01
 2.924685669E+01 7.833095074E+00 2.528790236E-01
 2.924685669E+01 8.065877914E+00 2.528836131E-01
 2.924685669E+01 8.306641579E+00 2.528882325E-01
 2.924685860E+01 8.555665016E+00 2.528929710E-01
 2.924685860E+01 8.813235283E+00 2.528977394E-01
 2.924686050E+01 9.079649925E+00 2.529025674E-01
 2.924686050E+01 9.355215073E+00 2.529074848E-01
 2.924686241E+01 9.640253067E+00 2.529124320E-01
 2.924686241E+01 9.935091972E+00 2.529174089E-01
 2.924686432E+01 1.024007607E+01 2.529224455E-01
 2.924686432E+01 1.055555820E+01 2.529275119E-01
 2.924686623E+01 1.088190651E+01 2.529326081E-01
 2.924686623E+01 1.121950340E+01 2.529377937E-01
 2.924686813E+01 1.156874180E+01 2.529429793E-01
 2.924686813E+01 1.193003178E+01 2.529481649E-01
 2.924687004E+01 1.230379677E+01 2.529533505E-01
 2.924687004E+01 1.269047642E+01 2.529585958E-01
 2.924687195E+01 1.309052658E+01 2.529637814E-01
 2.924687195E+01 1.350441933E+01 2.529689968E-01
 2.924687386E+01 1.393264294E+01 2.529741824E-01
 2.924687576E+01 1.437570858E+01 2.529793084E-01
 2.924687576E+01 1.483413982E+01 2.529844344E-01
 2.924687767E+01 1.530848598E+01 2.529895008E-01
 2.924687767E+01 1.579931355E+01 2.529945076E-01
 2.924687958E+01 1.630721092E+01 2.529994547E-01
 2.924688148E+01 1.683278847E+01 2.530043125E-01
 2.924688148E+01 1.737668228E+01 2.530091107E-01
 2.924688339E+01 1.793955040E+01 2.530138195E-01
 2.924688530E+01 1.852207756E+01 2.530184090E-01
 2.924688530E+01 1.912497330E+01 2.530228794E-01
 2.924688721E+01 1.974898148E+01 2.530272305E-01
 2.924688721E+01 2.039486694E+01 2.530314028E-01
 2.924688911E+01 2.106342888E+01 2.530354857E-01
 2.924689102E+01 2.175550270E+01 2.530393600E-01
 2.924689102E+01 2.247195435E+01 2.530430853E-01
 2.924689293E+01 2.321368217E+01 2.530466318E-01
 2.924689484E+01 2.398162651E+01 2.530499697E-01
 2.924689484E+01 2.477676964E+01 2.530531287E-01
 2.924689674E+01 2.560013199E+01 2.530560493E-01
 2.924689865E+01 2.645277977E+01 2.530587912E-01
 2.924689865E+01 2.733582878E+01 2.530612946E-01
 2.924690056E+01 2.825044060E+01 2.530635595E-01
 2.924690056E+01 2.919783592E+01 2.530656457E-01
 2.924690247E+01 3.017928505E+01 2.530674338E-01
 2.924690437E+01 3.119612694E+01 2.530689538E-01
 2.924690437E+01 3.224975967E+01 2.530702651E-01
 2.924690628E+01 3.334165573E+01 2.530712783E-01
 2.924690628E+01 3.447335434E+01 2.530721128E-01
 2.924690628E+01 3.564648056E+01 2.530726492E-01
 2.924690819E+01 3.686274338E+01 2.530729473E-01
 2.924690819E+01 3.812394714E+01 2.530729771E-01
 2.924690819E+01 3.943199921E+01 2.530727386E-01
 2.924691010E+01 4.078890228E+01 2.530722916E-01
 2.924691010E+01 4.219678879E+01 2.530716062E-01
 2.924691010E+01 4.365792465E+01 2.530706823E-01
 2.924691010E+01 4.517469406E+01 2.530695200E-01
 2.924691010E+01 4.674965286E+01 2.530681789E-01
 2.924691010E+01 4.838551331E+01 2.530666292E-01
 2.924690819E+01 5.008517838E+01 2.530648708E-01
 2.924690819E+01 5.185173416E+01 2.530629933E-01
 2.924690628E+01 5.368849564E+01 2.530608773E-01
 2.924690628E+01 5.559900665E+01 2.530586720E-01
 2.924690437E+01 5.758708191E+01 2.530563474E-01
 2.924690247E+01 5.965679169E+01 2.530539334E-01
 2.924689865E+01 6.181252670E+01 2.530514598E-01
 2.924689674E+01 6.405897522E+01 2.530488968E-01
 2.924689293E+01 6.640118408E+01 2.530463040E-01
 2.924688721E+01 6.884449768E+01 2.530437410E-01
 2.924688339E+01 7.139461517E+01 2.530412078E-01
 2.924687767E+01 7.405745697E+01 2.530387640E-01
 2.924687004E+01 7.683917236E+01 2.530364096E-01
 2.924686432E+01 7.974582672E+01 2.530341744E-01
 2.924685478E+01 8.278316498E+01 2.530321777E-01
 2.924684715E+01 8.595601654E+01 2.530304193E-01
 2.924683952E+01 8.926735687E+01 2.530288994E-01
 2.924683189E+01 9.271705627E+01 2.530278265E-01
 2.924682617E+01 9.629940033E+01 2.530270219E-01
 2.924682617E+01 1.000000000E+02 2.530267537E-01
ZONE T="FUN3D"
 2.924679947E+01 1.705560018E-03 4.077219963E-01
 2.924679947E+01 5.302910227E-03 4.077149928E-01
 2.924679947E+01 9.233079851E-03 4.077000022E-01
 2.924679947E+01 1.342379954E-02 4.076740146E-01
 2.924679947E+01 1.781780086E-02 4.076370001E-01
 2.924679947E+01 2.237080038E-02 4.075869918E-01
 2.924679947E+01 2.704959922E-02 4.075250030E-01
 2.924679947E+01 3.182940185E-02 4.074499905E-01
 2.924679947E+01 3.669169918E-02 4.073610008E-01
 2.924679947E+01 4.162279889E-02 4.072580040E-01
 2.924679947E+01 4.661240056E-02 4.071420133E-01
 2.924679947E+01 5.165249854E-02 4.070119858E-01
 2.924679947E+01 5.673699826E-02 4.068680108E-01
 2.924679947E+01 6.186119840E-02 4.067110121E-01
 2.924679947E+01 6.702119857E-02 4.065409899E-01
 2.924679947E+01 7.221390307E-02 4.063580036E-01
 2.924679947E+01 7.743660361E-02 4.061619937E-01
 2.924679947E+01 8.268710226E-02 4.059529901E-01
 2.924679947E+01 8.796349913E-02 4.057320058E-01
 2.924679947E+01 9.326410294E-02 4.054990113E-01
 2.924679947E+01 9.858749807E-02 4.052540064E-01
 2.924679947E+01 1.039320007E-01 4.049980044E-01
 2.924679947E+01 1.092969999E-01 4.047310054E-01
 2.924679947E+01 1.146809980E-01 4.044539928E-01
 2.924679947E+01 1.200819984E-01 4.041660130E-01
 2.924679947E+01 1.255010068E-01 4.038679898E-01
 2.924679947E+01 1.309349984E-01 4.035600126E-01
 2.924679947E+01 1.363849938E-01 4.032430053E-01
 2.924679947E+01 1.418489963E-01 4.029169977E-01
 2.924679947E+01 1.473270059E-01 4.025819898E-01
 2.924679947E+01 1.528179944E-01 4.022389948E-01
 2.924679947E+01 1.583220065E-01 4.018880129E-01
 2.924679947E+01 1.638360023E-01 4.015280008E-01
 2.924679947E+01 1.693619937E-01 4.011609852E-01
 2.924679947E+01 1.748989969E-01 4.007869959E-01
 2.924679947E+01 1.804450005E-01 4.004049897E-01
 2.924679947E+01 1.860010028E-01 4.000169933E-01
 2.924679947E+01 1.915660053E-01 3.996219933E-01
 2.924679947E+01 1.971389949E-01 3.992210031E-01
 2.924679947E+01 2.027209997E-01 3.988130093E-01
 2.924679947E+01 2.083099931E-01 3.983989954E-01
 2.924679947E+01 2.139060050E-01 3.979800045E-01
 2.924679947E+01 2.195090055E-01 3.975549936E-01
 2.924679947E+01 2.251179963E-01 3.971239924E-01
 2.924679947E+01 2.307330072E-01 3.966880143E-01
 2.924679947E+01 2.363539934E-01 3.962480128E-01
 2.924679947E+01 2.419809997E-01 3.958019912E-01
 2.924679947E+01 2.476119995E-01 3.953520060E-01
 2.924679947E+01 2.532480061E-01 3.948960006E-01
 2.924679947E+01 2.588880062E-01 3.944369853E-01
 2.924679947E+01 2.645330131E-01 3.939729929E-01
 2.924679947E+01 2.701810002E-01 3.935050070E-01
 2.924679947E+01 2.758330107E-01 3.930329978E-01
 2.924679947E+01 2.814880013E-01 3.925569952E-01
 2.924679947E+01 2.871460021E-01 3.920780122E-01
 2.924679947E+01 2.928070128E-01 3.915950060E-01
 2.924679947E+01 2.984710038E-01 3.911080062E-01
 2.924679947E+01 3.041360080E-01 3.906179965E-01
 2.924679947E+01 3.098039925E-01 3.901239932E-01
 2.924679947E+01 3.154740036E-01 3.896270096E-01
 2.924679947E+01 3.211449981E-01 3.891279995E-01
 2.924679947E+01 3.268179893E-01 3.886249959E-01
 2.924679947E+01 3.324919939E-01 3.881190121E-01
 2.924679947E+01 3.381659985E-01 3.876110017E-01
 2.924679947E+01 3.438419998E-01 3.870989978E-01
 2.924679947E+01 3.495190144E-01 3.865849972E-01
 2.924679947E+01 3.551949859E-01 3.860689998E-01
 2.924679947E+01 3.608730137E-01 3.855499923E-01
 2.924679947E+01 3.665499985E-01 3.850289881E-01
 2.924679947E+01 3.722270131E-01 3.845059872E-01
 2.924679947E+01 3.779039979E-01 3.839800060E-01
 2.924679947E+01 3.835810125E-01 3.834519982E-01
 2.924679947E+01 3.892570138E-01 3.829219937E-01
 2.924679947E+01 3.949329853E-01 3.823899925E-01
 2.924679947E+01 4.006069899E-01 3.818559945E-01
 2.924679947E+01 4.062809944E-01 3.813210130E-01
 2.924679947E+01 4.119539857E-01 3.807829916E-01
 2.924679947E+01 4.176250100E-01 3.802439868E-01
 2.924679947E+01 4.232949913E-01 3.797029853E-01
 2.924679947E+01 4.289639890E-01 3.791610003E-01
 2.924679947E+01 4.346309900E-01 3.786169887E-01
 2.924679947E+01 4.402959943E-01 3.780710101E-01
 2.924679947E+01 4.459599853E-01 3.775239885E-01
 2.924679947E+01 4.516209960E-01 3.769760132E-01
 2.924679947E+01 4.572809935E-01 3.764260113E-01
 2.924679947E+01 4.629380107E-01 3.758760095E-01
 2.924679947E+01 4.685930014E-01 3.753240108E-01
 2.924679947E+01 4.742459953E-01 3.747699857E-01
 2.924679947E+01 4.798960090E-01 3.742159903E-01
 2.924679947E+01 4.855430126E-01 3.736610115E-01
 2.924679947E+01 4.911879897E-01 3.731040061E-01
 2.924679947E+01 4.968299866E-01 3.725470006E-01
 2.924679947E+01 5.024690032E-01 3.719890118E-01
 2.924679947E+01 5.081049800E-01 3.714300096E-01
 2.924679947E+01 5.137379766E-01 3.708699942E-01
 2.924679947E+01 5.193669796E-01 3.703089952E-01
 2.924679947E+01 5.249940157E-01 3.697479963E-01
 2.924679947E+01 5.306169987E-01 3.691860139E-01
 2.924679947E+01 5.362370014E-01 3.686229885E-01
 2.924679947E+01 5.418530107E-01 3.680599928E-01
 2.924679947E+01 5.474650264E-01 3.674960136E-01
 2.924679947E+01 5.530740023E-01 3.669320047E-01
 2.924679947E+01 5.586789846E-01 3.663670123E-01
 2.924679947E+01 5.642799735E-01 3.658010066E-01
 2.924679947E+01 5.698779821E-01 3.652360141E-01
 2.924679947E+01 5.754709840E-01 3.646700084E-01
 2.924679947E+01 5.810599923E-01 3.641029894E-01
 2.924679947E+01 5.866450071E-01 3.635360003E-01
 2.924679947E+01 5.922260284E-01 3.629690111E-01
 2.924679947E+01 5.978029966E-01 3.624019921E-01
 2.924679947E+01 6.033750176E-01 3.618350029E-01
 2.924679947E+01 6.089429855E-01 3.612670004E-01
 2.924679947E+01 6.145060062E-01 3.606989980E-01
 2.924679947E+01 6.200649738E-01 3.601309955E-01
 2.924679947E+01 6.256200075E-01 3.595629930E-01
 2.924679947E+01 6.311690211E-01 3.589949906E-01
 2.924679947E+01 6.367139816E-01 3.584269881E-01
 2.924679947E+01 6.422539949E-01 3.578589857E-01
 2.924679947E+01 6.477900147E-01 3.572910130E-01
 2.924679947E+01 6.533200145E-01 3.567230105E-01
 2.924679947E+01 6.588460207E-01 3.561550081E-01
 2.924679947E+01 6.643660069E-01 3.555870056E-01
 2.924679947E+01 6.698819995E-01 3.550199866E-01
 2.924679947E+01 6.753919721E-01 3.544529974E-01
 2.924679947E+01 6.808969975E-01 3.538849950E-01
 2.924679947E+01 6.863970160E-01 3.533180058E-01
 2.924679947E+01 6.918920279E-01 3.527520001E-01
 2.924679947E+01 6.973429918E-01 3.521890044E-01
 2.924679947E+01 7.027149796E-01 3.516350091E-01
 2.924679947E+01 7.080069780E-01 3.510879874E-01
 2.924679947E+01 7.132210135E-01 3.505499959E-01
 2.924679947E+01 7.183589935E-01 3.500190079E-01
 2.924679947E+01 7.234209776E-01 3.494949937E-01
 2.924679947E+01 7.284079790E-01 3.489800096E-01
 2.924679947E+01 7.333220243E-01 3.484719992E-01
 2.924679947E+01 7.381629944E-01 3.479709923E-01
 2.924679947E+01 7.429320216E-01 3.474769890E-01
 2.924679947E+01 7.476310134E-01 3.469910026E-01
 2.924679947E+01 7.522600293E-01 3.465119898E-01
 2.924679947E+01 7.568200231E-01 3.460400105E-01
 2.924679947E+01 7.613130212E-01 3.455750048E-01
 2.924679947E+01 7.657390237E-01 3.451170027E-01
 2.924679947E+01 7.700999975E-01 3.446660042E-01
 2.924679947E+01 7.743949890E-01 3.442209959E-01
 2.924679947E+01 7.786269784E-01 3.437829912E-01
 2.924679947E+01 7.827960253E-01 3.433510065E-01
 2.924679947E+01 7.869020104E-01 3.429259956E-01
 2.924679947E+01 7.909470201E-01 3.425079882E-01
 2.924679947E+01 7.949320078E-01 3.420949876E-01
 2.924679947E+01 7.988579869E-01 3.416889906E-01
 2.924679947E+01 8.027240038E-01 3.412890136E-01
 2.924679947E+01 8.065329790E-01 3.408949971E-01
 2.924679947E+01 8.102849722E-01 3.405059874E-01
 2.924679947E+01 8.139809966E-01 3.401240110E-01
 2.924679947E+01 8.176209927E-01 3.397479951E-01
 2.924679947E+01 8.212069869E-01 3.393769860E-01
 2.924679947E+01 8.247389793E-01 3.390110135E-01
 2.924679947E+01 8.282179832E-01 3.386520147E-01
 2.924679947E+01 8.316450119E-01 3.382979929E-01
 2.924679947E+01 8.350200057E-01 3.379490077E-01
 2.924679947E+01 8.383439779E-01 3.376049995E-01
 2.924679947E+01 8.416180015E-01 3.372670114E-01
 2.924679947E+01 8.448429704E-01 3.369340003E-01
 2.924679947E+01 8.480200171E-01 3.366059959E-01
 2.924679947E+01 8.511480093E-01 3.362829983E-01
 2.924679947E+01 8.542289734E-01 3.359650075E-01
 2.924679947E+01 8.572639823E-01 3.356519938E-01
 2.924679947E+01 8.602520227E-01 3.353430033E-01
 2.924679947E+01 8.631960154E-01 3.350400031E-01
 2.924679947E+01 8.660950065E-01 3.347409964E-01
 2.924679947E+01 8.689500093E-01 3.344460130E-01
 2.924679947E+01 8.717619777E-01 3.341560066E-01
 2.924679947E+01 8.745309711E-01 3.338710070E-01
 2.924679947E+01 8.772580028E-01 3.335900009E-01
 2.924679947E+01 8.799430132E-01 3.333129883E-01
 2.924679947E+01 8.825880289E-01 3.330410123E-01
 2.924679947E+01 8.851919770E-01 3.327730000E-01
 2.924679947E+01 8.877570033E-01 3.325090110E-01
 2.924679947E+01 8.902829885E-01 3.322489858E-01
 2.924679947E+01 8.927699924E-01 3.319930136E-01
 2.924679947E+01 8.952190280E-01 3.317410052E-01
 2.924679947E+01 8.976309896E-01 3.314929903E-01
 2.924679947E+01 9.000059962E-01 3.312489986E-01
 2.924679947E+01 9.023450017E-01 3.310090005E-01
 2.924679947E+01 9.046480060E-01 3.307720125E-01
 2.924679947E+01 9.069150090E-01 3.305389881E-01
 2.924679947E+01 9.091479778E-01 3.303099871E-01
 2.924679947E+01 9.113460183E-01 3.300839961E-01
 2.924679947E+01 9.135109782E-01 3.298619986E-01
 2.924679947E+01 9.156429768E-01 3.296430111E-01
 2.924679947E+01 9.177420139E-01 3.294279873E-01
 2.924679947E+01 9.198079705E-01 3.292160034E-01
 2.924679947E+01 9.218429923E-01 3.290080130E-01
 2.924679947E+01 9.238460064E-01 3.288019896E-01
 2.924679947E+01 9.258180261E-01 3.285999894E-01
 2.924679947E+01 9.277600050E-01 3.284009993E-01
 2.924679947E+01 9.296720028E-01 3.282049894E-01
 2.924679947E+01 9.315540195E-01 3.280130029E-01
 2.924679947E+01 9.334070086E-01 3.278230131E-01
 2.924679947E+01 9.352319837E-01 3.276360035E-01
 2.924679947E+01 9.370279908E-01 3.274529874E-01
 2.924679947E+01 9.387959838E-01 3.272719979E-01
 2.924679947E+01 9.405369759E-01 3.270939887E-01
 2.924679947E+01 9.422510266E-01 3.269180059E-01
 2.924679947E+01 9.439380169E-01 3.267459869E-01
 2.924679947E+01 9.455990195E-01 3.265759945E-01
 2.924679947E+01 9.472339749E-01 3.264090121E-01
 2.924679947E+01 9.488430023E-01 3.262450099E-01
 2.924679947E+01 9.504269958E-01 3.260830045E-01
 2.924679947E+01 9.519870281E-01 3.259240091E-01
 2.924679947E+01 9.535220265E-01 3.257670105E-01
 2.924679947E+01 9.550330043E-01 3.256129920E-01
 2.924679947E+01 9.565209746E-01 3.254610002E-01
 2.924679947E+01 9.579849839E-01 3.253119886E-01
 2.924679947E+01 9.594259858E-01 3.251650035E-01
 2.924679947E+01 9.608449936E-01 3.250209987E-01
 2.924679947E+01 9.622409940E-01 3.248780072E-01
 2.924679947E+01 9.636150002E-01 3.247379959E-01
 2.924679947E+01 9.649680257E-01 3.246000111E-01
 2.924679947E+01 9.662989974E-01 3.244650066E-01
 2.924679947E+01 9.676089883E-01 3.243319988E-01
 2.924679947E+01 9.688990116E-01 3.242000043E-01
 2.924679947E+01 9.701679945E-01 3.240709901E-01
 2.924679947E+01 9.714170098E-01 3.239440024E-01
 2.924679947E+01 9.726459980E-01 3.238190114E-01
 2.924679947E+01 9.738550186E-01 3.236959875E-01
 2.924679947E+01 9.750459790E-01 3.235749900E-01
 2.924679947E+01 9.762169719E-01 3.234559894E-01
 2.924679947E+01 9.773700237E-01 3.233389854E-01
 2.924679947E+01 9.785050154E-01 3.232229948E-01
 2.924679947E+01 9.796209931E-01 3.231100142E-01
 2.924679947E+01 9.807199836E-01 3.229979873E-01
 2.924679947E+01 9.818009734E-01 3.228879869E-01
 2.924679947E+01 9.828640223E-01 3.227800131E-01
 2.924679947E+01 9.839109778E-01 3.226740062E-01
 2.924679947E+01 9.849410057E-01 3.225699961E-01
 2.924679947E+01 9.859539866E-01 3.224669993E-01
 2.924679947E+01 9.869509935E-01 3.223659992E-01
 2.924679947E+01 9.879310131E-01 3.222660124E-01
 2.924679947E+01 9.888970256E-01 3.221679926E-01
 2.924679947E+01 9.898459911E-01 3.220719993E-01
 2.924679947E+01 9.907799959E-01 3.219769895E-01
 2.924679947E+01 9.916989803E-01 3.218840063E-01
 2.924679947E+01 9.926030040E-01 3.217920065E-01
 2.924679947E+01 9.934920073E-01 3.217020035E-01
 2.924679947E+01 9.943670034E-01 3.216139972E-01
 2.924679947E+01 9.952279925E-01 3.215259910E-01
 2.924679947E+01 9.960749745E-01 3.214409947E-01
 2.924679947E+01 9.969069958E-01 3.213559985E-01
 2.924679947E+01 9.977269769E-01 3.212729990E-01
 2.924679947E+01 9.985319972E-01 3.211919963E-01
 2.924679947E+01 9.993249774E-01 3.211120069E-01
 2.924679947E+01 1.000100017E+00 3.210330009E-01
 2.924679947E+01 1.000869989E+00 3.209550083E-01
 2.924679947E+01 1.001629949E+00 3.208790123E-01
 2.924679947E+01 1.002370000E+00 3.208039999E-01
 2.924679947E+01 1.003100038E+00 3.207289875E-01
 2.924679947E+01 1.003849983E+00 3.206540048E-01
 2.924679947E+01 1.004609942E+00 3.205760121E-01
 2.924679947E+01 1.005399942E+00 3.204970062E-01
 2.924679947E+01 1.006209970E+00 3.204149902E-01
 2.924679947E+01 1.007040024E+00 3.203310072E-01
 2.924679947E+01 1.007889986E+00 3.202449977E-01
 2.924679947E+01 1.008769989E+00 3.201569915E-01
 2.924679947E+01 1.009670019E+00 3.200660050E-01
 2.924679947E+01 1.010599971E+00 3.199720085E-01
 2.924679947E+01 1.011549950E+00 3.198759854E-01
 2.924679947E+01 1.012529969E+00 3.197770119E-01
 2.924679947E+01 1.013530016E+00 3.196749985E-01
 2.924679947E+01 1.014569998E+00 3.195709884E-01
 2.924679947E+01 1.015640020E+00 3.194630146E-01
 2.924679947E+01 1.016729951E+00 3.193530142E-01
 2.924679947E+01 1.017860055E+00 3.192389905E-01
 2.924679947E+01 1.019019961E+00 3.191219866E-01
 2.924679947E+01 1.020220041E+00 3.190009892E-01
 2.924679947E+01 1.021450043E+00 3.188770115E-01
 2.924679947E+01 1.022719979E+00 3.187490106E-01
 2.924679947E+01 1.024029970E+00 3.186179996E-01
 2.924679947E+01 1.025370002E+00 3.184820116E-01
 2.924679947E+01 1.026759982E+00 3.183430135E-01
 2.924679947E+01 1.028180003E+00 3.181990087E-01
 2.924679947E+01 1.029649973E+00 3.180510104E-01
 2.924679947E+01 1.031170011E+00 3.178989887E-01
 2.924679947E+01 1.032729983E+00 3.177419901E-01
 2.924679947E+01 1.034340024E+00 3.175800145E-01
 2.924679947E+01 1.036000013E+00 3.174130023E-01
 2.924679947E+01 1.037709951E+00 3.172410131E-01
 2.924679947E+01 1.039479971E+00 3.170639873E-01
 2.924679947E+01 1.041290045E+00 3.168820143E-01
 2.924679947E+01 1.043169975E+00 3.166939914E-01
 2.924679947E+01 1.045099974E+00 3.165000081E-01
 2.924679947E+01 1.047099948E+00 3.163000047E-01
 2.924679947E+01 1.049149990E+00 3.160940111E-01
 2.924679947E+01 1.051280022E+00 3.158819973E-01
 2.924679947E+01 1.053460002E+00 3.156630099E-01
 2.924679947E+01 1.055719972E+00 3.154369891E-01
 2.924679947E+01 1.058050036E+00 3.152039945E-01
 2.924679947E+01 1.060459971E+00 3.149639964E-01
 2.924679947E+01 1.062940001E+00 3.147160113E-01
 2.924679947E+01 1.065500021E+00 3.144609928E-01
 2.924679947E+01 1.068140030E+00 3.141970038E-01
 2.924679947E+01 1.070870042E+00 3.139260113E-01
 2.924679947E+01 1.073680043E+00 3.136450052E-01
 2.924679947E+01 1.076589942E+00 3.133560121E-01
 2.924679947E+01 1.079589963E+00 3.130579889E-01
 2.924679947E+01 1.082679987E+00 3.127509952E-01
 2.924679947E+01 1.085880041E+00 3.124330044E-01
 2.924679947E+01 1.089179993E+00 3.121060133E-01
 2.924679947E+01 1.092589974E+00 3.117679954E-01
 2.924679947E+01 1.096109986E+00 3.114199936E-01
 2.924679947E+01 1.099740028E+00 3.110609949E-01
 2.924679947E+01 1.103489995E+00 3.106899858E-01
 2.924679947E+01 1.107370019E+00 3.103080094E-01
 2.924679947E+01 1.111369967E+00 3.099139929E-01
 2.924679947E+01 1.115499973E+00 3.095070124E-01
 2.924679947E+01 1.119770050E+00 3.090870082E-01
 2.924679947E+01 1.124179959E+00 3.086540103E-01
 2.924679947E+01 1.128739953E+00 3.082079887E-01
 2.924679947E+01 1.133440018E+00 3.077470064E-01
 2.924679947E+01 1.138299942E+00 3.072719872E-01
 2.924679947E+01 1.143319964E+00 3.067820072E-01
 2.924679947E+01 1.148509979E+00 3.062770069E-01
 2.924679947E+01 1.153869987E+00 3.057560027E-01
 2.924679947E+01 1.159399986E+00 3.052180111E-01
 2.924679947E+01 1.165120006E+00 3.046639860E-01
 2.924679947E+01 1.171030045E+00 3.040930033E-01
 2.924679947E+01 1.177129984E+00 3.035039902E-01
 2.924679947E+01 1.183439970E+00 3.028970063E-01
 2.924679947E+01 1.189949989E+00 3.022710085E-01
 2.924679947E+01 1.196689963E+00 3.016250134E-01
 2.924679947E+01 1.203649998E+00 3.009600043E-01
 2.924679947E+01 1.210839987E+00 3.002749979E-01
 2.924679947E+01 1.218260050E+00 2.995690107E-01
 2.924679947E+01 1.225939989E+00 2.988420129E-01
 2.924679947E+01 1.233880043E+00 2.980920076E-01
 2.924679947E+01 1.242069960E+00 2.973209918E-01
 2.924679947E+01 1.250550032E+00 2.965260148E-01
 2.924679947E+01 1.259299994E+00 2.957080007E-01
 2.924679947E+01 1.268350005E+00 2.948659956E-01
 2.924679947E+01 1.277699947E+00 2.939999998E-01
 2.924679947E+01 1.287359953E+00 2.931089997E-01
 2.924679947E+01 1.297350049E+00 2.921920121E-01
 2.924679947E+01 1.307680011E+00 2.912490070E-01
 2.924679947E+01 1.318339944E+00 2.902800143E-01
 2.924679947E+01 1.329370022E+00 2.892839909E-01
 2.924679947E+01 1.340770006E+00 2.882609963E-01
 2.924679947E+01 1.352550030E+00 2.872110009E-01
 2.924679947E+01 1.364719987E+00 2.861320078E-01
 2.924679947E+01 1.377310038E+00 2.850260139E-01
 2.924679947E+01 1.390310049E+00 2.838920057E-01
 2.924679947E+01 1.403759956E+00 2.827300131E-01
 2.924679947E+01 1.417649984E+00 2.815400064E-01
 2.924679947E+01 1.432019949E+00 2.803219855E-01
 2.924679947E+01 1.446859956E+00 2.790769935E-01
 2.924679947E+01 1.462210059E+00 2.778039873E-01
 2.924679947E+01 1.478070021E+00 2.765049934E-01
 2.924679947E+01 1.494470000E+00 2.751800120E-01
 2.924679947E+01 1.511420012E+00 2.738310099E-01
 2.924679947E+01 1.528939962E+00 2.724600136E-01
 2.924679947E+01 1.547049999E+00 2.710669935E-01
 2.924679947E+01 1.565770030E+00 2.696549892E-01
 2.924679947E+01 1.585119963E+00 2.682279944E-01
 2.924679947E+01 1.605129957E+00 2.667869925E-01
 2.924679947E+01 1.625810027E+00 2.653389871E-01
 2.924679947E+01 1.647179961E+00 2.638880014E-01
 2.924679947E+01 1.669280052E+00 2.624410093E-01
 2.924679947E+01 1.692119956E+00 2.610059977E-01
 2.924679947E+01 1.715739965E+00 2.595939934E-01
 2.924679947E+01 1.740149975E+00 2.582190037E-01
 2.924679947E+01 1.765390038E+00 2.568989992E-01
 2.924679947E+01 1.791479945E+00 2.556619942E-01
 2.924679947E+01 1.818449974E+00 2.545520067E-01
 2.924679947E+01 1.846330047E+00 2.536480129E-01
 2.924679947E+01 1.875149965E+00 2.530499995E-01
 2.924679947E+01 1.904950023E+00 2.527819872E-01
 2.924679947E+01 1.935750008E+00 2.527230084E-01
 2.924679947E+01 1.967599988E+00 2.527210116E-01
 2.924679947E+01 2.000519991E+00 2.527219951E-01
 2.924679947E+01 2.034559965E+00 2.527230084E-01
 2.924679947E+01 2.069740057E+00 2.527239919E-01
 2.924679947E+01 2.106120110E+00 2.527250051E-01
 2.924679947E+01 2.143729925E+00 2.527270019E-01
 2.924679947E+01 2.182610035E+00 2.527279854E-01
 2.924679947E+01 2.222810030E+00 2.527289987E-01
 2.924679947E+01 2.264359951E+00 2.527300119E-01
 2.924679947E+01 2.307329893E+00 2.527320087E-01
 2.924679947E+01 2.351749897E+00 2.527329922E-01
 2.924679947E+01 2.397670031E+00 2.527349889E-01
 2.924679947E+01 2.445149899E+00 2.527360022E-01
 2.924679947E+01 2.494230032E+00 2.527369857E-01
 2.924679947E+01 2.544980049E+00 2.527390122E-01
 2.924679947E+01 2.597450018E+00 2.527410090E-01
 2.924679947E+01 2.651700020E+00 2.527419925E-01
 2.924679947E+01 2.707779884E+00 2.527439892E-01
 2.924679947E+01 2.765769958E+00 2.527459860E-01
 2.924679947E+01 2.825720072E+00 2.527469993E-01
 2.924679947E+01 2.887710094E+00 2.527489960E-01
 2.924679947E+01 2.951790094E+00 2.527509928E-01
 2.924679947E+01 3.018059969E+00 2.527529895E-01
 2.924679947E+01 3.086570024E+00 2.527549863E-01
 2.924679947E+01 3.157399893E+00 2.527570128E-01
 2.924679947E+01 3.230639935E+00 2.527590096E-01
 2.924679947E+01 3.306370020E+00 2.527610064E-01
 2.924679947E+01 3.384670019E+00 2.527630031E-01
 2.924679947E+01 3.465630054E+00 2.527660131E-01
 2.924679947E+01 3.549329996E+00 2.527680099E-01
 2.924679947E+01 3.635879993E+00 2.527700067E-01
 2.924679947E+01 3.725379944E+00 2.527729869E-01
 2.924679947E+01 3.817909956E+00 2.527750134E-01
 2.924679947E+01 3.913589954E+00 2.527779937E-01
 2.924679947E+01 4.012519836E+00 2.527799904E-01
 2.924679947E+01 4.114820004E+00 2.527830005E-01
 2.924679947E+01 4.220600128E+00 2.527860105E-01
 2.924679947E+01 4.329979897E+00 2.527889907E-01
 2.924679947E+01 4.443079948E+00 2.527920008E-01
 2.924679947E+01 4.560029984E+00 2.527950108E-01
 2.924679947E+01 4.680960178E+00 2.527979910E-01
 2.924679947E+01 4.806019783E+00 2.528010011E-01
 2.924679947E+01 4.935329914E+00 2.528040111E-01
 2.924679947E+01 5.069049835E+00 2.528080046E-01
 2.924679947E+01 5.207330227E+00 2.528110147E-01
 2.924679947E+01 5.350329876E+00 2.528139949E-01
 2.924679947E+01 5.498199940E+00 2.528179884E-01
 2.924679947E+01 5.651120186E+00 2.528220117E-01
 2.924679947E+01 5.809249878E+00 2.528249919E-01
 2.924679947E+01 5.972789764E+00 2.528289855E-01
 2.924679947E+01 6.141910076E+00 2.528330088E-01
 2.924679947E+01 6.316810131E+00 2.528370023E-01
 2.924679947E+01 6.497690201E+00 2.528409958E-01
 2.924679947E+01 6.684750080E+00 2.528449893E-01
 2.924679947E+01 6.878200054E+00 2.528490126E-01
 2.924679947E+01 7.078279972E+00 2.528539896E-01
 2.924679947E+01 7.285210133E+00 2.528580129E-01
 2.924679947E+01 7.499219894E+00 2.528629899E-01
 2.924679947E+01 7.720560074E+00 2.528670132E-01
 2.924679947E+01 7.949480057E+00 2.528719902E-01
 2.924679947E+01 8.186260223E+00 2.528760135E-01
 2.924679947E+01 8.431150436E+00 2.528809905E-01
 2.924679947E+01 8.684450150E+00 2.528859973E-01
 2.924679947E+01 8.946439743E+00 2.528910041E-01
 2.924679947E+01 9.217430115E+00 2.528960109E-01
 2.924679947E+01 9.497730255E+00 2.529009879E-01
 2.924679947E+01 9.787670135E+00 2.529059947E-01
 2.924679947E+01 1.008759975E+01 2.529110014E-01
 2.924679947E+01 1.039780045E+01 2.529160082E-01
 2.924679947E+01 1.071870041E+01 2.529209852E-01
 2.924679947E+01 1.105070019E+01 2.529259920E-01
 2.924679947E+01 1.139410019E+01 2.529309988E-01
 2.924679947E+01 1.174940014E+01 2.529369891E-01
 2.924679947E+01 1.211690044E+01 2.529419959E-01
 2.924679947E+01 1.249709988E+01 2.529470026E-01
 2.924679947E+01 1.289050007E+01 2.529529929E-01
 2.924679947E+01 1.329749966E+01 2.529579997E-01
 2.924679947E+01 1.371850014E+01 2.529630065E-01
 2.924679947E+01 1.415419960E+01 2.529680133E-01
 2.924679947E+01 1.460490036E+01 2.529740036E-01
 2.924679947E+01 1.507129955E+01 2.529790103E-01
 2.924679947E+01 1.555389977E+01 2.529839873E-01
 2.924679947E+01 1.605330086E+01 2.529889941E-01
 2.924679947E+01 1.656999969E+01 2.529940009E-01
 2.924679947E+01 1.710470009E+01 2.529990077E-01
 2.924679947E+01 1.765810013E+01 2.530040145E-01
 2.924679947E+01 1.823080063E+01 2.530080080E-01
 2.924679947E+01 1.882349968E+01 2.530130148E-01
 2.924679947E+01 1.943700027E+01 2.530170083E-01
 2.924679947E+01 2.007189941E+01 2.530219853E-01
 2.924679947E+01 2.072909927E+01 2.530260086E-01
 2.924679947E+01 2.140950012E+01 2.530300021E-01
 2.924679947E+01 2.211370087E+01 2.530339956E-01
 2.924679947E+01 2.284280014E+01 2.530379891E-01
 2.924679947E+01 2.359760094E+01 2.530409992E-01
 2.924679947E+01 2.437919998E+01 2.530440092E-01
 2.924679947E+01 2.518840027E+01 2.530480027E-01
 2.924679947E+01 2.602639961E+01 2.530510128E-01
 2.924679947E+01 2.689430046E+01 2.530530095E-01
 2.924679947E+01 2.779310036E+01 2.530559897E-01
 2.924679947E+01 2.872410011E+01 2.530579865E-01
 2.924679947E+01 2.968860054E+01 2.530600131E-01
 2.924679947E+01 3.068770027E+01 2.530620098E-01
 2.924679947E+01 3.172290039E+01 2.530629933E-01
 2.924679947E+01 3.279570007E+01 2.530640066E-01
 2.924679947E+01 3.390750122E+01 2.530649900E-01
 2.924679947E+01 3.505989838E+01 2.530660033E-01
 2.924679947E+01 3.625460052E+01 2.530669868E-01
 2.924679947E+01 3.749330139E+01 2.530669868E-01
 2.924679947E+01 3.877799988E+01 2.530669868E-01
 2.924679947E+01 4.011040115E+01 2.530669868E-01
 2.924679947E+01 4.149280167E+01 2.530660033E-01
 2.924679947E+01 4.292729950E+01 2.530649900E-01
 2.924679947E+01 4.441630173E+01 2.530640066E-01
 2.924679947E+01 4.596220016E+01 2.530629933E-01
 2.924679947E+01 4.756760025E+01 2.530620098E-01
 2.924679947E+01 4.923529816E+01 2.530600131E-01
 2.924679947E+01 5.096849823E+01 2.530579865E-01
 2.924679947E+01 5.277009964E+01 2.530559897E-01
 2.924679947E+01 5.464369965E+01 2.530539930E-01
 2.924679947E+01 5.659299850E+01 2.530519962E-01
 2.924679947E+01 5.862189865E+01 2.530499995E-01
 2.924679947E+01 6.073469925E+01 2.530469894E-01
 2.924679947E+01 6.293569946E+01 2.530449927E-01
 2.924679947E+01 6.523010254E+01 2.530420125E-01
 2.924679947E+01 6.762280273E+01 2.530399859E-01
 2.924679947E+01 7.011959839E+01 2.530370057E-01
 2.924679947E+01 7.272599792E+01 2.530350089E-01
 2.924679947E+01 7.544830322E+01 2.530330122E-01
 2.924679947E+01 7.829250336E+01 2.530300021E-01
 2.924679947E+01 8.126450348E+01 2.530280054E-01
 2.924679947E+01 8.436959839E+01 2.530260086E-01
 2.924679947E+01 8.761170197E+01 2.530249953E-01
 2.924679947E+01 9.099220276E+01 2.530229986E-01
 2.924679947E+01 9.450820160E+01 2.530229986E-01
 2.924679947E+01 9.814969635E+01 2.530219853E-01
