# Planar shear case, k-kL-MEAH2015, x=95.501
VARIABLES = "X"
"Y"
"U Velocity"
ZONE T="CFL3D"
 9.550101471E+01 0.000000000E+00 3.319689035E-01
 9.550101471E+01 3.408005228E-03 3.319686353E-01
 9.550101471E+01 7.532086689E-03 3.319675624E-01
 9.550101471E+01 1.229701098E-02 3.319653869E-01
 9.550101471E+01 1.762626879E-02 3.319617510E-01
 9.550101471E+01 2.345188335E-02 3.319562674E-01
 9.550101471E+01 2.971539460E-02 3.319486976E-01
 9.550101471E+01 3.636940196E-02 3.319386542E-01
 9.550101471E+01 4.337535053E-02 3.319259286E-01
 9.550101471E+01 5.070259795E-02 3.319102228E-01
 9.550101471E+01 5.832638219E-02 3.318913877E-01
 9.550101471E+01 6.622669101E-02 3.318690658E-01
 9.550101471E+01 7.438711077E-02 3.318430781E-01
 9.550101471E+01 8.279412240E-02 3.318132162E-01
 9.550101471E+01 9.143626690E-02 3.317792714E-01
 9.550101471E+01 1.003037915E-01 3.317410350E-01
 9.550101471E+01 1.093881652E-01 3.316983283E-01
 9.550101471E+01 1.186819300E-01 3.316509724E-01
 9.550101471E+01 1.281783730E-01 3.315988183E-01
 9.550101471E+01 1.378714591E-01 3.315416574E-01
 9.550101471E+01 1.477556378E-01 3.314794302E-01
 9.550101471E+01 1.578258425E-01 3.314119875E-01
 9.550101471E+01 1.680773050E-01 3.313391209E-01
 9.550101471E+01 1.785056740E-01 3.312608302E-01
 9.550101471E+01 1.891067624E-01 3.311769366E-01
 9.550101471E+01 1.998767108E-01 3.310874403E-01
 9.550101471E+01 2.108118236E-01 3.309921920E-01
 9.550101471E+01 2.219086140E-01 3.308911920E-01
 9.550101471E+01 2.331637591E-01 3.307843208E-01
 9.550101471E+01 2.445741147E-01 3.306716084E-01
 9.550101471E+01 2.561366260E-01 3.305530548E-01
 9.550101471E+01 2.678484321E-01 3.304284811E-01
 9.550101471E+01 2.797067165E-01 3.302980661E-01
 9.550101471E+01 2.917088866E-01 3.301616907E-01
 9.550101471E+01 3.038523793E-01 3.300194144E-01
 9.550101471E+01 3.161347210E-01 3.298711777E-01
 9.550101471E+01 3.285535276E-01 3.297171593E-01
 9.550101471E+01 3.411065936E-01 3.295571804E-01
 9.550101471E+01 3.537916243E-01 3.293914199E-01
 9.550101471E+01 3.666065633E-01 3.292198777E-01
 9.550101471E+01 3.795493245E-01 3.290425241E-01
 9.550101471E+01 3.926179111E-01 3.288595378E-01
 9.550101471E+01 4.058104753E-01 3.286708295E-01
 9.550101471E+01 4.191250503E-01 3.284765780E-01
 9.550101471E+01 4.325598776E-01 3.282767236E-01
 9.550101471E+01 4.461132288E-01 3.280713856E-01
 9.550101471E+01 4.597833753E-01 3.278606236E-01
 9.550101471E+01 4.735686183E-01 3.276444674E-01
 9.550101471E+01 4.874674082E-01 3.274229467E-01
 9.550101471E+01 5.014781952E-01 3.271962404E-01
 9.550101471E+01 5.155993700E-01 3.269642591E-01
 9.550101471E+01 5.298295617E-01 3.267271817E-01
 9.550101471E+01 5.441672802E-01 3.264850080E-01
 9.550101471E+01 5.586110950E-01 3.262378573E-01
 9.550101471E+01 5.731596351E-01 3.259856999E-01
 9.550101471E+01 5.878115892E-01 3.257286549E-01
 9.550101471E+01 6.025656462E-01 3.254668117E-01
 9.550101471E+01 6.174204946E-01 3.252002001E-01
 9.550101471E+01 6.323748827E-01 3.249289095E-01
 9.550101471E+01 6.474276781E-01 3.246529996E-01
 9.550101471E+01 6.625775695E-01 3.243724704E-01
 9.550101471E+01 6.778234839E-01 3.240873814E-01
 9.550101471E+01 6.931642890E-01 3.237979114E-01
 9.550101471E+01 7.085987926E-01 3.235040307E-01
 9.550101471E+01 7.241259813E-01 3.232058287E-01
 9.550101471E+01 7.397447228E-01 3.229033649E-01
 9.550101471E+01 7.554539442E-01 3.225966394E-01
 9.550101471E+01 7.712527514E-01 3.222858012E-01
 9.550101471E+01 7.871400118E-01 3.219708204E-01
 9.550101471E+01 8.031147718E-01 3.216518164E-01
 9.550101471E+01 8.191761374E-01 3.213288486E-01
 9.550101471E+01 8.353230357E-01 3.210019171E-01
 9.550101471E+01 8.515545726E-01 3.206711411E-01
 9.550101471E+01 8.678699136E-01 3.203365505E-01
 9.550101471E+01 8.842681050E-01 3.199982047E-01
 9.550101471E+01 9.007482529E-01 3.196561038E-01
 9.550101471E+01 9.173095226E-01 3.193103969E-01
 9.550101471E+01 9.339510202E-01 3.189610541E-01
 9.550101471E+01 9.506719112E-01 3.186081946E-01
 9.550101471E+01 9.674714208E-01 3.182518482E-01
 9.550101471E+01 9.843486547E-01 3.178920448E-01
 9.550101471E+01 1.001302958E+00 3.175288141E-01
 9.550101471E+01 1.018333435E+00 3.171623051E-01
 9.550101471E+01 1.035439491E+00 3.167924583E-01
 9.550101471E+01 1.052619934E+00 3.164193928E-01
 9.550101471E+01 1.069874525E+00 3.160431683E-01
 9.550101471E+01 1.087202311E+00 3.156637549E-01
 9.550101471E+01 1.104602575E+00 3.152812719E-01
 9.550101471E+01 1.122074604E+00 3.148957491E-01
 9.550101471E+01 1.139617682E+00 3.145072460E-01
 9.550101471E+01 1.157231212E+00 3.141157925E-01
 9.550101471E+01 1.174914360E+00 3.137214184E-01
 9.550101471E+01 1.192666531E+00 3.133242428E-01
 9.550101471E+01 1.210487247E+00 3.129242659E-01
 9.550101471E+01 1.228375554E+00 3.125215471E-01
 9.550101471E+01 1.246330976E+00 3.121160865E-01
 9.550101471E+01 1.264352918E+00 3.117080033E-01
 9.550101471E+01 1.282440662E+00 3.112973273E-01
 9.550101471E+01 1.300593615E+00 3.108840287E-01
 9.550101471E+01 1.318811297E+00 3.104682565E-01
 9.550101471E+01 1.337092996E+00 3.100500107E-01
 9.550101471E+01 1.355437994E+00 3.096293509E-01
 9.550101471E+01 1.373845935E+00 3.092063069E-01
 9.550101471E+01 1.392316222E+00 3.087809384E-01
 9.550101471E+01 1.410848141E+00 3.083532751E-01
 9.550102234E+01 1.429441214E+00 3.079233766E-01
 9.550102234E+01 1.448094964E+00 3.074913025E-01
 9.550102234E+01 1.466808915E+00 3.070570230E-01
 9.550102234E+01 1.485582232E+00 3.066206574E-01
 9.550102234E+01 1.504414558E+00 3.061822355E-01
 9.550102234E+01 1.523305416E+00 3.057418466E-01
 9.550102234E+01 1.542254210E+00 3.052994311E-01
 9.550102234E+01 1.561260462E+00 3.048551381E-01
 9.550102234E+01 1.580323696E+00 3.044089377E-01
 9.550102234E+01 1.599443316E+00 3.039608896E-01
 9.550102234E+01 1.618618965E+00 3.035110831E-01
 9.550102234E+01 1.637850046E+00 3.030595481E-01
 9.550102234E+01 1.657136202E+00 3.026062846E-01
 9.550102234E+01 1.676476717E+00 3.021513224E-01
 9.550102234E+01 1.695871353E+00 3.016948104E-01
 9.550102234E+01 1.715319753E+00 3.012366891E-01
 9.550102234E+01 1.734821081E+00 3.007771075E-01
 9.550102234E+01 1.754375219E+00 3.003159761E-01
 9.550102234E+01 1.773981452E+00 2.998534441E-01
 9.550102234E+01 1.793639541E+00 2.993895113E-01
 9.550102234E+01 1.813348770E+00 2.989242375E-01
 9.550102234E+01 1.833109260E+00 2.984576821E-01
 9.550102234E+01 1.852920055E+00 2.979908586E-01
 9.550102234E+01 1.872613549E+00 2.975257337E-01
 9.550102234E+01 1.892190099E+00 2.970634103E-01
 9.550102234E+01 1.911649585E+00 2.966038883E-01
 9.550102234E+01 1.930992603E+00 2.961471975E-01
 9.550102234E+01 1.950219035E+00 2.956933379E-01
 9.550102234E+01 1.969329119E+00 2.952423692E-01
 9.550102234E+01 1.988323092E+00 2.947942913E-01
 9.550102234E+01 2.007201195E+00 2.943491042E-01
 9.550102234E+01 2.025963545E+00 2.939068973E-01
 9.550102234E+01 2.044610739E+00 2.934676409E-01
 9.550102234E+01 2.063142776E+00 2.930313349E-01
 9.550102234E+01 2.081559896E+00 2.925980389E-01
 9.550102234E+01 2.099862576E+00 2.921676636E-01
 9.550102234E+01 2.118051052E+00 2.917403579E-01
 9.550102234E+01 2.136125326E+00 2.913160920E-01
 9.550102234E+01 2.154086113E+00 2.908948064E-01
 9.550102234E+01 2.171933651E+00 2.904765904E-01
 9.550102234E+01 2.189667940E+00 2.900614142E-01
 9.550102234E+01 2.207289696E+00 2.896492779E-01
 9.550102234E+01 2.224799156E+00 2.892402411E-01
 9.550102234E+01 2.242196560E+00 2.888342440E-01
 9.550102234E+01 2.259482384E+00 2.884312868E-01
 9.550102234E+01 2.276656866E+00 2.880314291E-01
 9.550102234E+01 2.293720722E+00 2.876346707E-01
 9.550102234E+01 2.310673714E+00 2.872409523E-01
 9.550102234E+01 2.327516794E+00 2.868503034E-01
 9.550102234E+01 2.344250202E+00 2.864627540E-01
 9.550102234E+01 2.360874176E+00 2.860782743E-01
 9.550102234E+01 2.377389193E+00 2.856968641E-01
 9.550102234E+01 2.393795729E+00 2.853184938E-01
 9.550102234E+01 2.410094023E+00 2.849432230E-01
 9.550102234E+01 2.426284790E+00 2.845709920E-01
 9.550102234E+01 2.442368031E+00 2.842018306E-01
 9.550102234E+01 2.458344698E+00 2.838357389E-01
 9.550102234E+01 2.474214792E+00 2.834726274E-01
 9.550102234E+01 2.489978790E+00 2.831126451E-01
 9.550102234E+01 2.505637407E+00 2.827556431E-01
 9.550102234E+01 2.521190882E+00 2.824016511E-01
 9.550102234E+01 2.536639452E+00 2.820507288E-01
 9.550102234E+01 2.551984072E+00 2.817027867E-01
 9.550102234E+01 2.567224979E+00 2.813578248E-01
 9.550102234E+01 2.582362413E+00 2.810159028E-01
 9.550102234E+01 2.597397089E+00 2.806769311E-01
 9.550102234E+01 2.612329483E+00 2.803409696E-01
 9.550102234E+01 2.627159595E+00 2.800079286E-01
 9.550102234E+01 2.641888380E+00 2.796778679E-01
 9.550102234E+01 2.656516314E+00 2.793507278E-01
 9.550102234E+01 2.671043634E+00 2.790265381E-01
 9.550102234E+01 2.685471058E+00 2.787052393E-01
 9.550102234E+01 2.699798822E+00 2.783868611E-01
 9.550102234E+01 2.714027405E+00 2.780713737E-01
 9.550102234E+01 2.728157282E+00 2.777588069E-01
 9.550102234E+01 2.742189169E+00 2.774490714E-01
 9.550102234E+01 2.756123304E+00 2.771421969E-01
 9.550102234E+01 2.769960403E+00 2.768381536E-01
 9.550102234E+01 2.783700705E+00 2.765369713E-01
 9.550102234E+01 2.797344923E+00 2.762385905E-01
 9.550102234E+01 2.810893536E+00 2.759429812E-01
 9.550102234E+01 2.824346781E+00 2.756502032E-01
 9.550102234E+01 2.837705374E+00 2.753601372E-01
 9.550102234E+01 2.850969553E+00 2.750728726E-01
 9.550102234E+01 2.864140272E+00 2.747883499E-01
 9.550102234E+01 2.877217531E+00 2.745065689E-01
 9.550102234E+01 2.890202045E+00 2.742274404E-01
 9.550102234E+01 2.903094530E+00 2.739510834E-01
 9.550102234E+01 2.915894985E+00 2.736773491E-01
 9.550102234E+01 2.928604126E+00 2.734063268E-01
 9.550102234E+01 2.941222429E+00 2.731379271E-01
 9.550102234E+01 2.953750849E+00 2.728721797E-01
 9.550102234E+01 2.966188908E+00 2.726090252E-01
 9.550102234E+01 2.978538275E+00 2.723484933E-01
 9.550102234E+01 2.990798235E+00 2.720905542E-01
 9.550102234E+01 3.002970457E+00 2.718351483E-01
 9.550102234E+01 3.015054464E+00 2.715823352E-01
 9.550102234E+01 3.027051210E+00 2.713320553E-01
 9.550102234E+01 3.038961172E+00 2.710842788E-01
 9.550102234E+01 3.050784826E+00 2.708390355E-01
 9.550102234E+01 3.062522650E+00 2.705962360E-01
 9.550102234E+01 3.074175119E+00 2.703559697E-01
 9.550102234E+01 3.085742950E+00 2.701181173E-01
 9.550102234E+01 3.097225904E+00 2.698827088E-01
 9.550102234E+01 3.108625650E+00 2.696497142E-01
 9.550102234E+01 3.119941473E+00 2.694191635E-01
 9.550102234E+01 3.131174564E+00 2.691909969E-01
 9.550102234E+01 3.142325401E+00 2.689651847E-01
 9.550102234E+01 3.153393984E+00 2.687417269E-01
 9.550102234E+01 3.164381504E+00 2.685205638E-01
 9.550102234E+01 3.175287724E+00 2.683017850E-01
 9.550102234E+01 3.186113596E+00 2.680853009E-01
 9.550102234E+01 3.196859598E+00 2.678711116E-01
 9.550102234E+01 3.207526207E+00 2.676591873E-01
 9.550102234E+01 3.218113661E+00 2.674494684E-01
 9.550102234E+01 3.228622675E+00 2.672420442E-01
 9.550102234E+01 3.239053488E+00 2.670368254E-01
 9.550102234E+01 3.249406815E+00 2.668338418E-01
 9.550102234E+01 3.259682894E+00 2.666330040E-01
 9.550102234E+01 3.269882679E+00 2.664343417E-01
 9.550102234E+01 3.280006170E+00 2.662378550E-01
 9.550102234E+01 3.290054083E+00 2.660434842E-01
 9.550102234E+01 3.300026655E+00 2.658512592E-01
 9.550102234E+01 3.309924603E+00 2.656611204E-01
 9.550102234E+01 3.319748163E+00 2.654730678E-01
 9.550102234E+01 3.329498053E+00 2.652871311E-01
 9.550102234E+01 3.339174509E+00 2.651031911E-01
 9.550102234E+01 3.348778009E+00 2.649213374E-01
 9.550102234E+01 3.358309746E+00 2.647414505E-01
 9.550102234E+01 3.367768764E+00 2.645636201E-01
 9.550102234E+01 3.377156496E+00 2.643877566E-01
 9.550102234E+01 3.386473656E+00 2.642138898E-01
 9.550102234E+01 3.395719767E+00 2.640419602E-01
 9.550102234E+01 3.404896021E+00 2.638719678E-01
 9.550102234E+01 3.414002419E+00 2.637039125E-01
 9.550102234E+01 3.423039913E+00 2.635377944E-01
 9.550102234E+01 3.432008505E+00 2.633735538E-01
 9.550102234E+01 3.440908909E+00 2.632111907E-01
 9.550102234E+01 3.449741364E+00 2.630506754E-01
 9.550102234E+01 3.458506107E+00 2.628920078E-01
 9.550102234E+01 3.467204094E+00 2.627352178E-01
 9.550102234E+01 3.475835800E+00 2.625801861E-01
 9.550102234E+01 3.484401226E+00 2.624270022E-01
 9.550102234E+01 3.492901325E+00 2.622755766E-01
 9.550102234E+01 3.501335621E+00 2.621259689E-01
 9.550102234E+01 3.509705782E+00 2.619780898E-01
 9.550102234E+01 3.518011093E+00 2.618319392E-01
 9.550102234E+01 3.526252747E+00 2.616875172E-01
 9.550102234E+01 3.534430504E+00 2.615447938E-01
 9.550102234E+01 3.542545795E+00 2.614037991E-01
 9.550102234E+01 3.550597906E+00 2.612644434E-01
 9.550102234E+01 3.558588266E+00 2.611264288E-01
 9.550102234E+01 3.566601753E+00 2.609889209E-01
 9.550102234E+01 3.574653387E+00 2.608513832E-01
 9.550102234E+01 3.582746506E+00 2.607137859E-01
 9.550102234E+01 3.590885162E+00 2.605760694E-01
 9.550102234E+01 3.599074841E+00 2.604381442E-01
 9.550102234E+01 3.607318878E+00 2.602999508E-01
 9.550102234E+01 3.615621805E+00 2.601614594E-01
 9.550102234E+01 3.623987913E+00 2.600226402E-01
 9.550102234E+01 3.632421970E+00 2.598834336E-01
 9.550102234E+01 3.640927553E+00 2.597438097E-01
 9.550102234E+01 3.649509192E+00 2.596036792E-01
 9.550102234E+01 3.658171654E+00 2.594630122E-01
 9.550102234E+01 3.666918755E+00 2.593218684E-01
 9.550102234E+01 3.675755262E+00 2.591801286E-01
 9.550102234E+01 3.684684992E+00 2.590377629E-01
 9.550102234E+01 3.693712473E+00 2.588947713E-01
 9.550102234E+01 3.702842951E+00 2.587511241E-01
 9.550102234E+01 3.712080479E+00 2.586067915E-01
 9.550102234E+01 3.721429586E+00 2.584617436E-01
 9.550102234E+01 3.730895042E+00 2.583159804E-01
 9.550102234E+01 3.740481853E+00 2.581694722E-01
 9.550102234E+01 3.750194073E+00 2.580222189E-01
 9.550102234E+01 3.760037184E+00 2.578742504E-01
 9.550102234E+01 3.770015240E+00 2.577255070E-01
 9.550102234E+01 3.780133963E+00 2.575760782E-01
 9.550102234E+01 3.790398359E+00 2.574259043E-01
 9.550102234E+01 3.800812960E+00 2.572749853E-01
 9.550102234E+01 3.811383486E+00 2.571234107E-01
 9.550102234E+01 3.822115660E+00 2.569711804E-01
 9.550102234E+01 3.833013773E+00 2.568182647E-01
 9.550102234E+01 3.844083548E+00 2.566648424E-01
 9.550102234E+01 3.855331182E+00 2.565109134E-01
 9.550102234E+01 3.866761684E+00 2.563565075E-01
 9.550102234E+01 3.878381014E+00 2.562017441E-01
 9.550102234E+01 3.890195131E+00 2.560466826E-01
 9.550102234E+01 3.902209759E+00 2.558915019E-01
 9.550102234E+01 3.914431572E+00 2.557362318E-01
 9.550102234E+01 3.926865816E+00 2.555810213E-01
 9.550102234E+01 3.939519405E+00 2.554261386E-01
 9.550102234E+01 3.952398777E+00 2.552716136E-01
 9.550102234E+01 3.965510130E+00 2.551176846E-01
 9.550102234E+01 3.978860378E+00 2.549647093E-01
 9.550102234E+01 3.992456436E+00 2.548128068E-01
 9.550102234E+01 4.006305218E+00 2.546623051E-01
 9.550102234E+01 4.020412922E+00 2.545135915E-01
 9.550102234E+01 4.034788132E+00 2.543669939E-01
 9.550102234E+01 4.049437046E+00 2.542229593E-01
 9.550102234E+01 4.064368248E+00 2.540819049E-01
 9.550102234E+01 4.079587936E+00 2.539443970E-01
 9.550102234E+01 4.095105648E+00 2.538110316E-01
 9.550102234E+01 4.110928535E+00 2.536824048E-01
 9.550102234E+01 4.127064228E+00 2.535591722E-01
 9.550102234E+01 4.143521786E+00 2.534420788E-01
 9.550102234E+01 4.160309315E+00 2.533318400E-01
 9.550102234E+01 4.177435875E+00 2.532292008E-01
 9.550102234E+01 4.194910049E+00 2.531348169E-01
 9.550102234E+01 4.212740421E+00 2.530493438E-01
 9.550102234E+01 4.230937481E+00 2.529732585E-01
 9.550102234E+01 4.249509335E+00 2.529067993E-01
 9.550102234E+01 4.268465996E+00 2.528500855E-01
 9.550102234E+01 4.287817478E+00 2.528030276E-01
 9.550102234E+01 4.307573318E+00 2.527651191E-01
 9.550102234E+01 4.327744961E+00 2.527356446E-01
 9.550102997E+01 4.348341465E+00 2.527137399E-01
 9.550102997E+01 4.369374275E+00 2.526982427E-01
 9.550102997E+01 4.390854359E+00 2.526880503E-01
 9.550102997E+01 4.412792683E+00 2.526819408E-01
 9.550102997E+01 4.435201168E+00 2.526787221E-01
 9.550102997E+01 4.458090782E+00 2.526775002E-01
 9.550102997E+01 4.481473446E+00 2.526773810E-01
 9.550102997E+01 4.505362034E+00 2.526777983E-01
 9.550102997E+01 4.529768467E+00 2.526783645E-01
 9.550102997E+01 4.554705620E+00 2.526788712E-01
 9.550102997E+01 4.580186844E+00 2.526792586E-01
 9.550102997E+01 4.606224537E+00 2.526794672E-01
 9.550102997E+01 4.632833481E+00 2.526795864E-01
 9.550102997E+01 4.660027027E+00 2.526796460E-01
 9.550102997E+01 4.687819004E+00 2.526796758E-01
 9.550102997E+01 4.716224670E+00 2.526797354E-01
 9.550102997E+01 4.745258331E+00 2.526798248E-01
 9.550102997E+01 4.774935722E+00 2.526798844E-01
 9.550102997E+01 4.805271626E+00 2.526799738E-01
 9.550102997E+01 4.836282730E+00 2.526800632E-01
 9.550102997E+01 4.867985249E+00 2.526800931E-01
 9.550102997E+01 4.900394917E+00 2.526801825E-01
 9.550102997E+01 4.933529854E+00 2.526803017E-01
 9.550102997E+01 4.967407227E+00 2.526803911E-01
 9.550102997E+01 5.002043724E+00 2.526804507E-01
 9.550102997E+01 5.037458897E+00 2.526805401E-01
 9.550102997E+01 5.073670864E+00 2.526806295E-01
 9.550102997E+01 5.110698223E+00 2.526807487E-01
 9.550102997E+01 5.148561478E+00 2.526808381E-01
 9.550102997E+01 5.187279224E+00 2.526809275E-01
 9.550102997E+01 5.226872921E+00 2.526810169E-01
 9.550102997E+01 5.267363071E+00 2.526811361E-01
 9.550102997E+01 5.308770657E+00 2.526812553E-01
 9.550102997E+01 5.351118088E+00 2.526813447E-01
 9.550102997E+01 5.394426823E+00 2.526814640E-01
 9.550102997E+01 5.438720703E+00 2.526815534E-01
 9.550102997E+01 5.484022617E+00 2.526817024E-01
 9.550102997E+01 5.530356407E+00 2.526818216E-01
 9.550102997E+01 5.577746391E+00 2.526819110E-01
 9.550102997E+01 5.626217842E+00 2.526820302E-01
 9.550102997E+01 5.675796509E+00 2.526821792E-01
 9.550102997E+01 5.726508141E+00 2.526822984E-01
 9.550102997E+01 5.778379440E+00 2.526824176E-01
 9.550102997E+01 5.831439018E+00 2.526825666E-01
 9.550102997E+01 5.885713577E+00 2.526826859E-01
 9.550102997E+01 5.941232681E+00 2.526828051E-01
 9.550102997E+01 5.998024940E+00 2.526829541E-01
 9.550102997E+01 6.056121349E+00 2.526831329E-01
 9.550102997E+01 6.115552425E+00 2.526832521E-01
 9.550102997E+01 6.176349640E+00 2.526834011E-01
 9.550102997E+01 6.238544941E+00 2.526835799E-01
 9.550102997E+01 6.302172184E+00 2.526837289E-01
 9.550102997E+01 6.367264271E+00 2.526838779E-01
 9.550102997E+01 6.433856010E+00 2.526840866E-01
 9.550102997E+01 6.501983166E+00 2.526842356E-01
 9.550102997E+01 6.571682453E+00 2.526844442E-01
 9.550102997E+01 6.642989635E+00 2.526845932E-01
 9.550102997E+01 6.715944290E+00 2.526847720E-01
 9.550102997E+01 6.790584087E+00 2.526849508E-01
 9.550102997E+01 6.866949081E+00 2.526851296E-01
 9.550102997E+01 6.945081234E+00 2.526853383E-01
 9.550102997E+01 7.025020599E+00 2.526855469E-01
 9.550102997E+01 7.106811523E+00 2.526857257E-01
 9.550102997E+01 7.190496922E+00 2.526859641E-01
 9.550102997E+01 7.276121616E+00 2.526861727E-01
 9.550102997E+01 7.363732338E+00 2.526864111E-01
 9.550102997E+01 7.453374863E+00 2.526866198E-01
 9.550103760E+01 7.545098782E+00 2.526868582E-01
 9.550103760E+01 7.638952732E+00 2.526870966E-01
 9.550103760E+01 7.734986782E+00 2.526873350E-01
 9.550103760E+01 7.833253860E+00 2.526875436E-01
 9.550103760E+01 7.933805943E+00 2.526878119E-01
 9.550103760E+01 8.036698341E+00 2.526881099E-01
 9.550103760E+01 8.141985893E+00 2.526883483E-01
 9.550103760E+01 8.249726295E+00 2.526886463E-01
 9.550103760E+01 8.359977722E+00 2.526888847E-01
 9.550103760E+01 8.472799301E+00 2.526892126E-01
 9.550103760E+01 8.588253021E+00 2.526895106E-01
 9.550103760E+01 8.706402779E+00 2.526897788E-01
 9.550103760E+01 8.827310562E+00 2.526900768E-01
 9.550103760E+01 8.951045036E+00 2.526904047E-01
 9.550103760E+01 9.077672005E+00 2.526907027E-01
 9.550103760E+01 9.207262039E+00 2.526910305E-01
 9.550103760E+01 9.339884758E+00 2.526913881E-01
 9.550103760E+01 9.475614548E+00 2.526917160E-01
 9.550103760E+01 9.614524841E+00 2.526920736E-01
 9.550103760E+01 9.756692886E+00 2.526924014E-01
 9.550103760E+01 9.902196884E+00 2.526927888E-01
 9.550103760E+01 1.005111790E+01 2.526931763E-01
 9.550103760E+01 1.020353889E+01 2.526935339E-01
 9.550103760E+01 1.035954285E+01 2.526939511E-01
 9.550103760E+01 1.051921749E+01 2.526943684E-01
 9.550103760E+01 1.068265247E+01 2.526947558E-01
 9.550104523E+01 1.084993935E+01 2.526951730E-01
 9.550104523E+01 1.102116966E+01 2.526956201E-01
 9.550104523E+01 1.119644260E+01 2.526960671E-01
 9.550104523E+01 1.137585449E+01 2.526965141E-01
 9.550104523E+01 1.155950832E+01 2.526969910E-01
 9.550104523E+01 1.174750710E+01 2.526974380E-01
 9.550104523E+01 1.193995667E+01 2.526979148E-01
 9.550104523E+01 1.213696861E+01 2.526984215E-01
 9.550104523E+01 1.233865452E+01 2.526989281E-01
 9.550104523E+01 1.254512978E+01 2.526994646E-01
 9.550104523E+01 1.275651360E+01 2.527000010E-01
 9.550104523E+01 1.297292709E+01 2.527005374E-01
 9.550104523E+01 1.319449520E+01 2.527011037E-01
 9.550104523E+01 1.342134762E+01 2.527016699E-01
 9.550104523E+01 1.365361691E+01 2.527022064E-01
 9.550104523E+01 1.389143753E+01 2.527028322E-01
 9.550104523E+01 1.413494968E+01 2.527034581E-01
 9.550104523E+01 1.438429642E+01 2.527040839E-01
 9.550105286E+01 1.463962841E+01 2.527047098E-01
 9.550105286E+01 1.490109348E+01 2.527053654E-01
 9.550105286E+01 1.516885090E+01 2.527060509E-01
 9.550105286E+01 1.544306087E+01 2.527067363E-01
 9.550105286E+01 1.572388935E+01 2.527074218E-01
 9.550105286E+01 1.601150703E+01 2.527081370E-01
 9.550105286E+01 1.630608940E+01 2.527088821E-01
 9.550105286E+01 1.660781670E+01 2.527095973E-01
 9.550105286E+01 1.691687775E+01 2.527103722E-01
 9.550105286E+01 1.723346329E+01 2.527111769E-01
 9.550105286E+01 1.755777168E+01 2.527119815E-01
 9.550105286E+01 1.789000893E+01 2.527127862E-01
 9.550105286E+01 1.823038483E+01 2.527136207E-01
 9.550105286E+01 1.857911873E+01 2.527144849E-01
 9.550106049E+01 1.893643570E+01 2.527153492E-01
 9.550106049E+01 1.930257034E+01 2.527162731E-01
 9.550106049E+01 1.967775917E+01 2.527171671E-01
 9.550106049E+01 2.006225586E+01 2.527181208E-01
 9.550106049E+01 2.045631599E+01 2.527190745E-01
 9.550106049E+01 2.086020470E+01 2.527200282E-01
 9.550106049E+01 2.127420235E+01 2.527210414E-01
 9.550106049E+01 2.169859314E+01 2.527220547E-01
 9.550106049E+01 2.213367653E+01 2.527230978E-01
 9.550106049E+01 2.257975769E+01 2.527241409E-01
 9.550106049E+01 2.303715897E+01 2.527252436E-01
 9.550106049E+01 2.350621414E+01 2.527263761E-01
 9.550106049E+01 2.398727036E+01 2.527274787E-01
 9.550106812E+01 2.448068619E+01 2.527286708E-01
 9.550106812E+01 2.498683929E+01 2.527298033E-01
 9.550106812E+01 2.550612068E+01 2.527310252E-01
 9.550106812E+01 2.603894043E+01 2.527322769E-01
 9.550106812E+01 2.658572388E+01 2.527334988E-01
 9.550106812E+01 2.714692116E+01 2.527347803E-01
 9.550106812E+01 2.772299576E+01 2.527361214E-01
 9.550106812E+01 2.831444168E+01 2.527374327E-01
 9.550106812E+01 2.892177010E+01 2.527387738E-01
 9.550106812E+01 2.954552460E+01 2.527401745E-01
 9.550106812E+01 3.018626976E+01 2.527415752E-01
 9.550106812E+01 3.084460449E+01 2.527430058E-01
 9.550107574E+01 3.152115822E+01 2.527444661E-01
 9.550107574E+01 3.221659851E+01 2.527459562E-01
 9.550107574E+01 3.293162537E+01 2.527474761E-01
 9.550107574E+01 3.366698456E+01 2.527489960E-01
 9.550107574E+01 3.442346573E+01 2.527506053E-01
 9.550107574E+01 3.520190430E+01 2.527521849E-01
 9.550107574E+01 3.600319290E+01 2.527537942E-01
 9.550107574E+01 3.682828140E+01 2.527554631E-01
 9.550107574E+01 3.767818451E+01 2.527571321E-01
 9.550107574E+01 3.855398178E+01 2.527588308E-01
 9.550107574E+01 3.945683289E+01 2.527605593E-01
 9.550107574E+01 4.038798523E+01 2.527623177E-01
 9.550107574E+01 4.134877396E+01 2.527640760E-01
 9.550107574E+01 4.234063721E+01 2.527658641E-01
 9.550107574E+01 4.336513901E+01 2.527677119E-01
 9.550107574E+01 4.442395020E+01 2.527695596E-01
 9.550107574E+01 4.551890945E+01 2.527714074E-01
 9.550107574E+01 4.665198898E+01 2.527732849E-01
 9.550107574E+01 4.782535172E+01 2.527752221E-01
 9.550107574E+01 4.904135895E+01 2.527771294E-01
 9.550107574E+01 5.030258942E+01 2.527790964E-01
 9.550107574E+01 5.161187744E+01 2.527810335E-01
 9.550107574E+01 5.297234344E+01 2.527830005E-01
 9.550107574E+01 5.438742065E+01 2.527849972E-01
 9.550107574E+01 5.586091232E+01 2.527869940E-01
 9.550107574E+01 5.739704132E+01 2.527889609E-01
 9.550107574E+01 5.900048828E+01 2.527909279E-01
 9.550106812E+01 6.067647934E+01 2.527929544E-01
 9.550106812E+01 6.243082809E+01 2.527949214E-01
 9.550106812E+01 6.427005005E+01 2.527968884E-01
 9.550106049E+01 6.620140839E+01 2.527988553E-01
 9.550106049E+01 6.823300934E+01 2.528007627E-01
 9.550106049E+01 7.037388611E+01 2.528026104E-01
 9.550105286E+01 7.263403320E+01 2.528044581E-01
 9.550105286E+01 7.502436066E+01 2.528062165E-01
 9.550104523E+01 7.755661011E+01 2.528078556E-01
 9.550103760E+01 8.024299622E+01 2.528094649E-01
 9.550103760E+01 8.309553528E+01 2.528108656E-01
 9.550102997E+01 8.612479401E+01 2.528120875E-01
 9.550102234E+01 8.933766937E+01 2.528131902E-01
 9.550101471E+01 9.273377991E+01 2.528139651E-01
 9.550101471E+01 9.629962921E+01 2.528144419E-01
 9.550101471E+01 1.000000000E+02 2.528145611E-01
ZONE T="FUN3D"
 9.550099945E+01 1.704000053E-03 3.316830099E-01
 9.550099945E+01 5.470050033E-03 3.316819966E-01
 9.550099945E+01 9.914549999E-03 3.316799998E-01
 9.550099945E+01 1.496160030E-02 3.316769898E-01
 9.550099945E+01 2.053909935E-02 3.316729963E-01
 9.550099945E+01 2.658360079E-02 3.316659927E-01
 9.550099945E+01 3.304240108E-02 3.316580057E-01
 9.550099945E+01 3.987240046E-02 3.316459954E-01
 9.550099945E+01 4.703899845E-02 3.316319883E-01
 9.550099945E+01 5.451450124E-02 3.316150010E-01
 9.550099945E+01 6.227650121E-02 3.315950036E-01
 9.550099945E+01 7.030689716E-02 3.315710127E-01
 9.550099945E+01 7.859060168E-02 3.315429986E-01
 9.550099945E+01 8.711519837E-02 3.315109909E-01
 9.550099945E+01 9.587000310E-02 3.314749897E-01
 9.550099945E+01 1.048460007E-01 3.314349949E-01
 9.550099945E+01 1.140350029E-01 3.313899934E-01
 9.550099945E+01 1.234299988E-01 3.313399851E-01
 9.550099945E+01 1.330250055E-01 3.312860131E-01
 9.550099945E+01 1.428139955E-01 3.312270045E-01
 9.550099945E+01 1.527909935E-01 3.311620057E-01
 9.550099945E+01 1.629520059E-01 3.310920000E-01
 9.550099945E+01 1.732909977E-01 3.310169876E-01
 9.550099945E+01 1.838060021E-01 3.309360147E-01
 9.550099945E+01 1.944919974E-01 3.308500051E-01
 9.550099945E+01 2.053440064E-01 3.307580054E-01
 9.550099945E+01 2.163600028E-01 3.306599855E-01
 9.550099945E+01 2.275359929E-01 3.305560052E-01
 9.550099945E+01 2.388689965E-01 3.304469883E-01
 9.550099945E+01 2.503550053E-01 3.303320110E-01
 9.550099945E+01 2.619920075E-01 3.302100003E-01
 9.550099945E+01 2.737779915E-01 3.300830126E-01
 9.550099945E+01 2.857080102E-01 3.299500048E-01
 9.550099945E+01 2.977809906E-01 3.298119903E-01
 9.550099945E+01 3.099940121E-01 3.296670020E-01
 9.550099945E+01 3.223440051E-01 3.295159936E-01
 9.550099945E+01 3.348299861E-01 3.293600082E-01
 9.550099945E+01 3.474490047E-01 3.291969895E-01
 9.550099945E+01 3.601990044E-01 3.290289938E-01
 9.550099945E+01 3.730779886E-01 3.288550079E-01
 9.550099945E+01 3.860839903E-01 3.286759853E-01
 9.550099945E+01 3.992139995E-01 3.284899890E-01
 9.550099945E+01 4.124679863E-01 3.282989860E-01
 9.550099945E+01 4.258419871E-01 3.281030059E-01
 9.550099945E+01 4.393360019E-01 3.279010057E-01
 9.550099945E+01 4.529480040E-01 3.276939988E-01
 9.550099945E+01 4.666759968E-01 3.274810016E-01
 9.550099945E+01 4.805180132E-01 3.272629976E-01
 9.550099945E+01 4.944730103E-01 3.270390034E-01
 9.550099945E+01 5.085390210E-01 3.268100023E-01
 9.550099945E+01 5.227140188E-01 3.265770078E-01
 9.550099945E+01 5.369979739E-01 3.263379931E-01
 9.550099945E+01 5.513889790E-01 3.260940015E-01
 9.550099945E+01 5.658850074E-01 3.258450031E-01
 9.550099945E+01 5.804859996E-01 3.255909979E-01
 9.550099945E+01 5.951880217E-01 3.253319860E-01
 9.550099945E+01 6.099929810E-01 3.250690103E-01
 9.550099945E+01 6.248980165E-01 3.248009980E-01
 9.550099945E+01 6.399009824E-01 3.245280087E-01
 9.550099945E+01 6.550019979E-01 3.242500126E-01
 9.550099945E+01 6.701999903E-01 3.239679933E-01
 9.550099945E+01 6.854940057E-01 3.236820102E-01
 9.550099945E+01 7.008810043E-01 3.233909905E-01
 9.550099945E+01 7.163619995E-01 3.230960071E-01
 9.550099945E+01 7.319350243E-01 3.227959871E-01
 9.550099945E+01 7.475990057E-01 3.224920034E-01
 9.550099945E+01 7.633529902E-01 3.221839964E-01
 9.550099945E+01 7.791960239E-01 3.218719959E-01
 9.550099945E+01 7.951269746E-01 3.215560019E-01
 9.550099945E+01 8.111450076E-01 3.212360144E-01
 9.550099945E+01 8.272489905E-01 3.209120035E-01
 9.550099945E+01 8.434389830E-01 3.205839992E-01
 9.550099945E+01 8.597120047E-01 3.202520013E-01
 9.550099945E+01 8.760690093E-01 3.199169934E-01
 9.550099945E+01 8.925079703E-01 3.195770085E-01
 9.550099945E+01 9.090290070E-01 3.192340136E-01
 9.550099945E+01 9.256299734E-01 3.188880086E-01
 9.550099945E+01 9.423109889E-01 3.185380101E-01
 9.550099945E+01 9.590709805E-01 3.181839883E-01
 9.550099945E+01 9.759100080E-01 3.178269863E-01
 9.550099945E+01 9.928259850E-01 3.174659908E-01
 9.550099945E+01 1.009819984E+00 3.171019852E-01
 9.550099945E+01 1.026890039E+00 3.167349994E-01
 9.550099945E+01 1.044029951E+00 3.163639903E-01
 9.550099945E+01 1.061249971E+00 3.159910142E-01
 9.550099945E+01 1.078539968E+00 3.156140149E-01
 9.550099945E+01 1.095900059E+00 3.152340055E-01
 9.550099945E+01 1.113340020E+00 3.148509860E-01
 9.550099945E+01 1.130849957E+00 3.144649863E-01
 9.550099945E+01 1.148419976E+00 3.140760064E-01
 9.550099945E+01 1.166069984E+00 3.136839867E-01
 9.550099945E+01 1.183789968E+00 3.132889867E-01
 9.550099945E+01 1.201580048E+00 3.128919899E-01
 9.550099945E+01 1.219429970E+00 3.124909997E-01
 9.550099945E+01 1.237349987E+00 3.120880127E-01
 9.550099945E+01 1.255339980E+00 3.116829991E-01
 9.550099945E+01 1.273399949E+00 3.112739921E-01
 9.550099945E+01 1.291520000E+00 3.108629882E-01
 9.550099945E+01 1.309700012E+00 3.104499876E-01
 9.550099945E+01 1.327950001E+00 3.100340068E-01
 9.550099945E+01 1.346269965E+00 3.096149862E-01
 9.550099945E+01 1.364639997E+00 3.091950119E-01
 9.550099945E+01 1.383080006E+00 3.087710142E-01
 9.550099945E+01 1.401579976E+00 3.083460033E-01
 9.550099945E+01 1.420140028E+00 3.079180121E-01
 9.550099945E+01 1.438770056E+00 3.074879944E-01
 9.550099945E+01 1.457450032E+00 3.070560098E-01
 9.550099945E+01 1.476199985E+00 3.066219985E-01
 9.550099945E+01 1.495000005E+00 3.061859906E-01
 9.550099945E+01 1.513859987E+00 3.057470024E-01
 9.550099945E+01 1.532780051E+00 3.053070009E-01
 9.550099945E+01 1.551759958E+00 3.048650026E-01
 9.550099945E+01 1.570790052E+00 3.044210076E-01
 9.550099945E+01 1.589879990E+00 3.039749861E-01
 9.550099945E+01 1.609030008E+00 3.035269976E-01
 9.550099945E+01 1.628229976E+00 3.030770123E-01
 9.550099945E+01 1.647490025E+00 3.026260138E-01
 9.550099945E+01 1.666810036E+00 3.021729887E-01
 9.550099945E+01 1.686169982E+00 3.017179966E-01
 9.550099945E+01 1.705600023E+00 3.012619913E-01
 9.550099945E+01 1.725070000E+00 3.008039892E-01
 9.550099945E+01 1.744600058E+00 3.003450036E-01
 9.550099945E+01 1.764179945E+00 2.998839915E-01
 9.550099945E+01 1.783810019E+00 2.994219959E-01
 9.550099945E+01 1.803490043E+00 2.989589870E-01
 9.550099945E+01 1.823230028E+00 2.984940112E-01
 9.550099945E+01 1.843009949E+00 2.980279922E-01
 9.550099945E+01 1.862769961E+00 2.975629866E-01
 9.550099945E+01 1.882400036E+00 2.971000075E-01
 9.550099945E+01 1.901919961E+00 2.966400087E-01
 9.550099945E+01 1.921319962E+00 2.961829901E-01
 9.550099945E+01 1.940610051E+00 2.957290113E-01
 9.550099945E+01 1.959769964E+00 2.952780128E-01
 9.550099945E+01 1.978829980E+00 2.948290110E-01
 9.550099945E+01 1.997760057E+00 2.943840027E-01
 9.550099945E+01 2.016580105E+00 2.939409912E-01
 9.550099945E+01 2.035290003E+00 2.935020030E-01
 9.550099945E+01 2.053879976E+00 2.930650115E-01
 9.550099945E+01 2.072350025E+00 2.926310003E-01
 9.550099945E+01 2.090709925E+00 2.921999991E-01
 9.550099945E+01 2.108959913E+00 2.917729914E-01
 9.550099945E+01 2.127089977E+00 2.913480103E-01
 9.550099945E+01 2.145109892E+00 2.909260094E-01
 9.550099945E+01 2.163009882E+00 2.905069888E-01
 9.550099945E+01 2.180799961E+00 2.900919914E-01
 9.550099945E+01 2.198479891E+00 2.896789908E-01
 9.550099945E+01 2.216039896E+00 2.892690003E-01
 9.550099945E+01 2.233500004E+00 2.888630033E-01
 9.550099945E+01 2.250839949E+00 2.884590030E-01
 9.550099945E+01 2.268069983E+00 2.880589962E-01
 9.550099945E+01 2.285190105E+00 2.876619995E-01
 9.550099945E+01 2.302200079E+00 2.872669995E-01
 9.550099945E+01 2.319089890E+00 2.868759930E-01
 9.550099945E+01 2.335880041E+00 2.864879966E-01
 9.550099945E+01 2.352560043E+00 2.861030102E-01
 9.550099945E+01 2.369129896E+00 2.857210040E-01
 9.550099945E+01 2.385590076E+00 2.853420079E-01
 9.550099945E+01 2.401940107E+00 2.849659920E-01
 9.550099945E+01 2.418190002E+00 2.845929861E-01
 9.550099945E+01 2.434329987E+00 2.842229903E-01
 9.550099945E+01 2.450360060E+00 2.838569880E-01
 9.550099945E+01 2.466279984E+00 2.834930122E-01
 9.550099945E+01 2.482100010E+00 2.831319869E-01
 9.550099945E+01 2.497809887E+00 2.827750146E-01
 9.550099945E+01 2.513410091E+00 2.824200094E-01
 9.550099945E+01 2.528909922E+00 2.820680141E-01
 9.550099945E+01 2.544310093E+00 2.817200124E-01
 9.550099945E+01 2.559600115E+00 2.813740075E-01
 9.550099945E+01 2.574790001E+00 2.810319960E-01
 9.550099945E+01 2.589879990E+00 2.806920111E-01
 9.550099945E+01 2.604860067E+00 2.803550065E-01
 9.550099945E+01 2.619740009E+00 2.800219953E-01
 9.550099945E+01 2.634520054E+00 2.796910107E-01
 9.550099945E+01 2.649199963E+00 2.793630064E-01
 9.550099945E+01 2.663779974E+00 2.790380120E-01
 9.550099945E+01 2.678260088E+00 2.787159979E-01
 9.550099945E+01 2.692630053E+00 2.783969939E-01
 9.550099945E+01 2.706909895E+00 2.780809999E-01
 9.550099945E+01 2.721090078E+00 2.777679861E-01
 9.550099945E+01 2.735169888E+00 2.774569988E-01
 9.550099945E+01 2.749160051E+00 2.771500051E-01
 9.550099945E+01 2.763040066E+00 2.768450081E-01
 9.550099945E+01 2.776829958E+00 2.765429914E-01
 9.550099945E+01 2.790519953E+00 2.762440145E-01
 9.550099945E+01 2.804120064E+00 2.759479880E-01
 9.550099945E+01 2.817620039E+00 2.756539881E-01
 9.550099945E+01 2.831020117E+00 2.753640115E-01
 9.550099945E+01 2.844340086E+00 2.750760019E-01
 9.550099945E+01 2.857549906E+00 2.747910023E-01
 9.550099945E+01 2.870680094E+00 2.745079994E-01
 9.550099945E+01 2.883709908E+00 2.742280066E-01
 9.550099945E+01 2.896650076E+00 2.739509940E-01
 9.550099945E+01 2.909490108E+00 2.736769915E-01
 9.550099945E+01 2.922250032E+00 2.734049857E-01
 9.550099945E+01 2.934910059E+00 2.731359899E-01
 9.550099945E+01 2.947489977E+00 2.728700042E-01
 9.550099945E+01 2.959969997E+00 2.726059854E-01
 9.550099945E+01 2.972359896E+00 2.723450065E-01
 9.550099945E+01 2.984669924E+00 2.720859945E-01
 9.550099945E+01 2.996880054E+00 2.718299925E-01
 9.550099945E+01 3.009010077E+00 2.715770006E-01
 9.550099945E+01 3.021049976E+00 2.713260055E-01
 9.550099945E+01 3.032999992E+00 2.710770071E-01
 9.550099945E+01 3.044869900E+00 2.708309889E-01
 9.550099945E+01 3.056649923E+00 2.705880105E-01
 9.550099945E+01 3.068350077E+00 2.703469992E-01
 9.550099945E+01 3.079960108E+00 2.701080143E-01
 9.550099945E+01 3.091480017E+00 2.698720098E-01
 9.550099945E+01 3.102920055E+00 2.696389854E-01
 9.550099945E+01 3.114279985E+00 2.694079876E-01
 9.550099945E+01 3.125560045E+00 2.691789865E-01
 9.550099945E+01 3.136749983E+00 2.689520121E-01
 9.550099945E+01 3.147860050E+00 2.687279880E-01
 9.550099945E+01 3.158890009E+00 2.685059905E-01
 9.550099945E+01 3.169830084E+00 2.682870030E-01
 9.550099945E+01 3.180700064E+00 2.680700123E-01
 9.550099945E+01 3.191489935E+00 2.678549886E-01
 9.550099945E+01 3.202189922E+00 2.676430047E-01
 9.550099945E+01 3.212820053E+00 2.674320042E-01
 9.550099945E+01 3.223370075E+00 2.672240138E-01
 9.550099945E+01 3.233839989E+00 2.670179904E-01
 9.550099945E+01 3.244230032E+00 2.668150067E-01
 9.550099945E+01 3.254539967E+00 2.666130066E-01
 9.550099945E+01 3.264780045E+00 2.664139867E-01
 9.550099945E+01 3.274940014E+00 2.662169933E-01
 9.550099945E+01 3.285029888E+00 2.660219967E-01
 9.550099945E+01 3.295039892E+00 2.658289969E-01
 9.550099945E+01 3.304970026E+00 2.656379938E-01
 9.550099945E+01 3.314830065E+00 2.654500008E-01
 9.550099945E+01 3.324620008E+00 2.652629912E-01
 9.550099945E+01 3.334330082E+00 2.650789917E-01
 9.550099945E+01 3.343970060E+00 2.648960054E-01
 9.550099945E+01 3.353539944E+00 2.647159994E-01
 9.550099945E+01 3.363039970E+00 2.645370066E-01
 9.550099945E+01 3.372459888E+00 2.643609941E-01
 9.550099945E+01 3.381809950E+00 2.641859949E-01
 9.550099945E+01 3.391099930E+00 2.640140057E-01
 9.550099945E+01 3.400310040E+00 2.638429999E-01
 9.550099945E+01 3.409450054E+00 2.636750042E-01
 9.550099945E+01 3.418519974E+00 2.635079920E-01
 9.550099945E+01 3.427520037E+00 2.633430064E-01
 9.550099945E+01 3.436460018E+00 2.631799877E-01
 9.550099945E+01 3.445319891E+00 2.630189955E-01
 9.550099945E+01 3.454119921E+00 2.628600001E-01
 9.550099945E+01 3.462850094E+00 2.627030015E-01
 9.550099945E+01 3.471519947E+00 2.625469863E-01
 9.550099945E+01 3.480119944E+00 2.623929977E-01
 9.550099945E+01 3.488650084E+00 2.622410059E-01
 9.550099945E+01 3.497119904E+00 2.620910108E-01
 9.550099945E+01 3.505520105E+00 2.619430125E-01
 9.550099945E+01 3.513859987E+00 2.617959976E-01
 9.550099945E+01 3.522130013E+00 2.616510093E-01
 9.550099945E+01 3.530339956E+00 2.615079880E-01
 9.550099945E+01 3.538490057E+00 2.613669932E-01
 9.550099945E+01 3.546570063E+00 2.612270117E-01
 9.550099945E+01 3.554589987E+00 2.610889971E-01
 9.550099945E+01 3.562589884E+00 2.609510124E-01
 9.550099945E+01 3.570630074E+00 2.608140111E-01
 9.550099945E+01 3.578700066E+00 2.606770098E-01
 9.550099945E+01 3.586810112E+00 2.605400085E-01
 9.550099945E+01 3.594980001E+00 2.604019940E-01
 9.550099945E+01 3.603199959E+00 2.602640092E-01
 9.550099945E+01 3.611469984E+00 2.601259947E-01
 9.550099945E+01 3.619800091E+00 2.599880099E-01
 9.550099945E+01 3.628200054E+00 2.598490119E-01
 9.550099945E+01 3.636670113E+00 2.597100139E-01
 9.550099945E+01 3.645220041E+00 2.595709860E-01
 9.550099945E+01 3.653840065E+00 2.594310045E-01
 9.550099945E+01 3.662539959E+00 2.592900097E-01
 9.550099945E+01 3.671339989E+00 2.591489851E-01
 9.550099945E+01 3.680219889E+00 2.590070069E-01
 9.550099945E+01 3.689199924E+00 2.588649988E-01
 9.550099945E+01 3.698280096E+00 2.587220073E-01
 9.550099945E+01 3.707459927E+00 2.585780025E-01
 9.550099945E+01 3.716749907E+00 2.584339976E-01
 9.550099945E+01 3.726160049E+00 2.582890093E-01
 9.550099945E+01 3.735690117E+00 2.581430078E-01
 9.550099945E+01 3.745340109E+00 2.579959929E-01
 9.550099945E+01 3.755110025E+00 2.578490078E-01
 9.550099945E+01 3.765019894E+00 2.577010095E-01
 9.550099945E+01 3.775069952E+00 2.575519979E-01
 9.550099945E+01 3.785259962E+00 2.574029863E-01
 9.550099945E+01 3.795599937E+00 2.572529912E-01
 9.550099945E+01 3.806099892E+00 2.571020126E-01
 9.550099945E+01 3.816750050E+00 2.569499910E-01
 9.550099945E+01 3.827559948E+00 2.567979991E-01
 9.550099945E+01 3.838550091E+00 2.566449940E-01
 9.550099945E+01 3.849709988E+00 2.564919889E-01
 9.550099945E+01 3.861040115E+00 2.563380003E-01
 9.550099945E+01 3.872570038E+00 2.561840117E-01
 9.550099945E+01 3.884289980E+00 2.560290098E-01
 9.550099945E+01 3.896199942E+00 2.558740079E-01
 9.550099945E+01 3.908319950E+00 2.557199895E-01
 9.550099945E+01 3.920650005E+00 2.555649877E-01
 9.550099945E+01 3.933190107E+00 2.554099858E-01
 9.550099945E+01 3.945960045E+00 2.552559972E-01
 9.550099945E+01 3.958950043E+00 2.551020086E-01
 9.550099945E+01 3.972179890E+00 2.549499869E-01
 9.550099945E+01 3.985660076E+00 2.547979951E-01
 9.550099945E+01 3.999380112E+00 2.546469867E-01
 9.550099945E+01 4.013360023E+00 2.544989884E-01
 9.550099945E+01 4.027599812E+00 2.543520033E-01
 9.550099945E+01 4.042109966E+00 2.542079985E-01
 9.550099945E+01 4.056900024E+00 2.540670037E-01
 9.550099945E+01 4.071980000E+00 2.539289892E-01
 9.550099945E+01 4.087339878E+00 2.537949979E-01
 9.550099945E+01 4.103010178E+00 2.536660135E-01
 9.550099945E+01 4.118989944E+00 2.535429895E-01
 9.550099945E+01 4.135290146E+00 2.534259856E-01
 9.550099945E+01 4.151909828E+00 2.533150017E-01
 9.550099945E+01 4.168869972E+00 2.532129884E-01
 9.550099945E+01 4.186170101E+00 2.531189919E-01
 9.550099945E+01 4.203820229E+00 2.530330122E-01
 9.550099945E+01 4.221839905E+00 2.529579997E-01
 9.550099945E+01 4.240220070E+00 2.528919876E-01
 9.550099945E+01 4.258989811E+00 2.528359890E-01
 9.550099945E+01 4.278140068E+00 2.527900040E-01
 9.550099945E+01 4.297689915E+00 2.527540028E-01
 9.550099945E+01 4.317659855E+00 2.527259886E-01
 9.550099945E+01 4.338039875E+00 2.527050078E-01
 9.550099945E+01 4.358860016E+00 2.526910007E-01
 9.550099945E+01 4.380109787E+00 2.526820004E-01
 9.550099945E+01 4.401820183E+00 2.526769936E-01
 9.550099945E+01 4.423989773E+00 2.526760101E-01
 9.550099945E+01 4.446640015E+00 2.526749969E-01
 9.550099945E+01 4.469779968E+00 2.526760101E-01
 9.550099945E+01 4.493420124E+00 2.526769936E-01
 9.550099945E+01 4.517560005E+00 2.526789904E-01
 9.550099945E+01 4.542230129E+00 2.526800036E-01
 9.550099945E+01 4.567440033E+00 2.526800036E-01
 9.550099945E+01 4.593200207E+00 2.526800036E-01
 9.550099945E+01 4.619530201E+00 2.526809871E-01
 9.550099945E+01 4.646430016E+00 2.526809871E-01
 9.550099945E+01 4.673920155E+00 2.526809871E-01
 9.550099945E+01 4.702020168E+00 2.526809871E-01
 9.550099945E+01 4.730740070E+00 2.526809871E-01
 9.550099945E+01 4.760089874E+00 2.526809871E-01
 9.550099945E+01 4.790100098E+00 2.526809871E-01
 9.550099945E+01 4.820769787E+00 2.526809871E-01
 9.550099945E+01 4.852129936E+00 2.526809871E-01
 9.550099945E+01 4.884190083E+00 2.526809871E-01
 9.550099945E+01 4.916959763E+00 2.526809871E-01
 9.550099945E+01 4.950469971E+00 2.526809871E-01
 9.550099945E+01 4.984720230E+00 2.526809871E-01
 9.550099945E+01 5.019750118E+00 2.526809871E-01
 9.550099945E+01 5.055560112E+00 2.526809871E-01
 9.550099945E+01 5.092179775E+00 2.526820004E-01
 9.550099945E+01 5.129630089E+00 2.526820004E-01
 9.550099945E+01 5.167920113E+00 2.526820004E-01
 9.550099945E+01 5.207069874E+00 2.526820004E-01
 9.550099945E+01 5.247109890E+00 2.526820004E-01
 9.550099945E+01 5.288060188E+00 2.526820004E-01
 9.550099945E+01 5.329939842E+00 2.526820004E-01
 9.550099945E+01 5.372769833E+00 2.526820004E-01
 9.550099945E+01 5.416570187E+00 2.526820004E-01
 9.550099945E+01 5.461369991E+00 2.526820004E-01
 9.550099945E+01 5.507190228E+00 2.526830137E-01
 9.550099945E+01 5.554049969E+00 2.526830137E-01
 9.550099945E+01 5.601980209E+00 2.526830137E-01
 9.550099945E+01 5.651000023E+00 2.526830137E-01
 9.550099945E+01 5.701149940E+00 2.526830137E-01
 9.550099945E+01 5.752439976E+00 2.526830137E-01
 9.550099945E+01 5.804910183E+00 2.526830137E-01
 9.550099945E+01 5.858570099E+00 2.526830137E-01
 9.550099945E+01 5.913469791E+00 2.526839972E-01
 9.550099945E+01 5.969629765E+00 2.526839972E-01
 9.550099945E+01 6.027070045E+00 2.526839972E-01
 9.550099945E+01 6.085830212E+00 2.526839972E-01
 9.550099945E+01 6.145949841E+00 2.526839972E-01
 9.550099945E+01 6.207439899E+00 2.526839972E-01
 9.550099945E+01 6.270349979E+00 2.526839972E-01
 9.550099945E+01 6.334710121E+00 2.526850104E-01
 9.550099945E+01 6.400559902E+00 2.526850104E-01
 9.550099945E+01 6.467919827E+00 2.526850104E-01
 9.550099945E+01 6.536829948E+00 2.526850104E-01
 9.550099945E+01 6.607329845E+00 2.526850104E-01
 9.550099945E+01 6.679460049E+00 2.526859939E-01
 9.550099945E+01 6.753260136E+00 2.526859939E-01
 9.550099945E+01 6.828760147E+00 2.526859939E-01
 9.550099945E+01 6.906010151E+00 2.526859939E-01
 9.550099945E+01 6.985050201E+00 2.526859939E-01
 9.550099945E+01 7.065909863E+00 2.526859939E-01
 9.550099945E+01 7.148650169E+00 2.526870072E-01
 9.550099945E+01 7.233300209E+00 2.526870072E-01
 9.550099945E+01 7.319920063E+00 2.526870072E-01
 9.550099945E+01 7.408549786E+00 2.526870072E-01
 9.550099945E+01 7.499229908E+00 2.526879907E-01
 9.550099945E+01 7.592020035E+00 2.526879907E-01
 9.550099945E+01 7.686960220E+00 2.526879907E-01
 9.550099945E+01 7.784120083E+00 2.526879907E-01
 9.550099945E+01 7.883530140E+00 2.526879907E-01
 9.550099945E+01 7.985249996E+00 2.526890039E-01
 9.550099945E+01 8.089340210E+00 2.526890039E-01
 9.550099945E+01 8.195850372E+00 2.526890039E-01
 9.550099945E+01 8.304849625E+00 2.526899874E-01
 9.550099945E+01 8.416379929E+00 2.526899874E-01
 9.550099945E+01 8.530520439E+00 2.526899874E-01
 9.550099945E+01 8.647319794E+00 2.526899874E-01
 9.550099945E+01 8.766850471E+00 2.526910007E-01
 9.550099945E+01 8.889169693E+00 2.526910007E-01
 9.550099945E+01 9.014349937E+00 2.526910007E-01
 9.550099945E+01 9.142459869E+00 2.526920140E-01
 9.550099945E+01 9.273570061E+00 2.526920140E-01
 9.550099945E+01 9.407739639E+00 2.526920140E-01
 9.550099945E+01 9.545060158E+00 2.526929975E-01
 9.550099945E+01 9.685600281E+00 2.526929975E-01
 9.550099945E+01 9.829440117E+00 2.526929975E-01
 9.550099945E+01 9.976650238E+00 2.526940107E-01
 9.550099945E+01 1.012730026E+01 2.526940107E-01
 9.550099945E+01 1.028149986E+01 2.526940107E-01
 9.550099945E+01 1.043939972E+01 2.526949942E-01
 9.550099945E+01 1.060089970E+01 2.526949942E-01
 9.550099945E+01 1.076630020E+01 2.526960075E-01
 9.550099945E+01 1.093550014E+01 2.526960075E-01
 9.550099945E+01 1.110879993E+01 2.526960075E-01
 9.550099945E+01 1.128610039E+01 2.526969910E-01
 9.550099945E+01 1.146770000E+01 2.526969910E-01
 9.550099945E+01 1.165349960E+01 2.526980042E-01
 9.550099945E+01 1.184370041E+01 2.526980042E-01
 9.550099945E+01 1.203849983E+01 2.526989877E-01
 9.550099945E+01 1.223779964E+01 2.526989877E-01
 9.550099945E+01 1.244190025E+01 2.527000010E-01
 9.550099945E+01 1.265079975E+01 2.527000010E-01
 9.550099945E+01 1.286470032E+01 2.527010143E-01
 9.550099945E+01 1.308370018E+01 2.527010143E-01
 9.550099945E+01 1.330790043E+01 2.527019978E-01
 9.550099945E+01 1.353750038E+01 2.527019978E-01
 9.550099945E+01 1.377250004E+01 2.527030110E-01
 9.550099945E+01 1.401319981E+01 2.527039945E-01
 9.550099945E+01 1.425959969E+01 2.527039945E-01
 9.550099945E+01 1.451200008E+01 2.527050078E-01
 9.550099945E+01 1.477040005E+01 2.527050078E-01
 9.550099945E+01 1.503499985E+01 2.527059913E-01
 9.550099945E+01 1.530589962E+01 2.527070045E-01
 9.550099945E+01 1.558349991E+01 2.527070045E-01
 9.550099945E+01 1.586769962E+01 2.527079880E-01
 9.550099945E+01 1.615880013E+01 2.527090013E-01
 9.550099945E+01 1.645689964E+01 2.527090013E-01
 9.550099945E+01 1.676230049E+01 2.527100146E-01
 9.550099945E+01 1.707519913E+01 2.527109981E-01
 9.550099945E+01 1.739559937E+01 2.527120113E-01
 9.550099945E+01 1.772389984E+01 2.527129948E-01
 9.550099945E+01 1.806019974E+01 2.527129948E-01
 9.550099945E+01 1.840469933E+01 2.527140081E-01
 9.550099945E+01 1.875779915E+01 2.527149916E-01
 9.550099945E+01 1.911949921E+01 2.527160048E-01
 9.550099945E+01 1.949020004E+01 2.527169883E-01
 9.550099945E+01 1.987000084E+01 2.527180016E-01
 9.550099945E+01 2.025930023E+01 2.527190149E-01
 9.550099945E+01 2.065819931E+01 2.527199984E-01
 9.550099945E+01 2.106719971E+01 2.527199984E-01
 9.550099945E+01 2.148640060E+01 2.527210116E-01
 9.550099945E+01 2.191609955E+01 2.527219951E-01
 9.550099945E+01 2.235670090E+01 2.527230084E-01
 9.550099945E+01 2.280839920E+01 2.527250051E-01
 9.550099945E+01 2.327169991E+01 2.527259886E-01
 9.550099945E+01 2.374670029E+01 2.527270019E-01
 9.550099945E+01 2.423399925E+01 2.527279854E-01
 9.550099945E+01 2.473380089E+01 2.527289987E-01
 9.550099945E+01 2.524650002E+01 2.527300119E-01
 9.550099945E+01 2.577249908E+01 2.527309954E-01
 9.550099945E+01 2.631229973E+01 2.527329922E-01
 9.550099945E+01 2.686630058E+01 2.527340055E-01
 9.550099945E+01 2.743490028E+01 2.527349889E-01
 9.550099945E+01 2.801869965E+01 2.527360022E-01
 9.550099945E+01 2.861809921E+01 2.527379990E-01
 9.550099945E+01 2.923360062E+01 2.527390122E-01
 9.550099945E+01 2.986590004E+01 2.527399957E-01
 9.550099945E+01 3.051539993E+01 2.527419925E-01
 9.550099945E+01 3.118289948E+01 2.527430058E-01
 9.550099945E+01 3.186890030E+01 2.527450025E-01
 9.550099945E+01 3.257410049E+01 2.527459860E-01
 9.550099945E+01 3.329930115E+01 2.527480125E-01
 9.550099945E+01 3.404520035E+01 2.527489960E-01
 9.550099945E+01 3.481269836E+01 2.527509928E-01
 9.550099945E+01 3.560250092E+01 2.527520061E-01
 9.550099945E+01 3.641569901E+01 2.527540028E-01
 9.550099945E+01 3.725320053E+01 2.527549863E-01
 9.550099945E+01 3.811610031E+01 2.527570128E-01
 9.550099945E+01 3.900540161E+01 2.527590096E-01
 9.550099945E+01 3.992240143E+01 2.527599931E-01
 9.550099945E+01 4.086840057E+01 2.527619898E-01
 9.550099945E+01 4.184469986E+01 2.527639866E-01
 9.550099945E+01 4.285290146E+01 2.527660131E-01
 9.550099945E+01 4.389450073E+01 2.527680099E-01
 9.550099945E+01 4.497140121E+01 2.527689934E-01
 9.550099945E+01 4.608539963E+01 2.527709901E-01
 9.550099945E+01 4.723870087E+01 2.527729869E-01
 9.550099945E+01 4.843330002E+01 2.527750134E-01
 9.550099945E+01 4.967200089E+01 2.527770102E-01
 9.550099945E+01 5.095719910E+01 2.527790070E-01
 9.550099945E+01 5.229209900E+01 2.527810037E-01
 9.550099945E+01 5.367990112E+01 2.527830005E-01
 9.550099945E+01 5.512419891E+01 2.527849972E-01
 9.550099945E+01 5.662900162E+01 2.527860105E-01
 9.550099945E+01 5.819879913E+01 2.527880073E-01
 9.550099945E+01 5.983850098E+01 2.527900040E-01
 9.550099945E+01 6.155360031E+01 2.527920008E-01
 9.550099945E+01 6.335039902E+01 2.527939975E-01
 9.550099945E+01 6.523570251E+01 2.527959943E-01
 9.550099945E+01 6.721720123E+01 2.527979910E-01
 9.550099945E+01 6.930339813E+01 2.527999878E-01
 9.550099945E+01 7.150399780E+01 2.528020144E-01
 9.550099945E+01 7.382920074E+01 2.528040111E-01
 9.550099945E+01 7.629049683E+01 2.528049946E-01
 9.550099945E+01 7.889980316E+01 2.528069913E-01
 9.550099945E+01 8.166929626E+01 2.528080046E-01
 9.550099945E+01 8.461019897E+01 2.528100014E-01
 9.550099945E+01 8.773120117E+01 2.528110147E-01
 9.550099945E+01 9.103569794E+01 2.528119981E-01
 9.550099945E+01 9.451670074E+01 2.528119981E-01
 9.550099945E+01 9.814980316E+01 2.528130114E-01
