variables="x","cp"
zone, t="CFL3D"
 2.780600055E-16 6.281200051E-02
 7.999999798E-04 3.414800018E-02
 1.606300008E-03 2.297499962E-02
 2.418800024E-03 2.553500049E-02
 3.237799974E-03 2.536899969E-02
 4.063100088E-03 2.614600025E-02
 4.894800019E-03 2.663799934E-02
 5.733100232E-03 2.711799927E-02
 6.577800028E-03 2.750200033E-02
 7.429100107E-03 2.784200013E-02
 8.286999539E-03 2.813700028E-02
 9.151600301E-03 2.840499952E-02
 1.002299972E-02 2.864699997E-02
 1.090100035E-02 2.886399999E-02
 1.178599987E-02 2.906399965E-02
 1.267699990E-02 2.924600057E-02
 1.357600000E-02 2.941299975E-02
 1.448099967E-02 2.956200019E-02
 1.539400034E-02 2.970200032E-02
 1.631299965E-02 2.982999943E-02
 1.723900065E-02 2.994599938E-02
 1.817299984E-02 3.005599976E-02
 1.911400072E-02 3.015800007E-02
 2.006099932E-02 3.025300056E-02
 2.101599984E-02 3.034600057E-02
 2.197900042E-02 3.042900003E-02
 2.294900082E-02 3.051199950E-02
 2.392599918E-02 3.058999963E-02
 2.490999922E-02 3.066699952E-02
 2.590199932E-02 3.073900007E-02
 2.690099925E-02 3.081000037E-02
 2.790799923E-02 3.088200092E-02
 2.892299928E-02 3.095100075E-02
 2.994499914E-02 3.101900034E-02
 3.097499907E-02 3.108800016E-02
 3.201299906E-02 3.115300089E-02
 3.305799887E-02 3.121900000E-02
 3.411199898E-02 3.128699958E-02
 3.517299891E-02 3.135300055E-02
 3.624200076E-02 3.142099828E-02
 3.731900081E-02 3.149000183E-02
 3.840399906E-02 3.155599907E-02
 3.949699923E-02 3.162400052E-02
 4.059899971E-02 3.169599921E-02
 4.170800000E-02 3.176400065E-02
 4.282600060E-02 3.183599934E-02
 4.395199940E-02 3.190699965E-02
 4.508600011E-02 3.197899833E-02
 4.622900113E-02 3.205300122E-02
 4.738000035E-02 3.212799877E-02
 4.853900149E-02 3.220500052E-02
 4.970699921E-02 3.228300065E-02
 5.088400096E-02 3.236300126E-02
 5.206900090E-02 3.244100139E-02
 5.326300114E-02 3.252400085E-02
 5.446499959E-02 3.260799870E-02
 5.567599833E-02 3.269099817E-02
 5.689600110E-02 3.277700022E-02
 5.812500045E-02 3.286400065E-02
 5.936300009E-02 3.295300156E-02
 6.061000004E-02 3.304599971E-02
 6.186499819E-02 3.313799948E-02
 6.312999874E-02 3.322999924E-02
 6.440400332E-02 3.332599998E-02
 6.568700075E-02 3.342400119E-02
 6.697899848E-02 3.352300078E-02
 6.827999651E-02 3.362400085E-02
 6.959100068E-02 3.372799978E-02
 7.091099769E-02 3.383199871E-02
 7.224000245E-02 3.393999860E-02
 7.357899845E-02 3.404999897E-02
 7.492700219E-02 3.415999934E-02
 7.628399879E-02 3.427400067E-02
 7.765199989E-02 3.438999876E-02
 7.902900130E-02 3.450600058E-02
 8.041500300E-02 3.462500125E-02
 8.181100339E-02 3.474700078E-02
 8.321700245E-02 3.487300128E-02
 8.463300020E-02 3.499799967E-02
 8.605899662E-02 3.512899950E-02
 8.749400079E-02 3.525999933E-02
 8.894000202E-02 3.539099917E-02
 9.039500356E-02 3.552800044E-02
 9.186100215E-02 3.566800058E-02
 9.333600104E-02 3.580800071E-02
 9.482199699E-02 3.595099971E-02
 9.631799906E-02 3.609700128E-02
 9.782399982E-02 3.624600172E-02
 9.933999926E-02 3.639800102E-02
 1.008699983E-01 3.655299917E-02
 1.023999974E-01 3.671099991E-02
 1.039500013E-01 3.687199950E-02
 1.055099964E-01 3.703299910E-02
 1.070799977E-01 3.720000014E-02
 1.086599976E-01 3.737000003E-02
 1.102500036E-01 3.754299879E-02
 1.118500009E-01 3.771900013E-02
 1.134599969E-01 3.789699823E-02
 1.150799990E-01 3.807900101E-02
 1.167099997E-01 3.826399893E-02
 1.183499992E-01 3.845199943E-02
 1.200100034E-01 3.864600137E-02
 1.216700003E-01 3.884200007E-02
 1.233500019E-01 3.904199973E-02
 1.250399947E-01 3.924499825E-02
 1.267299950E-01 3.945299983E-02
 1.284399927E-01 3.966199979E-02
 1.301600039E-01 3.987599909E-02
 1.318899989E-01 4.009699821E-02
 1.336400062E-01 4.032000154E-02
 1.353899986E-01 4.054699838E-02
 1.371600032E-01 4.077899829E-02
 1.389299929E-01 4.101499915E-02
 1.407199949E-01 4.125599936E-02
 1.425199956E-01 4.150100052E-02
 1.443299949E-01 4.175100103E-02
 1.461499929E-01 4.200400040E-02
 1.479800045E-01 4.226399958E-02
 1.498299986E-01 4.252900183E-02
 1.516900063E-01 4.279699922E-02
 1.535499990E-01 4.307400063E-02
 1.554300040E-01 4.335400090E-02
 1.573199928E-01 4.363700002E-02
 1.592299938E-01 4.392899945E-02
 1.611399949E-01 4.422700033E-02
 1.630699933E-01 4.452899843E-02
 1.650100052E-01 4.483800009E-02
 1.669600010E-01 4.515400156E-02
 1.689199954E-01 4.547600076E-02
 1.709000021E-01 4.580400139E-02
 1.728799939E-01 4.613799974E-02
 1.748799980E-01 4.648099840E-02
 1.768900007E-01 4.682600126E-02
 1.789100021E-01 4.718400165E-02
 1.809500009E-01 4.754700139E-02
 1.829899997E-01 4.791700095E-02
 1.850499958E-01 4.829600081E-02
 1.871200055E-01 4.868000001E-02
 1.892099977E-01 4.907599837E-02
 1.913000047E-01 4.947900027E-02
 1.934099942E-01 4.989000037E-02
 1.955299973E-01 5.031000078E-02
 1.976599991E-01 5.073900148E-02
 1.997999996E-01 5.118000135E-02
 2.019599974E-01 5.162699893E-02
 2.041299939E-01 5.208599940E-02
 2.063100040E-01 5.255699903E-02
 2.084999979E-01 5.303400010E-02
 2.107100040E-01 5.352599919E-02
 2.129299939E-01 5.402699858E-02
 2.151599973E-01 5.454200134E-02
 2.173999995E-01 5.506699905E-02
 2.196599990E-01 5.560300127E-02
 2.219299972E-01 5.615400150E-02
 2.242099941E-01 5.671799928E-02
 2.265000045E-01 5.729600042E-02
 2.288099974E-01 5.788899958E-02
 2.311300039E-01 5.849400163E-02
 2.334599942E-01 5.911400169E-02
 2.358099967E-01 5.975199863E-02
 2.381599993E-01 6.040399894E-02
 2.405299991E-01 6.107499823E-02
 2.429099977E-01 6.176000088E-02
 2.453099936E-01 6.246700138E-02
 2.477200031E-01 6.318800151E-02
 2.501400113E-01 6.393299997E-02
 2.525700033E-01 6.469599903E-02
 2.550100088E-01 6.548000127E-02
 2.574700117E-01 6.628700346E-02
 2.599399984E-01 6.711599976E-02
 2.624300122E-01 6.796800345E-02
 2.649199963E-01 6.884700060E-02
 2.674300075E-01 6.975000352E-02
 2.699500024E-01 7.067999989E-02
 2.724899948E-01 7.163999975E-02
 2.750299871E-01 7.262899727E-02
 2.775900066E-01 7.365100086E-02
 2.801600099E-01 7.470300049E-02
 2.827500105E-01 7.579399645E-02
 2.853499949E-01 7.691799849E-02
 2.879599929E-01 7.808300108E-02
 2.905800045E-01 7.928700000E-02
 2.932099998E-01 8.053900301E-02
 2.958599925E-01 8.183500171E-02
 2.985199988E-01 8.318199962E-02
 3.011899889E-01 8.458600193E-02
 3.038800061E-01 8.604899794E-02
 3.065800071E-01 8.757500350E-02
 3.092899919E-01 8.916900307E-02
 3.120099902E-01 9.083499759E-02
 3.147499859E-01 9.257300198E-02
 3.174999952E-01 9.438499808E-02
 3.202599883E-01 9.627100080E-02
 3.230299950E-01 9.822899848E-02
 3.258199990E-01 1.002599970E-01
 3.286100030E-01 1.023700014E-01
 3.314200044E-01 1.045499966E-01
 3.342500031E-01 1.068100035E-01
 3.370800018E-01 1.091300026E-01
 3.399299979E-01 1.115100011E-01
 3.427900076E-01 1.139599979E-01
 3.456600010E-01 1.164600030E-01
 3.485400081E-01 1.190299988E-01
 3.514400125E-01 1.216399968E-01
 3.543500006E-01 1.242899969E-01
 3.572700024E-01 1.269900054E-01
 3.601999879E-01 1.297300011E-01
 3.631399870E-01 1.324999928E-01
 3.661000133E-01 1.352899969E-01
 3.690699935E-01 1.380800009E-01
 3.720499873E-01 1.409199983E-01
 3.750399947E-01 1.437399983E-01
 3.780399859E-01 1.465400010E-01
 3.810499907E-01 1.493699998E-01
 3.840799928E-01 1.521600038E-01
 3.871200085E-01 1.549099982E-01
 3.901700079E-01 1.576599926E-01
 3.932299912E-01 1.603299975E-01
 3.962999880E-01 1.630000025E-01
 3.993799984E-01 1.655700058E-01
 4.024800062E-01 1.680800021E-01
 4.055800140E-01 1.705300063E-01
 4.086999893E-01 1.728799939E-01
 4.118300080E-01 1.751500070E-01
 4.149700105E-01 1.773100048E-01
 4.181199968E-01 1.793600023E-01
 4.212799966E-01 1.812900007E-01
 4.244500101E-01 1.830900013E-01
 4.276300073E-01 1.847700030E-01
 4.308199883E-01 1.862799972E-01
 4.340200126E-01 1.876700073E-01
 4.372299910E-01 1.888599992E-01
 4.404500127E-01 1.898899972E-01
 4.436799884E-01 1.907600015E-01
 4.469200075E-01 1.913799942E-01
 4.501700103E-01 1.918800026E-01
 4.534299970E-01 1.921100020E-01
 4.566999972E-01 1.921499968E-01
 4.599699974E-01 1.919900030E-01
 4.632599950E-01 1.915200055E-01
 4.665499926E-01 1.908899993E-01
 4.698500037E-01 1.899899989E-01
 4.731700122E-01 1.887699962E-01
 4.764800072E-01 1.873600036E-01
 4.798099995E-01 1.856700033E-01
 4.831500053E-01 1.836300045E-01
 4.864900112E-01 1.813399941E-01
 4.898400009E-01 1.787800044E-01
 4.931899905E-01 1.758700013E-01
 4.965600073E-01 1.726199985E-01
 4.999299943E-01 1.691000015E-01
 5.033100247E-01 1.652500033E-01
 5.066900253E-01 1.610299945E-01
 5.100799799E-01 1.564500034E-01
 5.134800076E-01 1.515399963E-01
 5.168799758E-01 1.462900043E-01
 5.202900171E-01 1.406500041E-01
 5.236999989E-01 1.346099973E-01
 5.271199942E-01 1.282200068E-01
 5.305500031E-01 1.214300022E-01
 5.339800119E-01 1.142800003E-01
 5.374199748E-01 1.067000031E-01
 5.408599973E-01 9.870299697E-02
 5.443099737E-01 9.031999856E-02
 5.477600098E-01 8.152499795E-02
 5.512199998E-01 7.231599838E-02
 5.546799898E-01 6.269899756E-02
 5.581499934E-01 5.264399946E-02
 5.616199970E-01 4.214999825E-02
 5.651000142E-01 3.125200048E-02
 5.685799718E-01 1.992399991E-02
 5.720700026E-01 8.172599599E-03
 5.755699873E-01 -4.001600202E-03
 5.790600181E-01 -1.659600064E-02
 5.825700164E-01 -2.961100079E-02
 5.860800147E-01 -4.304900020E-02
 5.895900130E-01 -5.689499900E-02
 5.931100249E-01 -7.113999873E-02
 5.966299772E-01 -8.578199893E-02
 6.001600027E-01 -1.008099988E-01
 6.036999822E-01 -1.162199974E-01
 6.072400212E-01 -1.319800019E-01
 6.107900143E-01 -1.481000036E-01
 6.143400073E-01 -1.645600051E-01
 6.179000139E-01 -1.813299954E-01
 6.214699745E-01 -1.983900070E-01
 6.250399947E-01 -2.157399952E-01
 6.286100149E-01 -2.333299965E-01
 6.322000027E-01 -2.511399984E-01
 6.357899904E-01 -2.691499889E-01
 6.393799782E-01 -2.873300016E-01
 6.429899931E-01 -3.056299984E-01
 6.466000080E-01 -3.240300119E-01
 6.502100229E-01 -3.424800038E-01
 6.538299918E-01 -3.609499931E-01
 6.574599743E-01 -3.793900013E-01
 6.610999703E-01 -3.977400064E-01
 6.647400260E-01 -4.159699976E-01
 6.683899760E-01 -4.340200126E-01
 6.720499992E-01 -4.518400133E-01
 6.757100224E-01 -4.693700075E-01
 6.793799996E-01 -4.865599871E-01
 6.830499768E-01 -5.033400059E-01
 6.867300272E-01 -5.196700096E-01
 6.904199719E-01 -5.354700089E-01
 6.941099763E-01 -5.506899953E-01
 6.978099942E-01 -5.652999878E-01
 7.015200257E-01 -5.791400075E-01
 7.052199841E-01 -5.921700001E-01
 7.089400291E-01 -6.044200063E-01
 7.126600146E-01 -6.157900095E-01
 7.163800001E-01 -6.262300014E-01
 7.200999856E-01 -6.356899738E-01
 7.238299847E-01 -6.441400051E-01
 7.275699973E-01 -6.515100002E-01
 7.312999964E-01 -6.576899886E-01
 7.350400090E-01 -6.627200246E-01
 7.387800217E-01 -6.666300297E-01
 7.425199747E-01 -6.693400145E-01
 7.462599874E-01 -6.708599925E-01
 7.500000000E-01 -6.712300181E-01
 7.537400126E-01 -6.702899933E-01
 7.574800253E-01 -6.680499911E-01
 7.612199783E-01 -6.647099853E-01
 7.649599910E-01 -6.601899862E-01
 7.687000036E-01 -6.545199752E-01
 7.724300027E-01 -6.477599740E-01
 7.761700153E-01 -6.399000287E-01
 7.799000144E-01 -6.309099793E-01
 7.836199999E-01 -6.209300160E-01
 7.873399854E-01 -6.100299954E-01
 7.910599709E-01 -5.982400179E-01
 7.947800159E-01 -5.856099725E-01
 7.984799743E-01 -5.721899867E-01
 8.021900058E-01 -5.580899715E-01
 8.058900237E-01 -5.432900190E-01
 8.095800281E-01 -5.278400183E-01
 8.132699728E-01 -5.119000077E-01
 8.169500232E-01 -4.954999983E-01
 8.206200004E-01 -4.786800146E-01
 8.242899776E-01 -4.615300000E-01
 8.279500008E-01 -4.440900087E-01
 8.316100240E-01 -4.264299870E-01
 8.352599740E-01 -4.086000025E-01
 8.389000297E-01 -3.906500041E-01
 8.425400257E-01 -3.726400137E-01
 8.461700082E-01 -3.546099961E-01
 8.497899771E-01 -3.366099894E-01
 8.533999920E-01 -3.186900020E-01
 8.570100069E-01 -3.008899987E-01
 8.606200218E-01 -2.832399905E-01
 8.642100096E-01 -2.657899857E-01
 8.677999973E-01 -2.485499978E-01
 8.713899851E-01 -2.315700054E-01
 8.749600053E-01 -2.148700058E-01
 8.785300255E-01 -1.984699965E-01
 8.820999861E-01 -1.824000031E-01
 8.856599927E-01 -1.666699946E-01
 8.892099857E-01 -1.513099968E-01
 8.927599788E-01 -1.363099962E-01
 8.963000178E-01 -1.216999963E-01
 8.998399973E-01 -1.074900031E-01
 9.033700228E-01 -9.368000180E-02
 9.068899751E-01 -8.027800173E-02
 9.104099870E-01 -6.728699803E-02
 9.139199853E-01 -5.471000075E-02
 9.174299836E-01 -4.254800081E-02
 9.209399819E-01 -3.080300055E-02
 9.244300127E-01 -1.947199926E-02
 9.279299974E-01 -8.552400395E-03
 9.314200282E-01 1.961800037E-03
 9.348999858E-01 1.207699999E-02
 9.383800030E-01 2.179200016E-02
 9.418500066E-01 3.111699969E-02
 9.453200102E-01 4.006699845E-02
 9.487800002E-01 4.863800108E-02
 9.522399902E-01 5.682500079E-02
 9.556900263E-01 6.465400010E-02
 9.591400027E-01 7.213400304E-02
 9.625800252E-01 7.925999910E-02
 9.660199881E-01 8.606100082E-02
 9.694499969E-01 9.252499789E-02
 9.728800058E-01 9.864699841E-02
 9.763000011E-01 1.044600010E-01
 9.797099829E-01 1.099599972E-01
 9.831200242E-01 1.151800007E-01
 9.865199924E-01 1.200900003E-01
 9.899200201E-01 1.246900037E-01
 9.933099747E-01 1.290200055E-01
 9.966899753E-01 1.330900043E-01
 1.000100017E+00 1.368899941E-01
 1.003399968E+00 1.404000074E-01
 1.006800056E+00 1.436499953E-01
 1.010200024E+00 1.466699988E-01
 1.013499975E+00 1.494400054E-01
 1.016899943E+00 1.519400030E-01
 1.020200014E+00 1.542199999E-01
 1.023499966E+00 1.562899947E-01
 1.026800036E+00 1.581099927E-01
 1.030099988E+00 1.596799940E-01
 1.033400059E+00 1.611000001E-01
 1.036700010E+00 1.622699946E-01
 1.039999962E+00 1.632100046E-01
 1.043300033E+00 1.640000045E-01
 1.046599984E+00 1.645600051E-01
 1.049800038E+00 1.649300009E-01
 1.053099990E+00 1.651500016E-01
 1.056300044E+00 1.651400030E-01
 1.059599996E+00 1.650000066E-01
 1.062800050E+00 1.646700054E-01
 1.065999985E+00 1.641799957E-01
 1.069200039E+00 1.635500044E-01
 1.072399974E+00 1.627500057E-01
 1.075600028E+00 1.618299931E-01
 1.078699946E+00 1.607500017E-01
 1.081900001E+00 1.595599949E-01
 1.085000038E+00 1.582400054E-01
 1.088199973E+00 1.568100005E-01
 1.091300011E+00 1.552699953E-01
 1.094400048E+00 1.536200047E-01
 1.097499967E+00 1.518899947E-01
 1.100600004E+00 1.500599980E-01
 1.103700042E+00 1.481699944E-01
 1.106799960E+00 1.462000012E-01
 1.109799981E+00 1.441400051E-01
 1.112900019E+00 1.420599967E-01
 1.115900040E+00 1.398999989E-01
 1.118899941E+00 1.377200037E-01
 1.121999979E+00 1.354999989E-01
 1.125000000E+00 1.332300007E-01
 1.128000021E+00 1.309600025E-01
 1.130900025E+00 1.286700070E-01
 1.133900046E+00 1.263500005E-01
 1.136899948E+00 1.240499988E-01
 1.139799953E+00 1.217499971E-01
 1.142699957E+00 1.194500029E-01
 1.145699978E+00 1.171599999E-01
 1.148599982E+00 1.149000004E-01
 1.151499987E+00 1.126699969E-01
 1.154299974E+00 1.104499996E-01
 1.157199979E+00 1.082699969E-01
 1.160099983E+00 1.061299965E-01
 1.162899971E+00 1.040299982E-01
 1.165799975E+00 1.019800007E-01
 1.168599963E+00 9.996999800E-02
 1.171399951E+00 9.800600260E-02
 1.174200058E+00 9.609799832E-02
 1.177000046E+00 9.424199909E-02
 1.179700017E+00 9.244199842E-02
 1.182500005E+00 9.069500118E-02
 1.185299993E+00 8.900500089E-02
 1.187999964E+00 8.736900240E-02
 1.190700054E+00 8.579300344E-02
 1.193400025E+00 8.426699787E-02
 1.196099997E+00 8.279799670E-02
 1.198799968E+00 8.137899637E-02
 1.201500058E+00 8.001100272E-02
 1.204100013E+00 7.868800312E-02
 1.206799984E+00 7.740599662E-02
 1.209400058E+00 7.616700232E-02
 1.212000012E+00 7.496599853E-02
 1.214699984E+00 7.379999757E-02
 1.217300057E+00 7.267100364E-02
 1.219799995E+00 7.157099992E-02
 1.222399950E+00 7.050400227E-02
 1.225000024E+00 6.947000325E-02
 1.227499962E+00 6.846299767E-02
 1.230000019E+00 6.748200208E-02
 1.232599974E+00 6.652899832E-02
 1.235100031E+00 6.559900194E-02
 1.237599969E+00 6.469599903E-02
 1.240100026E+00 6.381399930E-02
 1.242499948E+00 6.295499951E-02
 1.245000005E+00 6.211800128E-02
 1.247400045E+00 6.130100042E-02
 1.249899983E+00 6.050600111E-02
 1.252300024E+00 5.973099917E-02
 1.254699945E+00 5.897099897E-02
 1.257099986E+00 5.823199823E-02
 1.259500027E+00 5.750700086E-02
 1.261800051E+00 5.680099875E-02
 1.264199972E+00 5.611300096E-02
 1.266499996E+00 5.543600023E-02
 1.268900037E+00 5.477799848E-02
 1.271199942E+00 5.413400009E-02
 1.273499966E+00 5.350200087E-02
 1.275799990E+00 5.288499966E-02
 1.278100014E+00 5.228000134E-02
 1.280300021E+00 5.169000104E-02
 1.282600045E+00 5.111199990E-02
 1.284800053E+00 5.054600164E-02
 1.287099957E+00 4.998800159E-02
 1.289299965E+00 4.944600165E-02
 1.291499972E+00 4.891199991E-02
 1.293699980E+00 4.839099944E-02
 1.295899987E+00 4.787800089E-02
 1.297999978E+00 4.737799987E-02
 1.300199986E+00 4.688600078E-02
 1.302299976E+00 4.640299827E-02
 1.304499984E+00 4.592899978E-02
 1.306599975E+00 4.546700045E-02
 1.308699965E+00 4.501099885E-02
 1.310799956E+00 4.456400126E-02
 1.312899947E+00 4.412300140E-02
 1.314900041E+00 4.369400069E-02
 1.317000031E+00 4.327100143E-02
 1.319100022E+00 4.285399988E-02
 1.321099997E+00 4.244500026E-02
 1.323099971E+00 4.204599932E-02
 1.325099945E+00 4.165000096E-02
 1.327100039E+00 4.126200080E-02
 1.329100013E+00 4.088399932E-02
 1.331099987E+00 4.050799832E-02
 1.332999945E+00 4.014199972E-02
 1.335000038E+00 3.977800161E-02
 1.336899996E+00 3.942300007E-02
 1.338899970E+00 3.907199949E-02
 1.340800047E+00 3.872900084E-02
 1.342700005E+00 3.838900104E-02
 1.344599962E+00 3.805499896E-02
 1.346400023E+00 3.772800043E-02
 1.348299980E+00 3.740600124E-02
 1.350200057E+00 3.708700091E-02
 1.351999998E+00 3.677399829E-02
 1.353800058E+00 3.646399826E-02
 1.355700016E+00 3.615999967E-02
 1.357499957E+00 3.586199880E-02
 1.359300017E+00 3.556700051E-02
 1.361099958E+00 3.527500108E-02
 1.362800002E+00 3.498899937E-02
 1.364599943E+00 3.470600024E-02
 1.366400003E+00 3.442800045E-02
 1.368100047E+00 3.415400162E-02
 1.369799972E+00 3.388300166E-02
 1.371600032E+00 3.361799940E-02
 1.373299956E+00 3.335300088E-02
 1.375000000E+00 3.309300169E-02
 1.376700044E+00 3.283699974E-02
 1.378299952E+00 3.258400038E-02
 1.379999995E+00 3.233600035E-02
 1.381600022E+00 3.208899871E-02
 1.383299947E+00 3.184499964E-02
 1.384899974E+00 3.160599992E-02
 1.386500001E+00 3.136799857E-02
 1.388200045E+00 3.113500029E-02
 1.389799953E+00 3.090300038E-02
 1.391299963E+00 3.067299910E-02
 1.392899990E+00 3.044700064E-02
 1.394500017E+00 3.022599965E-02
 1.396000028E+00 3.000600077E-02
 1.397600055E+00 2.978499979E-02
 1.399099946E+00 2.957100049E-02
 1.400699973E+00 2.935899980E-02
 1.402199984E+00 2.914799936E-02
 1.403699994E+00 2.893899940E-02
 1.405200005E+00 2.873300016E-02
 1.406700015E+00 2.852799930E-02
 1.408100009E+00 2.832500078E-02
 1.409600019E+00 2.812499925E-02
 1.411100030E+00 2.792900056E-02
 1.412500024E+00 2.773199975E-02
 1.413900018E+00 2.753799967E-02
 1.415400028E+00 2.734700032E-02
 1.416800022E+00 2.715699933E-02
 1.418200016E+00 2.696599998E-02
 1.419600010E+00 2.678100020E-02
 1.421000004E+00 2.659299970E-02
 1.422299981E+00 2.641200088E-02
 1.423699975E+00 2.622999996E-02
 1.425099969E+00 2.604800090E-02
 1.426399946E+00 2.586900070E-02
 1.427800059E+00 2.569000050E-02
 1.429100037E+00 2.551499940E-02
 1.430400014E+00 2.533899993E-02
 1.431699991E+00 2.516599931E-02
 1.432999969E+00 2.499300055E-02
 1.434299946E+00 2.481999993E-02
 1.435600042E+00 2.465000004E-02
 1.436900020E+00 2.448000014E-02
 1.438099980E+00 2.431399934E-02
 1.439399958E+00 2.414700016E-02
 1.440600038E+00 2.397999913E-02
 1.441900015E+00 2.381299995E-02
 1.443099976E+00 2.364899963E-02
 1.444300056E+00 2.348499931E-02
 1.445500016E+00 2.332100086E-02
 1.446699977E+00 2.315999940E-02
 1.447900057E+00 2.299899980E-02
 1.449100018E+00 2.283499949E-02
 1.450299978E+00 2.267399989E-02
 1.451500058E+00 2.251699939E-02
 1.452600002E+00 2.235599980E-02
 1.453799963E+00 2.219500020E-02
 1.454900026E+00 2.203699946E-02
 1.455999970E+00 2.187599987E-02
 1.457200050E+00 2.171799913E-02
 1.458299994E+00 2.156000026E-02
 1.459400058E+00 2.139900066E-02
 1.460500002E+00 2.124099992E-02
 1.461599946E+00 2.108000033E-02
 1.462700009E+00 2.092199959E-02
 1.463799953E+00 2.076099999E-02
 1.464800000E+00 2.060000040E-02
 1.465899944E+00 2.043900080E-02
 1.466899991E+00 2.027799934E-02
 1.468000054E+00 2.011400089E-02
 1.468999982E+00 1.995100081E-02
 1.470100045E+00 1.978700049E-02
 1.471099973E+00 1.962300017E-02
 1.472100019E+00 1.945300028E-02
 1.473099947E+00 1.928599924E-02
 1.474099994E+00 1.911300048E-02
 1.475100040E+00 1.894300058E-02
 1.476099968E+00 1.876699924E-02
 1.477100015E+00 1.858899929E-02
 1.478000045E+00 1.840999909E-02
 1.478999972E+00 1.822499931E-02
 1.479900002E+00 1.803700067E-02
 1.480900049E+00 1.784599945E-02
 1.481799960E+00 1.765000075E-02
 1.482800007E+00 1.744999923E-02
 1.483700037E+00 1.724099927E-02
 1.484599948E+00 1.702699997E-02
 1.485499978E+00 1.680600084E-02
 1.486400008E+00 1.657399908E-02
 1.487300038E+00 1.633300073E-02
 1.488199949E+00 1.607899927E-02
 1.489099979E+00 1.580799930E-02
 1.490000010E+00 1.552200038E-02
 1.490800023E+00 1.521500014E-02
 1.491700053E+00 1.489000022E-02
 1.492599964E+00 1.454399992E-02
 1.493399978E+00 1.416600030E-02
 1.494300008E+00 1.370699983E-02
 1.495100021E+00 1.307499968E-02
 1.495900035E+00 1.214499958E-02
 1.496799946E+00 1.088500023E-02
 1.497599959E+00 9.492900223E-03
 1.498399973E+00 8.691200055E-03
 1.499199986E+00 7.493199781E-03
 1.500000000E+00 7.898500189E-03
zone, t="FUN3D"
 2.780639759E-16 4.667586461E-02
 7.999999798E-04 1.713114418E-02
 1.606264967E-03 2.633275278E-02
 2.418837277E-03 2.429840155E-02
 3.237759229E-03 2.607842721E-02
 4.063073546E-03 2.631503344E-02
 4.894822836E-03 2.697122656E-02
 5.733050406E-03 2.730760723E-02
 6.577799562E-03 2.767803520E-02
 7.429112680E-03 2.796726301E-02
 8.287033997E-03 2.824307606E-02
 9.151606821E-03 2.848627977E-02
 1.002287492E-02 2.871070802E-02
 1.090088207E-02 2.891391702E-02
 1.178567298E-02 2.909981646E-02
 1.267729141E-02 2.926924266E-02
 1.357578207E-02 2.942425944E-02
 1.448118873E-02 2.956626378E-02
 1.539355703E-02 2.969683148E-02
 1.631293073E-02 2.981733717E-02
 1.723935641E-02 2.992908657E-02
 1.817287691E-02 3.003323451E-02
 1.911354065E-02 3.013082221E-02
 2.006139047E-02 3.022276424E-02
 2.101647109E-02 3.030987643E-02
 2.197883092E-02 3.039285727E-02
 2.294851467E-02 3.047232144E-02
 2.392556891E-02 3.054881841E-02
 2.491003834E-02 3.062283807E-02
 2.590196952E-02 3.069479950E-02
 2.690140903E-02 3.076509014E-02
 2.790840343E-02 3.083404899E-02
 2.892299928E-02 3.090197593E-02
 2.994524129E-02 3.096914105E-02
 3.097517975E-02 3.103577718E-02
 3.201285750E-02 3.110209480E-02
 3.305832669E-02 3.116828017E-02
 3.411163017E-02 3.123449720E-02
 3.517281637E-02 3.130089492E-02
 3.624192998E-02 3.136761114E-02
 3.731902316E-02 3.143475950E-02
 3.840414062E-02 3.150245547E-02
 3.949733078E-02 3.157079220E-02
 4.059864208E-02 3.163986653E-02
 4.170811921E-02 3.170976043E-02
 4.282581061E-02 3.178054839E-02
 4.395176470E-02 3.185230866E-02
 4.508602992E-02 3.192509711E-02
 4.622865468E-02 3.199898079E-02
 4.737968370E-02 3.207401559E-02
 4.853916913E-02 3.215026110E-02
 4.970715567E-02 3.222776577E-02
 5.088369548E-02 3.230657801E-02
 5.206883326E-02 3.238674626E-02
 5.326262116E-02 3.246831521E-02
 5.446510017E-02 3.255132586E-02
 5.567632616E-02 3.263581917E-02
 5.689634383E-02 3.272183985E-02
 5.812519789E-02 3.280942515E-02
 5.936294422E-02 3.289861605E-02
 6.060962752E-02 3.298944607E-02
 6.186529621E-02 3.308194876E-02
 6.312999874E-02 3.317616880E-02
 6.440377980E-02 3.327213600E-02
 6.568669528E-02 3.336988762E-02
 6.697878242E-02 3.346945718E-02
 6.828010082E-02 3.357088193E-02
 6.959069520E-02 3.367419913E-02
 7.091061771E-02 3.377943859E-02
 7.223990560E-02 3.388663754E-02
 7.357861102E-02 3.399583697E-02
 7.492678612E-02 3.410706669E-02
 7.628447562E-02 3.422036394E-02
 7.765173167E-02 3.433576971E-02
 7.902859896E-02 3.445331752E-02
 8.041512221E-02 3.457304835E-02
 8.181135356E-02 3.469499573E-02
 8.321733773E-02 3.481920436E-02
 8.463312685E-02 3.494571149E-02
 8.605875820E-02 3.507455811E-02
 8.749429882E-02 3.520578146E-02
 8.893977106E-02 3.533942997E-02
 9.039524198E-02 3.547554091E-02
 9.186074883E-02 3.561416268E-02
 9.333634377E-02 3.575533628E-02
 9.482206404E-02 3.589911014E-02
 9.631796926E-02 3.604552895E-02
 9.782408923E-02 3.619463742E-02
 9.934049100E-02 3.634649143E-02
 1.008672044E-01 3.650113568E-02
 1.024042815E-01 3.665862232E-02
 1.039517671E-01 3.681900725E-02
 1.055097058E-01 3.698233515E-02
 1.070781425E-01 3.714867309E-02
 1.086571217E-01 3.731806576E-02
 1.102466956E-01 3.749058023E-02
 1.118469015E-01 3.766626865E-02
 1.134577915E-01 3.784519807E-02
 1.150793955E-01 3.802742809E-02
 1.167117655E-01 3.821302205E-02
 1.183549538E-01 3.840204701E-02
 1.200089902E-01 3.859457001E-02
 1.216739267E-01 3.879066184E-02
 1.233498007E-01 3.899039328E-02
 1.250366569E-01 3.919383883E-02
 1.267345399E-01 3.940107673E-02
 1.284434944E-01 3.961217776E-02
 1.301635504E-01 3.982722759E-02
 1.318947524E-01 4.004630819E-02
 1.336371601E-01 4.026950151E-02
 1.353907883E-01 4.049689695E-02
 1.371556818E-01 4.072858766E-02
 1.389319003E-01 4.096465930E-02
 1.407194734E-01 4.120521247E-02
 1.425184160E-01 4.145034403E-02
 1.443288028E-01 4.170015454E-02
 1.461506635E-01 4.195474833E-02
 1.479840279E-01 4.221423343E-02
 1.498289257E-01 4.247872159E-02
 1.516854167E-01 4.274832830E-02
 1.535535157E-01 4.302317277E-02
 1.554332823E-01 4.330337420E-02
 1.573247313E-01 4.358905554E-02
 1.592279077E-01 4.388035461E-02
 1.611428410E-01 4.417740181E-02
 1.630695611E-01 4.448033497E-02
 1.650081277E-01 4.478929937E-02
 1.669585407E-01 4.510444403E-02
 1.689208597E-01 4.542592168E-02
 1.708951145E-01 4.575388879E-02
 1.728813201E-01 4.608851299E-02
 1.748795062E-01 4.642996192E-02
 1.768897325E-01 4.677841067E-02
 1.789119989E-01 4.713404551E-02
 1.809463501E-01 4.749705270E-02
 1.829928160E-01 4.786762595E-02
 1.850514114E-01 4.824597389E-02
 1.871221811E-01 4.863230139E-02
 1.892051548E-01 4.902682826E-02
 1.913003325E-01 4.942978546E-02
 1.934077740E-01 4.984140024E-02
 1.955274791E-01 5.026192591E-02
 1.976594776E-01 5.069160834E-02
 1.998037994E-01 5.113071948E-02
 2.019604743E-01 5.157953128E-02
 2.041295022E-01 5.203832686E-02
 2.063109279E-01 5.250740424E-02
 2.085047662E-01 5.298708007E-02
 2.107110322E-01 5.347767100E-02
 2.129297554E-01 5.397951603E-02
 2.151609361E-01 5.449296907E-02
 2.174046040E-01 5.501839519E-02
 2.196607888E-01 5.555617809E-02
 2.219294906E-01 5.610672385E-02
 2.242107242E-01 5.667044595E-02
 2.265045196E-01 5.724778771E-02
 2.288108766E-01 5.783921108E-02
 2.311298251E-01 5.844519660E-02
 2.334613651E-01 5.906625092E-02
 2.358054966E-01 5.970290303E-02
 2.381622493E-01 6.035571918E-02
 2.405316383E-01 6.102528423E-02
 2.429136485E-01 6.171222031E-02
 2.453083098E-01 6.241717935E-02
 2.477156222E-01 6.314084679E-02
 2.501356006E-01 6.388396770E-02
 2.525682449E-01 6.464729458E-02
 2.550135255E-01 6.543165445E-02
 2.574715018E-01 6.623791903E-02
 2.599421442E-01 6.706701219E-02
 2.624254823E-01 6.791990250E-02
 2.649214864E-01 6.879766285E-02
 2.674301565E-01 6.970139593E-02
 2.699515224E-01 7.063230872E-02
 2.724855542E-01 7.159170508E-02
 2.750322521E-01 7.258096337E-02
 2.775916159E-01 7.360159606E-02
 2.801636457E-01 7.465524226E-02
 2.827483416E-01 7.574369013E-02
 2.853456736E-01 7.686888427E-02
 2.879556417E-01 7.803297043E-02
 2.905782461E-01 7.923832536E-02
 2.932134569E-01 8.048764616E-02
 2.958613038E-01 8.178406954E-02
 2.985217273E-01 8.313138038E-02
 3.011947274E-01 8.453398198E-02
 3.038803041E-01 8.599654585E-02
 3.065784574E-01 8.752340823E-02
 3.092890978E-01 8.911800385E-02
 3.120122850E-01 9.078294039E-02
 3.147479594E-01 9.252016991E-02
 3.174961209E-01 9.433107078E-02
 3.202567399E-01 9.621653706E-02
 3.230297565E-01 9.817697853E-02
 3.258152306E-01 1.002123058E-01
 3.286130428E-01 1.023217738E-01
 3.314232230E-01 1.045039594E-01
 3.342457414E-01 1.067567244E-01
 3.370805681E-01 1.090763137E-01
 3.399276435E-01 1.114612073E-01
 3.427869678E-01 1.139095798E-01
 3.456584811E-01 1.164170206E-01
 3.485421836E-01 1.189818680E-01
 3.514380157E-01 1.215950698E-01
 3.543459177E-01 1.242512986E-01
 3.572659194E-01 1.269502789E-01
 3.601979017E-01 1.296898723E-01
 3.631418645E-01 1.324577779E-01
 3.660977483E-01 1.352430135E-01
 3.690654933E-01 1.380487382E-01
 3.720450699E-01 1.408771873E-01
 3.750364482E-01 1.436957717E-01
 3.780395389E-01 1.465074271E-01
 3.810542822E-01 1.493321508E-01
 3.840806186E-01 1.521161199E-01
 3.871185184E-01 1.548779309E-01
 3.901678622E-01 1.576232165E-01
 3.932286203E-01 1.602978408E-01
 3.963007331E-01 1.629577726E-01
 3.993840814E-01 1.655326188E-01
 4.024785757E-01 1.680435687E-01
 4.055841863E-01 1.704922318E-01
 4.087007940E-01 1.728402227E-01
 4.118283093E-01 1.751116812E-01
 4.149666429E-01 1.772686690E-01
 4.181156456E-01 1.793234050E-01
 4.212752879E-01 1.812565625E-01
 4.244453907E-01 1.830571294E-01
 4.276258647E-01 1.847328544E-01
 4.308166206E-01 1.862432659E-01
 4.340174794E-01 1.876255870E-01
 4.372283220E-01 1.888171434E-01
 4.404490292E-01 1.898546219E-01
 4.436794519E-01 1.907110959E-01
 4.469194710E-01 1.913473308E-01
 4.501688778E-01 1.918376535E-01
 4.534275532E-01 1.920688152E-01
 4.566953778E-01 1.921153069E-01
 4.599721134E-01 1.919397712E-01
 4.632576406E-01 1.914902776E-01
 4.665518105E-01 1.908539981E-01
 4.698544145E-01 1.899416447E-01
 4.731652737E-01 1.887418479E-01
 4.764842689E-01 1.873265207E-01
 4.798111618E-01 1.856140941E-01
 4.831458032E-01 1.835950911E-01
 4.864880145E-01 1.813071817E-01
 4.898376465E-01 1.787358671E-01
 4.931944907E-01 1.758241355E-01
 4.965583980E-01 1.725907475E-01
 4.999292195E-01 1.690667570E-01
 5.033067465E-01 1.652044952E-01
 5.066908002E-01 1.609788388E-01
 5.100812912E-01 1.564118415E-01
 5.134780407E-01 1.515057981E-01
 5.168808699E-01 1.462519467E-01
 5.202897191E-01 1.406029314E-01
 5.237043500E-01 1.345667243E-01
 5.271247625E-01 1.281789690E-01
 5.305507779E-01 1.213974580E-01
 5.339823365E-01 1.142399684E-01
 5.374191999E-01 1.066579595E-01
 5.408614874E-01 9.866411239E-02
 5.443089604E-01 9.028388560E-02
 5.477616787E-01 8.148929477E-02
 5.512195230E-01 7.228276879E-02
 5.546824932E-01 6.266297400E-02
 5.581504703E-01 5.260529742E-02
 5.616235137E-01 4.211781174E-02
 5.651015639E-01 3.121997230E-02
 5.685847402E-01 1.989445835E-02
 5.720728636E-01 8.147242479E-03
 5.755661130E-01 -4.023802467E-03
 5.790644884E-01 -1.661493070E-02
 5.825679898E-01 -2.962525189E-02
 5.860767365E-01 -4.305681959E-02
 5.895906687E-01 -5.690433830E-02
 5.931099653E-01 -7.116564363E-02
 5.966346264E-01 -8.581331372E-02
 6.001648307E-01 -1.008930504E-01
 6.037005186E-01 -1.162967384E-01
 6.072419286E-01 -1.320378780E-01
 6.107890606E-01 -1.481476128E-01
 6.143419743E-01 -1.645948738E-01
 6.179008484E-01 -1.813598424E-01
 6.214657426E-01 -1.984227896E-01
 6.250367761E-01 -2.157611847E-01
 6.286140084E-01 -2.333508432E-01
 6.321974993E-01 -2.511650026E-01
 6.357874274E-01 -2.691743970E-01
 6.393837333E-01 -2.873480022E-01
 6.429865360E-01 -3.056520522E-01
 6.465959549E-01 -3.240495324E-01
 6.502119303E-01 -3.425016105E-01
 6.538345814E-01 -3.609671593E-01
 6.574639082E-01 -3.794013262E-01
 6.610997915E-01 -3.977572024E-01
 6.647424102E-01 -4.159864485E-01
 6.683915854E-01 -4.340373874E-01
 6.720473170E-01 -4.518564939E-01
 6.757094860E-01 -4.693889320E-01
 6.793780923E-01 -4.865771532E-01
 6.830529571E-01 -5.033639669E-01
 6.867339015E-01 -5.196903348E-01
 6.904208660E-01 -5.354988575E-01
 6.941135526E-01 -5.507218838E-01
 6.978118420E-01 -5.653270483E-01
 7.015154362E-01 -5.791686773E-01
 7.052240968E-01 -5.922062397E-01
 7.089375854E-01 -6.044588685E-01
 7.126555443E-01 -6.158256531E-01
 7.163776159E-01 -6.262724996E-01
 7.201035023E-01 -6.357362270E-01
 7.238328457E-01 -6.441940665E-01
 7.275652289E-01 -6.515643597E-01
 7.313002348E-01 -6.577436924E-01
 7.350375056E-01 -6.627832055E-01
 7.387765050E-01 -6.666858792E-01
 7.425169349E-01 -6.694126725E-01
 7.462582588E-01 -6.709309220E-01
 7.500000000E-01 -6.712979078E-01
 7.537417412E-01 -6.703512669E-01
 7.574830651E-01 -6.681275964E-01
 7.612234950E-01 -6.647897363E-01
 7.649624944E-01 -6.602685452E-01
 7.686997652E-01 -6.546088457E-01
 7.724347711E-01 -6.478439569E-01
 7.761671543E-01 -6.399758458E-01
 7.798964977E-01 -6.309883595E-01
 7.836223841E-01 -6.210098863E-01
 7.873444557E-01 -6.101092696E-01
 7.910624146E-01 -5.983145237E-01
 7.947759032E-01 -5.856897235E-01
 7.984845638E-01 -5.722754002E-01
 8.021881580E-01 -5.581673980E-01
 8.058864474E-01 -5.433577299E-01
 8.095791340E-01 -5.279166698E-01
 8.132660985E-01 -5.119765401E-01
 8.169470429E-01 -4.955667257E-01
 8.206219077E-01 -4.787560701E-01
 8.242905140E-01 -4.616005719E-01
 8.279526830E-01 -4.441619217E-01
 8.316084146E-01 -4.264965355E-01
 8.352575898E-01 -4.086618125E-01
 8.389002085E-01 -3.907111883E-01
 8.425360918E-01 -3.726968467E-01
 8.461654186E-01 -3.546681702E-01
 8.497880697E-01 -3.366714418E-01
 8.534040451E-01 -3.187508285E-01
 8.570134640E-01 -3.009478748E-01
 8.606162667E-01 -2.833004296E-01
 8.642125726E-01 -2.658438385E-01
 8.678025007E-01 -2.486109436E-01
 8.713859916E-01 -2.316312641E-01
 8.749632239E-01 -2.149315178E-01
 8.785342574E-01 -1.985363066E-01
 8.820991516E-01 -1.824668646E-01
 8.856580257E-01 -1.667398512E-01
 8.892109394E-01 -1.513677835E-01
 8.927580714E-01 -1.363644898E-01
 8.962994814E-01 -1.217504740E-01
 8.998351693E-01 -1.075002775E-01
 9.033653736E-01 -9.363525361E-02
 9.068900347E-01 -8.027410507E-02
 9.104093313E-01 -6.729365140E-02
 9.139232635E-01 -5.472480133E-02
 9.174320102E-01 -4.256793484E-02
 9.209355116E-01 -3.082566336E-02
 9.244338870E-01 -1.949819364E-02
 9.279271364E-01 -8.580176160E-03
 9.314152598E-01 1.932325889E-03
 9.348984361E-01 1.204366703E-02
 9.383764863E-01 2.175995335E-02
 9.418495297E-01 3.108518384E-02
 9.453175068E-01 4.003236443E-02
 9.487804770E-01 4.859568179E-02
 9.522383213E-01 5.678381026E-02
 9.556910396E-01 6.461492926E-02
 9.591385126E-01 7.209196687E-02
 9.625808001E-01 7.922103256E-02
 9.660176635E-01 8.601912856E-02
 9.694492221E-01 9.247534722E-02
 9.728752375E-01 9.859912843E-02
 9.762956500E-01 1.044161022E-01
 9.797102809E-01 1.099190414E-01
 9.831191301E-01 1.151320189E-01
 9.865219593E-01 1.200359389E-01
 9.899187088E-01 1.246423870E-01
 9.933091998E-01 1.289758980E-01
 9.966932535E-01 1.330378503E-01
 1.000070810E+00 1.368277073E-01
 1.003441572E+00 1.403405517E-01
 1.006805539E+00 1.435969919E-01
 1.010162354E+00 1.466164142E-01
 1.013512015E+00 1.493781656E-01
 1.016854167E+00 1.518842727E-01
 1.020188808E+00 1.541668922E-01
 1.023515701E+00 1.562257260E-01
 1.026834726E+00 1.580411494E-01
 1.030145645E+00 1.596308649E-01
 1.033448219E+00 1.610321254E-01
 1.036742330E+00 1.621969044E-01
 1.040027857E+00 1.631516963E-01
 1.043304682E+00 1.639347076E-01
 1.046572447E+00 1.644920260E-01
 1.049831152E+00 1.648712754E-01
 1.053080559E+00 1.650762558E-01
 1.056320548E+00 1.650749445E-01
 1.059551001E+00 1.649353951E-01
 1.062771678E+00 1.646017134E-01
 1.065982580E+00 1.641160995E-01
 1.069183350E+00 1.634808332E-01
 1.072374105E+00 1.626828164E-01
 1.075554609E+00 1.617597789E-01
 1.078724742E+00 1.606863886E-01
 1.081884384E+00 1.594949067E-01
 1.085033417E+00 1.581752896E-01
 1.088171721E+00 1.567418873E-01
 1.091299176E+00 1.552035213E-01
 1.094415784E+00 1.535571963E-01
 1.097521424E+00 1.518276036E-01
 1.100615978E+00 1.499989927E-01
 1.103699327E+00 1.481034309E-01
 1.106771350E+00 1.461312473E-01
 1.109832168E+00 1.440820843E-01
 1.112881541E+00 1.419984847E-01
 1.115919352E+00 1.398414820E-01
 1.118945718E+00 1.376586556E-01
 1.121960521E+00 1.354346126E-01
 1.124963522E+00 1.331700087E-01
 1.127954960E+00 1.309005171E-01
 1.130934477E+00 1.286063641E-01
 1.133902311E+00 1.262967139E-01
 1.136858106E+00 1.239932254E-01
 1.139802098E+00 1.216909140E-01
 1.142734051E+00 1.193924323E-01
 1.145654082E+00 1.171086431E-01
 1.148561954E+00 1.148473471E-01
 1.151457787E+00 1.126093790E-01
 1.154341459E+00 1.103974208E-01
 1.157212973E+00 1.082181633E-01
 1.160072327E+00 1.060779244E-01
 1.162919402E+00 1.039777622E-01
 1.165754199E+00 1.019218564E-01
 1.168576717E+00 9.991195053E-02
 1.171386957E+00 9.795089811E-02
 1.174184799E+00 9.604191035E-02
 1.176970243E+00 9.418655932E-02
 1.179743290E+00 9.238607436E-02
 1.182503939E+00 9.064126015E-02
 1.185252070E+00 8.895248175E-02
 1.187987685E+00 8.731970936E-02
 1.190710902E+00 8.574251086E-02
 1.193421602E+00 8.422003686E-02
 1.196119666E+00 8.275092393E-02
 1.198805213E+00 8.133318275E-02
 1.201478243E+00 7.996428013E-02
 1.204138756E+00 7.864128053E-02
 1.206786513E+00 7.736127079E-02
 1.209421754E+00 7.612171769E-02
 1.212044358E+00 7.492042333E-02
 1.214654326E+00 7.375543565E-02
 1.217251658E+00 7.262498140E-02
 1.219836354E+00 7.152743638E-02
 1.222408414E+00 7.046129555E-02
 1.224967718E+00 6.942517310E-02
 1.227514505E+00 6.841775775E-02
 1.230048537E+00 6.743783504E-02
 1.232569814E+00 6.648427248E-02
 1.235078573E+00 6.555598229E-02
 1.237574458E+00 6.465197355E-02
 1.240057826E+00 6.377128512E-02
 1.242528439E+00 6.291301548E-02
 1.244986415E+00 6.207631901E-02
 1.247431755E+00 6.126038730E-02
 1.249864459E+00 6.046445668E-02
 1.252284408E+00 5.968780443E-02
 1.254691720E+00 5.892973766E-02
 1.257086396E+00 5.818960443E-02
 1.259468317E+00 5.746677890E-02
 1.261837721E+00 5.676066130E-02
 1.264194489E+00 5.607069284E-02
 1.266538620E+00 5.539632589E-02
 1.268870234E+00 5.473704264E-02
 1.271189094E+00 5.409235135E-02
 1.273495436E+00 5.346177518E-02
 1.275789261E+00 5.284486711E-02
 1.278070450E+00 5.224118754E-02
 1.280339241E+00 5.165032670E-02
 1.282595396E+00 5.107188225E-02
 1.284839034E+00 5.050547421E-02
 1.287070274E+00 4.995073006E-02
 1.289288998E+00 4.940730706E-02
 1.291495204E+00 4.887485877E-02
 1.293689013E+00 4.835306481E-02
 1.295870543E+00 4.784160852E-02
 1.298039556E+00 4.734018818E-02
 1.300196171E+00 4.684852064E-02
 1.302340508E+00 4.636631906E-02
 1.304472566E+00 4.589331895E-02
 1.306592226E+00 4.542925954E-02
 1.308699608E+00 4.497389495E-02
 1.310794830E+00 4.452697560E-02
 1.312877774E+00 4.408827797E-02
 1.314948559E+00 4.365757108E-02
 1.317007184E+00 4.323463887E-02
 1.319053650E+00 4.281927645E-02
 1.321087956E+00 4.241127893E-02
 1.323110223E+00 4.201044887E-02
 1.325120449E+00 4.161659628E-02
 1.327118635E+00 4.122954234E-02
 1.329104900E+00 4.084910825E-02
 1.331079125E+00 4.047512263E-02
 1.333041430E+00 4.010741785E-02
 1.334991932E+00 3.974583372E-02
 1.336930394E+00 3.939021751E-02
 1.338857174E+00 3.904041275E-02
 1.340772152E+00 3.869627789E-02
 1.342675328E+00 3.835766762E-02
 1.344566703E+00 3.802444413E-02
 1.346446514E+00 3.769647703E-02
 1.348314643E+00 3.737363592E-02
 1.350171089E+00 3.705579042E-02
 1.352015972E+00 3.674282506E-02
 1.353849292E+00 3.643461689E-02
 1.355671167E+00 3.613104671E-02
 1.357481599E+00 3.583201021E-02
 1.359280586E+00 3.553739190E-02
 1.361068130E+00 3.524708748E-02
 1.362844348E+00 3.496099263E-02
 1.364609241E+00 3.467900679E-02
 1.366362810E+00 3.440103680E-02
 1.368105292E+00 3.412698209E-02
 1.369836450E+00 3.385674953E-02
 1.371556520E+00 3.359024972E-02
 1.373265505E+00 3.332739696E-02
 1.374963284E+00 3.306809813E-02
 1.376650214E+00 3.281227872E-02
 1.378326058E+00 3.255984560E-02
 1.379991055E+00 3.231073171E-02
 1.381645083E+00 3.206484765E-02
 1.383288264E+00 3.182212263E-02
 1.384920597E+00 3.158248216E-02
 1.386542201E+00 3.134584799E-02
 1.388153076E+00 3.111215681E-02
 1.389753342E+00 3.088133410E-02
 1.391342878E+00 3.065331280E-02
 1.392921805E+00 3.042802587E-02
 1.394490242E+00 3.020540625E-02
 1.396048188E+00 2.998539433E-02
 1.397595763E+00 2.976792306E-02
 1.399132848E+00 2.955293283E-02
 1.400659561E+00 2.934036218E-02
 1.402175903E+00 2.913015150E-02
 1.403681993E+00 2.892224491E-02
 1.405177951E+00 2.871658280E-02
 1.406663656E+00 2.851311117E-02
 1.408139229E+00 2.831177227E-02
 1.409604788E+00 2.811251208E-02
 1.411060214E+00 2.791527845E-02
 1.412505746E+00 2.772001922E-02
 1.413941264E+00 2.752667852E-02
 1.415366888E+00 2.733520977E-02
 1.416782618E+00 2.714555897E-02
 1.418188691E+00 2.695767581E-02
 1.419584870E+00 2.677151375E-02
 1.420971394E+00 2.658702061E-02
 1.422348261E+00 2.640414983E-02
 1.423715472E+00 2.622285299E-02
 1.425073266E+00 2.604308166E-02
 1.426421404E+00 2.586478926E-02
 1.427760124E+00 2.568792738E-02
 1.429089427E+00 2.551245131E-02
 1.430409312E+00 2.533831261E-02
 1.431719899E+00 2.516546659E-02
 1.433021188E+00 2.499386296E-02
 1.434313297E+00 2.482346073E-02
 1.435596228E+00 2.465420961E-02
 1.436869979E+00 2.448606305E-02
 1.438134670E+00 2.431897633E-02
 1.439390421E+00 2.415289916E-02
 1.440637112E+00 2.398778871E-02
 1.441874743E+00 2.382359281E-02
 1.443103671E+00 2.366026677E-02
 1.444323659E+00 2.349776030E-02
 1.445534945E+00 2.333602495E-02
 1.446737409E+00 2.317500673E-02
 1.447931170E+00 2.301465906E-02
 1.449116349E+00 2.285492979E-02
 1.450292826E+00 2.269576117E-02
 1.451460838E+00 2.253710292E-02
 1.452620268E+00 2.237889729E-02
 1.453771353E+00 2.222108655E-02
 1.454913974E+00 2.206361108E-02
 1.456048250E+00 2.190640941E-02
 1.457174182E+00 2.174942009E-02
 1.458291888E+00 2.159257419E-02
 1.459401369E+00 2.143580280E-02
 1.460502625E+00 2.127903327E-02
 1.461595893E+00 2.112219110E-02
 1.462680936E+00 2.096519619E-02
 1.463758111E+00 2.080796286E-02
 1.464827180E+00 2.065040357E-02
 1.465888381E+00 2.049242333E-02
 1.466941714E+00 2.033392154E-02
 1.467987180E+00 2.017479017E-02
 1.469024777E+00 2.001491189E-02
 1.470054746E+00 1.985416375E-02
 1.471076965E+00 1.969240978E-02
 1.472091556E+00 1.952950656E-02
 1.473098636E+00 1.936529204E-02
 1.474098086E+00 1.919959113E-02
 1.475089908E+00 1.903221384E-02
 1.476074457E+00 1.886294968E-02
 1.477051497E+00 1.869156212E-02
 1.478021145E+00 1.851779222E-02
 1.478983521E+00 1.834134571E-02
 1.479938626E+00 1.816189475E-02
 1.480886459E+00 1.797906868E-02
 1.481827140E+00 1.779243909E-02
 1.482760668E+00 1.760152541E-02
 1.483687043E+00 1.740575954E-02
 1.484606385E+00 1.720449142E-02
 1.485518813E+00 1.699696481E-02
 1.486424208E+00 1.678230055E-02
 1.487322688E+00 1.655947231E-02
 1.488214374E+00 1.632717997E-02
 1.489099145E+00 1.608369499E-02
 1.489977121E+00 1.582648046E-02
 1.490848422E+00 1.555254590E-02
 1.491712928E+00 1.525889523E-02
 1.492570877E+00 1.494623348E-02
 1.493422151E+00 1.461702585E-02
 1.494266987E+00 1.427656785E-02
 1.495105147E+00 1.389506646E-02
 1.495936871E+00 1.340959128E-02
 1.496762276E+00 1.263995469E-02
 1.497581124E+00 1.153718214E-02
 1.498393774E+00 1.009956188E-02
 1.499199986E+00 9.284939617E-03
 1.500000000E+00 2.824528143E-03
