variables="x","Mu_tOverMu_inf"
   -0.24773E+02    0.21045E+00
   -0.24322E+02    0.21045E+00
   -0.23880E+02    0.21045E+00
   -0.23446E+02    0.21045E+00
   -0.23020E+02    0.21045E+00
   -0.22602E+02    0.21045E+00
   -0.22191E+02    0.21045E+00
   -0.21787E+02    0.21045E+00
   -0.21391E+02    0.21045E+00
   -0.21002E+02    0.21045E+00
   -0.20621E+02    0.21045E+00
   -0.20246E+02    0.21045E+00
   -0.19878E+02    0.21045E+00
   -0.19516E+02    0.21045E+00
   -0.19162E+02    0.21045E+00
   -0.18813E+02    0.21045E+00
   -0.18471E+02    0.21045E+00
   -0.18136E+02    0.21045E+00
   -0.17806E+02    0.21045E+00
   -0.17482E+02    0.21045E+00
   -0.17164E+02    0.21045E+00
   -0.16852E+02    0.21045E+00
   -0.16546E+02    0.21045E+00
   -0.16245E+02    0.21045E+00
   -0.15950E+02    0.21045E+00
   -0.15660E+02    0.21045E+00
   -0.15375E+02    0.21045E+00
   -0.15096E+02    0.21045E+00
   -0.14821E+02    0.21045E+00
   -0.14552E+02    0.21046E+00
   -0.14287E+02    0.21046E+00
   -0.14028E+02    0.21046E+00
   -0.13773E+02    0.21046E+00
   -0.13522E+02    0.21046E+00
   -0.13277E+02    0.21046E+00
   -0.13035E+02    0.21046E+00
   -0.12798E+02    0.21046E+00
   -0.12566E+02    0.21046E+00
   -0.12337E+02    0.21046E+00
   -0.12113E+02    0.21046E+00
   -0.11893E+02    0.21046E+00
   -0.11677E+02    0.21046E+00
   -0.11464E+02    0.21046E+00
   -0.11256E+02    0.21046E+00
   -0.11051E+02    0.21046E+00
   -0.10850E+02    0.21046E+00
   -0.10653E+02    0.21046E+00
   -0.10460E+02    0.21046E+00
   -0.10269E+02    0.21046E+00
   -0.10083E+02    0.21046E+00
   -0.98994E+01    0.21046E+00
   -0.97195E+01    0.21046E+00
   -0.95428E+01    0.21046E+00
   -0.93693E+01    0.21046E+00
   -0.91990E+01    0.21046E+00
   -0.90318E+01    0.21046E+00
   -0.88676E+01    0.21046E+00
   -0.87064E+01    0.21046E+00
   -0.85481E+01    0.21046E+00
   -0.83927E+01    0.21046E+00
   -0.82402E+01    0.21046E+00
   -0.80904E+01    0.21046E+00
   -0.79433E+01    0.21047E+00
   -0.77989E+01    0.21047E+00
   -0.76571E+01    0.21047E+00
   -0.75179E+01    0.21047E+00
   -0.73813E+01    0.21047E+00
   -0.72471E+01    0.21047E+00
   -0.71154E+01    0.21047E+00
   -0.69860E+01    0.21047E+00
   -0.68590E+01    0.21047E+00
   -0.67343E+01    0.21047E+00
   -0.66119E+01    0.21047E+00
   -0.64917E+01    0.21047E+00
   -0.63737E+01    0.21047E+00
   -0.62578E+01    0.21047E+00
   -0.61441E+01    0.21047E+00
   -0.60324E+01    0.21047E+00
   -0.59227E+01    0.21047E+00
   -0.58151E+01    0.21047E+00
   -0.57094E+01    0.21048E+00
   -0.56056E+01    0.21048E+00
   -0.55037E+01    0.21048E+00
   -0.54036E+01    0.21048E+00
   -0.53054E+01    0.21048E+00
   -0.52089E+01    0.21048E+00
   -0.51143E+01    0.21048E+00
   -0.50213E+01    0.21048E+00
   -0.49300E+01    0.21048E+00
   -0.48404E+01    0.21049E+00
   -0.47524E+01    0.21049E+00
   -0.46660E+01    0.21049E+00
   -0.45812E+01    0.21049E+00
   -0.44979E+01    0.21049E+00
   -0.44161E+01    0.21049E+00
   -0.43358E+01    0.21049E+00
   -0.42570E+01    0.21049E+00
   -0.41796E+01    0.21049E+00
   -0.41037E+01    0.21050E+00
   -0.40291E+01    0.21050E+00
   -0.39558E+01    0.21050E+00
   -0.38839E+01    0.21050E+00
   -0.38133E+01    0.21050E+00
   -0.37440E+01    0.21051E+00
   -0.36759E+01    0.21051E+00
   -0.36091E+01    0.21052E+00
   -0.35435E+01    0.21052E+00
   -0.34790E+01    0.21052E+00
   -0.34158E+01    0.21053E+00
   -0.33537E+01    0.21053E+00
   -0.32927E+01    0.21053E+00
   -0.32329E+01    0.21054E+00
   -0.31741E+01    0.21054E+00
   -0.31164E+01    0.21054E+00
   -0.30597E+01    0.21054E+00
   -0.30041E+01    0.21055E+00
   -0.29495E+01    0.21055E+00
   -0.28959E+01    0.21056E+00
   -0.28432E+01    0.21056E+00
   -0.27915E+01    0.21057E+00
   -0.27408E+01    0.21057E+00
   -0.26910E+01    0.21058E+00
   -0.26420E+01    0.21059E+00
   -0.25940E+01    0.21059E+00
   -0.25468E+01    0.21060E+00
   -0.25005E+01    0.21061E+00
   -0.24551E+01    0.21062E+00
   -0.24104E+01    0.21063E+00
   -0.23666E+01    0.21064E+00
   -0.23236E+01    0.21065E+00
   -0.22813E+01    0.21066E+00
   -0.22399E+01    0.21067E+00
   -0.21991E+01    0.21068E+00
   -0.21592E+01    0.21069E+00
   -0.21199E+01    0.21070E+00
   -0.20814E+01    0.21070E+00
   -0.20435E+01    0.21071E+00
   -0.20064E+01    0.21073E+00
   -0.19699E+01    0.21074E+00
   -0.19341E+01    0.21075E+00
   -0.18989E+01    0.21076E+00
   -0.18644E+01    0.21078E+00
   -0.18305E+01    0.21079E+00
   -0.17972E+01    0.21081E+00
   -0.17645E+01    0.21083E+00
   -0.17324E+01    0.21084E+00
   -0.17009E+01    0.21086E+00
   -0.16700E+01    0.21088E+00
   -0.16396E+01    0.21090E+00
   -0.16098E+01    0.21092E+00
   -0.15805E+01    0.21094E+00
   -0.15518E+01    0.21096E+00
   -0.15236E+01    0.21099E+00
   -0.14959E+01    0.21101E+00
   -0.14687E+01    0.21104E+00
   -0.14419E+01    0.21107E+00
   -0.14157E+01    0.21109E+00
   -0.13900E+01    0.21112E+00
   -0.13647E+01    0.21115E+00
   -0.13399E+01    0.21117E+00
   -0.13155E+01    0.21120E+00
   -0.12916E+01    0.21122E+00
   -0.12681E+01    0.21125E+00
   -0.12450E+01    0.21128E+00
   -0.12224E+01    0.21130E+00
   -0.12001E+01    0.21133E+00
   -0.11783E+01    0.21136E+00
   -0.11569E+01    0.21138E+00
   -0.11358E+01    0.21141E+00
   -0.11152E+01    0.21144E+00
   -0.10949E+01    0.21148E+00
   -0.10750E+01    0.21151E+00
   -0.10554E+01    0.21154E+00
   -0.10362E+01    0.21157E+00
   -0.10174E+01    0.21161E+00
   -0.99884E+00    0.21164E+00
   -0.98067E+00    0.21167E+00
   -0.96282E+00    0.21170E+00
   -0.94530E+00    0.21173E+00
   -0.92810E+00    0.21176E+00
   -0.91121E+00    0.21179E+00
   -0.89463E+00    0.21182E+00
   -0.87835E+00    0.21184E+00
   -0.86236E+00    0.21187E+00
   -0.84666E+00    0.21190E+00
   -0.83125E+00    0.21193E+00
   -0.81612E+00    0.21195E+00
   -0.80126E+00    0.21198E+00
   -0.78668E+00    0.21201E+00
   -0.77235E+00    0.21205E+00
   -0.75829E+00    0.21208E+00
   -0.74448E+00    0.21211E+00
   -0.73093E+00    0.21214E+00
   -0.71762E+00    0.21218E+00
   -0.70455E+00    0.21221E+00
   -0.69172E+00    0.21224E+00
   -0.67912E+00    0.21227E+00
   -0.66675E+00    0.21230E+00
   -0.65460E+00    0.21233E+00
   -0.64267E+00    0.21236E+00
   -0.63096E+00    0.21239E+00
   -0.61947E+00    0.21241E+00
   -0.60818E+00    0.21243E+00
   -0.59709E+00    0.21246E+00
   -0.58621E+00    0.21248E+00
   -0.57552E+00    0.21249E+00
   -0.56503E+00    0.21251E+00
   -0.55473E+00    0.21252E+00
   -0.54461E+00    0.21254E+00
   -0.53468E+00    0.21255E+00
   -0.52493E+00    0.21256E+00
   -0.51536E+00    0.21257E+00
   -0.50595E+00    0.21257E+00
   -0.49672E+00    0.21258E+00
   -0.48766E+00    0.21258E+00
   -0.47876E+00    0.21258E+00
   -0.47002E+00    0.21259E+00
   -0.46144E+00    0.21259E+00
   -0.45301E+00    0.21259E+00
   -0.44474E+00    0.21259E+00
   -0.43661E+00    0.21259E+00
   -0.42864E+00    0.21258E+00
   -0.42081E+00    0.21258E+00
   -0.41311E+00    0.21258E+00
   -0.40556E+00    0.21258E+00
   -0.39815E+00    0.21258E+00
   -0.39087E+00    0.21258E+00
   -0.38372E+00    0.21257E+00
   -0.37670E+00    0.21257E+00
   -0.36980E+00    0.21257E+00
   -0.36303E+00    0.21257E+00
   -0.35639E+00    0.21256E+00
   -0.34986E+00    0.21256E+00
   -0.34345E+00    0.21256E+00
   -0.33716E+00    0.21256E+00
   -0.33097E+00    0.21255E+00
   -0.32491E+00    0.21255E+00
   -0.31895E+00    0.21255E+00
   -0.31309E+00    0.21255E+00
   -0.30735E+00    0.21255E+00
   -0.30170E+00    0.21254E+00
   -0.29616E+00    0.21254E+00
   -0.29072E+00    0.21254E+00
   -0.28538E+00    0.21254E+00
   -0.28013E+00    0.21254E+00
   -0.27497E+00    0.21253E+00
   -0.26991E+00    0.21253E+00
   -0.26494E+00    0.21253E+00
   -0.26006E+00    0.21253E+00
   -0.25527E+00    0.21253E+00
   -0.25056E+00    0.21252E+00
   -0.24593E+00    0.21252E+00
   -0.24139E+00    0.21252E+00
   -0.23693E+00    0.21252E+00
   -0.23255E+00    0.21252E+00
   -0.22825E+00    0.21252E+00
   -0.22403E+00    0.21252E+00
   -0.21988E+00    0.21252E+00
   -0.21580E+00    0.21251E+00
   -0.21180E+00    0.21251E+00
   -0.20787E+00    0.21251E+00
   -0.20401E+00    0.21251E+00
   -0.20021E+00    0.21251E+00
   -0.19649E+00    0.21251E+00
   -0.19283E+00    0.21251E+00
   -0.18923E+00    0.21251E+00
   -0.18570E+00    0.21251E+00
   -0.18223E+00    0.21251E+00
   -0.17883E+00    0.21251E+00
   -0.17548E+00    0.21251E+00
   -0.17219E+00    0.21250E+00
   -0.16896E+00    0.21250E+00
   -0.16579E+00    0.21250E+00
   -0.16267E+00    0.21250E+00
   -0.15961E+00    0.21250E+00
   -0.15660E+00    0.21250E+00
   -0.15364E+00    0.21250E+00
   -0.15074E+00    0.21250E+00
   -0.14789E+00    0.21250E+00
   -0.14508E+00    0.21250E+00
   -0.14233E+00    0.21250E+00
   -0.13962E+00    0.21250E+00
   -0.13696E+00    0.21250E+00
   -0.13435E+00    0.21250E+00
   -0.13178E+00    0.21250E+00
   -0.12925E+00    0.21250E+00
   -0.12677E+00    0.21250E+00
   -0.12433E+00    0.21250E+00
   -0.12194E+00    0.21250E+00
   -0.11958E+00    0.21250E+00
   -0.11727E+00    0.21250E+00
   -0.11499E+00    0.21250E+00
   -0.11276E+00    0.21250E+00
   -0.11056E+00    0.21250E+00
   -0.10839E+00    0.21250E+00
   -0.10627E+00    0.21250E+00
   -0.10418E+00    0.21250E+00
   -0.10213E+00    0.21250E+00
   -0.10010E+00    0.21250E+00
   -0.98119E-01    0.21250E+00
   -0.96165E-01    0.21250E+00
   -0.94244E-01    0.21250E+00
   -0.92355E-01    0.21250E+00
   -0.90497E-01    0.21250E+00
   -0.88669E-01    0.21250E+00
   -0.86871E-01    0.21250E+00
   -0.85102E-01    0.21250E+00
   -0.83362E-01    0.21250E+00
   -0.81650E-01    0.21250E+00
   -0.79966E-01    0.21250E+00
   -0.78308E-01    0.21250E+00
   -0.76677E-01    0.21250E+00
   -0.75072E-01    0.21250E+00
   -0.73491E-01    0.21251E+00
   -0.71936E-01    0.21251E+00
   -0.70405E-01    0.21251E+00
   -0.68897E-01    0.21251E+00
   -0.67413E-01    0.21251E+00
   -0.65951E-01    0.21251E+00
   -0.64512E-01    0.21251E+00
   -0.63094E-01    0.21251E+00
   -0.61698E-01    0.21251E+00
   -0.60322E-01    0.21251E+00
   -0.58966E-01    0.21251E+00
   -0.57631E-01    0.21251E+00
   -0.56315E-01    0.21251E+00
   -0.55017E-01    0.21251E+00
   -0.53739E-01    0.21251E+00
   -0.52478E-01    0.21251E+00
   -0.51235E-01    0.21251E+00
   -0.50009E-01    0.21251E+00
   -0.48801E-01    0.21251E+00
   -0.47608E-01    0.21251E+00
   -0.46432E-01    0.21251E+00
   -0.45271E-01    0.21251E+00
   -0.44125E-01    0.21251E+00
   -0.42994E-01    0.21251E+00
   -0.41878E-01    0.21251E+00
   -0.40776E-01    0.21251E+00
   -0.39688E-01    0.21251E+00
   -0.38613E-01    0.21251E+00
   -0.37550E-01    0.21251E+00
   -0.36501E-01    0.21251E+00
   -0.35464E-01    0.21251E+00
   -0.34439E-01    0.21251E+00
   -0.33425E-01    0.21251E+00
   -0.32423E-01    0.21250E+00
   -0.31431E-01    0.21250E+00
   -0.30450E-01    0.21250E+00
   -0.29480E-01    0.21249E+00
   -0.28519E-01    0.21249E+00
   -0.27568E-01    0.21248E+00
   -0.26626E-01    0.21247E+00
   -0.25693E-01    0.21247E+00
   -0.24769E-01    0.21246E+00
   -0.23853E-01    0.21245E+00
   -0.22945E-01    0.21244E+00
   -0.22045E-01    0.21243E+00
   -0.21152E-01    0.21242E+00
   -0.20266E-01    0.21241E+00
   -0.19388E-01    0.21239E+00
   -0.18515E-01    0.21238E+00
   -0.17649E-01    0.21237E+00
   -0.16789E-01    0.21235E+00
   -0.15935E-01    0.21233E+00
   -0.15086E-01    0.21231E+00
   -0.14242E-01    0.21229E+00
   -0.13402E-01    0.21226E+00
   -0.12568E-01    0.21223E+00
   -0.11737E-01    0.21220E+00
   -0.10911E-01    0.21216E+00
   -0.10088E-01    0.21211E+00
   -0.92683E-02    0.21206E+00
   -0.84519E-02    0.21199E+00
   -0.76384E-02    0.21191E+00
   -0.68275E-02    0.21182E+00
   -0.60189E-02    0.21176E+00
   -0.52123E-02    0.21189E+00
   -0.44074E-02    0.21371E+00
   -0.36040E-02    0.21865E+00
   -0.28019E-02    0.21992E+00
   -0.20007E-02    0.26256E+00
   -0.12001E-02    0.35182E+00
   -0.40000E-03    0.82340E+00
    0.40000E-03    0.21068E+00
    0.12031E-02    0.21068E+00
    0.20125E-02    0.21068E+00
    0.28283E-02    0.29766E+00
    0.36504E-02    0.42657E+00
    0.44789E-02    0.57250E+00
    0.53139E-02    0.73290E+00
    0.61554E-02    0.90614E+00
    0.70035E-02    0.10916E+01
    0.78581E-02    0.12881E+01
    0.87193E-02    0.14951E+01
    0.95872E-02    0.17115E+01
    0.10462E-01    0.19361E+01
    0.11343E-01    0.21679E+01
    0.12231E-01    0.24059E+01
    0.13127E-01    0.26495E+01
    0.14028E-01    0.28974E+01
    0.14937E-01    0.31491E+01
    0.15853E-01    0.34040E+01
    0.16776E-01    0.36614E+01
    0.17706E-01    0.39207E+01
    0.18643E-01    0.41814E+01
    0.19587E-01    0.44432E+01
    0.20539E-01    0.47065E+01
    0.21498E-01    0.49696E+01
    0.22464E-01    0.52333E+01
    0.23437E-01    0.54972E+01
    0.24418E-01    0.57606E+01
    0.25406E-01    0.60242E+01
    0.26402E-01    0.62873E+01
    0.27405E-01    0.65493E+01
    0.28416E-01    0.68119E+01
    0.29434E-01    0.70732E+01
    0.30460E-01    0.73333E+01
    0.31494E-01    0.75939E+01
    0.32536E-01    0.78535E+01
    0.33585E-01    0.81120E+01
    0.34642E-01    0.83696E+01
    0.35707E-01    0.86265E+01
    0.36780E-01    0.88834E+01
    0.37862E-01    0.91395E+01
    0.38951E-01    0.93949E+01
    0.40048E-01    0.96495E+01
    0.41153E-01    0.99036E+01
    0.42267E-01    0.10157E+02
    0.43389E-01    0.10410E+02
    0.44519E-01    0.10662E+02
    0.45657E-01    0.10915E+02
    0.46804E-01    0.11166E+02
    0.47959E-01    0.11418E+02
    0.49123E-01    0.11669E+02
    0.50295E-01    0.11919E+02
    0.51476E-01    0.12170E+02
    0.52666E-01    0.12420E+02
    0.53864E-01    0.12670E+02
    0.55071E-01    0.12920E+02
    0.56286E-01    0.13170E+02
    0.57511E-01    0.13421E+02
    0.58744E-01    0.13671E+02
    0.59986E-01    0.13921E+02
    0.61237E-01    0.14171E+02
    0.62498E-01    0.14421E+02
    0.63767E-01    0.14672E+02
    0.65045E-01    0.14923E+02
    0.66333E-01    0.15174E+02
    0.67629E-01    0.15425E+02
    0.68935E-01    0.15676E+02
    0.70251E-01    0.15929E+02
    0.71575E-01    0.16181E+02
    0.72909E-01    0.16434E+02
    0.74253E-01    0.16687E+02
    0.75606E-01    0.16941E+02
    0.76968E-01    0.17195E+02
    0.78340E-01    0.17449E+02
    0.79722E-01    0.17705E+02
    0.81113E-01    0.17962E+02
    0.82514E-01    0.18218E+02
    0.83925E-01    0.18475E+02
    0.85346E-01    0.18733E+02
    0.86777E-01    0.18992E+02
    0.88217E-01    0.19250E+02
    0.89667E-01    0.19511E+02
    0.91128E-01    0.19772E+02
    0.92599E-01    0.20032E+02
    0.94079E-01    0.20296E+02
    0.95570E-01    0.20559E+02
    0.97071E-01    0.20822E+02
    0.98582E-01    0.21088E+02
    0.10010E+00    0.21353E+02
    0.10164E+00    0.21620E+02
    0.10318E+00    0.21888E+02
    0.10473E+00    0.22156E+02
    0.10629E+00    0.22426E+02
    0.10787E+00    0.22696E+02
    0.10945E+00    0.22967E+02
    0.11105E+00    0.23240E+02
    0.11265E+00    0.23513E+02
    0.11427E+00    0.23788E+02
    0.11590E+00    0.24064E+02
    0.11753E+00    0.24339E+02
    0.11918E+00    0.24618E+02
    0.12084E+00    0.24895E+02
    0.12251E+00    0.25176E+02
    0.12419E+00    0.25457E+02
    0.12589E+00    0.25738E+02
    0.12759E+00    0.26022E+02
    0.12930E+00    0.26305E+02
    0.13103E+00    0.26592E+02
    0.13277E+00    0.26877E+02
    0.13451E+00    0.27166E+02
    0.13627E+00    0.27455E+02
    0.13804E+00    0.27745E+02
    0.13983E+00    0.28036E+02
    0.14162E+00    0.28329E+02
    0.14342E+00    0.28623E+02
    0.14524E+00    0.28917E+02
    0.14707E+00    0.29215E+02
    0.14891E+00    0.29510E+02
    0.15076E+00    0.29811E+02
    0.15262E+00    0.30110E+02
    0.15449E+00    0.30413E+02
    0.15638E+00    0.30714E+02
    0.15828E+00    0.31019E+02
    0.16019E+00    0.31324E+02
    0.16211E+00    0.31631E+02
    0.16404E+00    0.31939E+02
    0.16598E+00    0.32249E+02
    0.16794E+00    0.32559E+02
    0.16991E+00    0.32872E+02
    0.17189E+00    0.33185E+02
    0.17388E+00    0.33500E+02
    0.17588E+00    0.33816E+02
    0.17790E+00    0.34134E+02
    0.17993E+00    0.34453E+02
    0.18197E+00    0.34774E+02
    0.18402E+00    0.35095E+02
    0.18609E+00    0.35420E+02
    0.18816E+00    0.35744E+02
    0.19025E+00    0.36071E+02
    0.19235E+00    0.36398E+02
    0.19447E+00    0.36729E+02
    0.19659E+00    0.37058E+02
    0.19873E+00    0.37392E+02
    0.20088E+00    0.37724E+02
    0.20304E+00    0.38062E+02
    0.20522E+00    0.38397E+02
    0.20741E+00    0.38738E+02
    0.20961E+00    0.39076E+02
    0.21182E+00    0.39420E+02
    0.21405E+00    0.39762E+02
    0.21628E+00    0.40108E+02
    0.21853E+00    0.40455E+02
    0.22079E+00    0.40803E+02
    0.22307E+00    0.41154E+02
    0.22536E+00    0.41505E+02
    0.22766E+00    0.41859E+02
    0.22997E+00    0.42213E+02
    0.23230E+00    0.42572E+02
    0.23463E+00    0.42928E+02
    0.23698E+00    0.43291E+02
    0.23935E+00    0.43652E+02
    0.24172E+00    0.44017E+02
    0.24411E+00    0.44383E+02
    0.24651E+00    0.44751E+02
    0.24893E+00    0.45121E+02
    0.25135E+00    0.45491E+02
    0.25379E+00    0.45867E+02
    0.25624E+00    0.46240E+02
    0.25871E+00    0.46620E+02
    0.26118E+00    0.46998E+02
    0.26367E+00    0.47381E+02
    0.26618E+00    0.47765E+02
    0.26869E+00    0.48151E+02
    0.27122E+00    0.48540E+02
    0.27376E+00    0.48929E+02
    0.27631E+00    0.49324E+02
    0.27888E+00    0.49716E+02
    0.28146E+00    0.50117E+02
    0.28405E+00    0.50515E+02
    0.28665E+00    0.50919E+02
    0.28927E+00    0.51324E+02
    0.29190E+00    0.51731E+02
    0.29454E+00    0.52144E+02
    0.29719E+00    0.52554E+02
    0.29986E+00    0.52974E+02
    0.30254E+00    0.53392E+02
    0.30523E+00    0.53816E+02
    0.30793E+00    0.54242E+02
    0.31065E+00    0.54672E+02
    0.31338E+00    0.55106E+02
    0.31612E+00    0.55541E+02
    0.31888E+00    0.55985E+02
    0.32164E+00    0.56428E+02
    0.32442E+00    0.56880E+02
    0.32721E+00    0.57332E+02
    0.33002E+00    0.57792E+02
    0.33283E+00    0.58255E+02
    0.33566E+00    0.58722E+02
    0.33850E+00    0.59196E+02
    0.34136E+00    0.59671E+02
    0.34422E+00    0.60157E+02
    0.34710E+00    0.60642E+02
    0.34999E+00    0.61138E+02
    0.35289E+00    0.61635E+02
    0.35581E+00    0.62140E+02
    0.35873E+00    0.62648E+02
    0.36167E+00    0.63161E+02
    0.36462E+00    0.63682E+02
    0.36758E+00    0.64203E+02
    0.37055E+00    0.64735E+02
    0.37354E+00    0.65265E+02
    0.37654E+00    0.65806E+02
    0.37955E+00    0.66347E+02
    0.38257E+00    0.66896E+02
    0.38560E+00    0.67446E+02
    0.38864E+00    0.68000E+02
    0.39170E+00    0.68560E+02
    0.39476E+00    0.69118E+02
    0.39784E+00    0.69686E+02
    0.40093E+00    0.70249E+02
    0.40403E+00    0.70820E+02
    0.40714E+00    0.71389E+02
    0.41026E+00    0.71960E+02
    0.41340E+00    0.72533E+02
    0.41654E+00    0.73101E+02
    0.41969E+00    0.73676E+02
    0.42286E+00    0.74243E+02
    0.42603E+00    0.74814E+02
    0.42922E+00    0.75380E+02
    0.43242E+00    0.75939E+02
    0.43562E+00    0.76502E+02
    0.43884E+00    0.77054E+02
    0.44206E+00    0.77604E+02
    0.44530E+00    0.78149E+02
    0.44854E+00    0.78681E+02
    0.45180E+00    0.79215E+02
    0.45506E+00    0.79735E+02
    0.45833E+00    0.80244E+02
    0.46161E+00    0.80750E+02
    0.46490E+00    0.81240E+02
    0.46820E+00    0.81716E+02
    0.47151E+00    0.82186E+02
    0.47482E+00    0.82639E+02
    0.47815E+00    0.83074E+02
    0.48148E+00    0.83503E+02
    0.48482E+00    0.83913E+02
    0.48816E+00    0.84304E+02
    0.49151E+00    0.84679E+02
    0.49487E+00    0.85041E+02
    0.49824E+00    0.85383E+02
    0.50162E+00    0.85704E+02
    0.50500E+00    0.86006E+02
    0.50838E+00    0.86295E+02
    0.51178E+00    0.86563E+02
    0.51518E+00    0.86809E+02
    0.51858E+00    0.87033E+02
    0.52200E+00    0.87237E+02
    0.52541E+00    0.87426E+02
    0.52884E+00    0.87594E+02
    0.53226E+00    0.87741E+02
    0.53570E+00    0.87866E+02
    0.53914E+00    0.87970E+02
    0.54258E+00    0.88054E+02
    0.54603E+00    0.88118E+02
    0.54949E+00    0.88166E+02
    0.55295E+00    0.88195E+02
    0.55642E+00    0.88205E+02
    0.55989E+00    0.88197E+02
    0.56336E+00    0.88170E+02
    0.56684E+00    0.88126E+02
    0.57033E+00    0.88065E+02
    0.57382E+00    0.87987E+02
    0.57731E+00    0.87894E+02
    0.58082E+00    0.87786E+02
    0.58432E+00    0.87663E+02
    0.58783E+00    0.87527E+02
    0.59135E+00    0.87378E+02
    0.59487E+00    0.87217E+02
    0.59840E+00    0.87044E+02
    0.60193E+00    0.86861E+02
    0.60547E+00    0.86668E+02
    0.60901E+00    0.86465E+02
    0.61256E+00    0.86255E+02
    0.61612E+00    0.86036E+02
    0.61968E+00    0.85811E+02
    0.62325E+00    0.85580E+02
    0.62683E+00    0.85346E+02
    0.63041E+00    0.85110E+02
    0.63399E+00    0.84870E+02
    0.63759E+00    0.84628E+02
    0.64119E+00    0.84384E+02
    0.64479E+00    0.84140E+02
    0.64840E+00    0.83895E+02
    0.65202E+00    0.83651E+02
    0.65565E+00    0.83410E+02
    0.65928E+00    0.83171E+02
    0.66292E+00    0.82938E+02
    0.66657E+00    0.82712E+02
    0.67022E+00    0.82492E+02
    0.67388E+00    0.82277E+02
    0.67754E+00    0.82070E+02
    0.68122E+00    0.81871E+02
    0.68489E+00    0.81682E+02
    0.68858E+00    0.81502E+02
    0.69227E+00    0.81334E+02
    0.69596E+00    0.81177E+02
    0.69966E+00    0.81038E+02
    0.70337E+00    0.80912E+02
    0.70708E+00    0.80801E+02
    0.71080E+00    0.80706E+02
    0.71452E+00    0.80627E+02
    0.71824E+00    0.80567E+02
    0.72197E+00    0.80525E+02
    0.72570E+00    0.80503E+02
    0.72943E+00    0.80502E+02
    0.73317E+00    0.80524E+02
    0.73691E+00    0.80568E+02
    0.74065E+00    0.80635E+02
    0.74439E+00    0.80727E+02
    0.74813E+00    0.80844E+02
    0.75187E+00    0.80989E+02
    0.75561E+00    0.81161E+02
    0.75935E+00    0.81363E+02
    0.76309E+00    0.81596E+02
    0.76683E+00    0.81861E+02
    0.77057E+00    0.82160E+02
    0.77430E+00    0.82494E+02
    0.77803E+00    0.82864E+02
    0.78176E+00    0.83271E+02
    0.78548E+00    0.83717E+02
    0.78920E+00    0.84203E+02
    0.79292E+00    0.84730E+02
    0.79663E+00    0.85299E+02
    0.80034E+00    0.85911E+02
    0.80404E+00    0.86567E+02
    0.80773E+00    0.87269E+02
    0.81142E+00    0.88015E+02
    0.81511E+00    0.88810E+02
    0.81878E+00    0.89652E+02
    0.82246E+00    0.90540E+02
    0.82612E+00    0.91476E+02
    0.82978E+00    0.92457E+02
    0.83343E+00    0.93485E+02
    0.83708E+00    0.94564E+02
    0.84072E+00    0.95690E+02
    0.84435E+00    0.96860E+02
    0.84798E+00    0.98079E+02
    0.85160E+00    0.99346E+02
    0.85521E+00    0.10065E+03
    0.85881E+00    0.10202E+03
    0.86241E+00    0.10342E+03
    0.86601E+00    0.10487E+03
    0.86959E+00    0.10636E+03
    0.87317E+00    0.10790E+03
    0.87675E+00    0.10947E+03
    0.88032E+00    0.11110E+03
    0.88388E+00    0.11276E+03
    0.88744E+00    0.11447E+03
    0.89099E+00    0.11622E+03
    0.89453E+00    0.11800E+03
    0.89807E+00    0.11983E+03
    0.90160E+00    0.12170E+03
    0.90513E+00    0.12359E+03
    0.90865E+00    0.12553E+03
    0.91217E+00    0.12749E+03
    0.91568E+00    0.12949E+03
    0.91919E+00    0.13153E+03
    0.92269E+00    0.13358E+03
    0.92618E+00    0.13567E+03
    0.92967E+00    0.13778E+03
    0.93316E+00    0.13991E+03
    0.93664E+00    0.14206E+03
    0.94011E+00    0.14424E+03
    0.94359E+00    0.14642E+03
    0.94705E+00    0.14862E+03
    0.95051E+00    0.15083E+03
    0.95397E+00    0.15305E+03
    0.95742E+00    0.15528E+03
    0.96086E+00    0.15750E+03
    0.96430E+00    0.15973E+03
    0.96774E+00    0.16194E+03
    0.97116E+00    0.16417E+03
    0.97459E+00    0.16637E+03
    0.97801E+00    0.16857E+03
    0.98142E+00    0.17075E+03
    0.98482E+00    0.17292E+03
    0.98822E+00    0.17505E+03
    0.99162E+00    0.17719E+03
    0.99500E+00    0.17927E+03
    0.99839E+00    0.18135E+03
    0.10018E+01    0.18338E+03
    0.10051E+01    0.18539E+03
    0.10085E+01    0.18736E+03
    0.10118E+01    0.18928E+03
    0.10152E+01    0.19119E+03
    0.10185E+01    0.19304E+03
    0.10219E+01    0.19484E+03
    0.10252E+01    0.19662E+03
    0.10285E+01    0.19834E+03
    0.10318E+01    0.20000E+03
    0.10351E+01    0.20164E+03
    0.10384E+01    0.20321E+03
    0.10417E+01    0.20473E+03
    0.10449E+01    0.20621E+03
    0.10482E+01    0.20764E+03
    0.10515E+01    0.20901E+03
    0.10547E+01    0.21033E+03
    0.10579E+01    0.21161E+03
    0.10612E+01    0.21284E+03
    0.10644E+01    0.21402E+03
    0.10676E+01    0.21514E+03
    0.10708E+01    0.21622E+03
    0.10740E+01    0.21726E+03
    0.10771E+01    0.21825E+03
    0.10803E+01    0.21918E+03
    0.10835E+01    0.22007E+03
    0.10866E+01    0.22093E+03
    0.10897E+01    0.22175E+03
    0.10929E+01    0.22252E+03
    0.10960E+01    0.22325E+03
    0.10991E+01    0.22394E+03
    0.11022E+01    0.22459E+03
    0.11052E+01    0.22522E+03
    0.11083E+01    0.22581E+03
    0.11114E+01    0.22637E+03
    0.11144E+01    0.22688E+03
    0.11174E+01    0.22737E+03
    0.11205E+01    0.22783E+03
    0.11235E+01    0.22827E+03
    0.11265E+01    0.22869E+03
    0.11294E+01    0.22907E+03
    0.11324E+01    0.22943E+03
    0.11354E+01    0.22976E+03
    0.11383E+01    0.23007E+03
    0.11413E+01    0.23038E+03
    0.11442E+01    0.23066E+03
    0.11471E+01    0.23093E+03
    0.11500E+01    0.23117E+03
    0.11529E+01    0.23140E+03
    0.11558E+01    0.23160E+03
    0.11586E+01    0.23181E+03
    0.11615E+01    0.23200E+03
    0.11643E+01    0.23218E+03
    0.11672E+01    0.23235E+03
    0.11700E+01    0.23251E+03
    0.11728E+01    0.23265E+03
    0.11756E+01    0.23278E+03
    0.11784E+01    0.23292E+03
    0.11811E+01    0.23305E+03
    0.11839E+01    0.23317E+03
    0.11866E+01    0.23328E+03
    0.11894E+01    0.23338E+03
    0.11921E+01    0.23348E+03
    0.11948E+01    0.23358E+03
    0.11975E+01    0.23368E+03
    0.12001E+01    0.23377E+03
    0.12028E+01    0.23386E+03
    0.12055E+01    0.23394E+03
    0.12081E+01    0.23402E+03
    0.12107E+01    0.23409E+03
    0.12134E+01    0.23417E+03
    0.12160E+01    0.23425E+03
    0.12185E+01    0.23433E+03
    0.12211E+01    0.23441E+03
    0.12237E+01    0.23447E+03
    0.12262E+01    0.23454E+03
    0.12288E+01    0.23460E+03
    0.12313E+01    0.23467E+03
    0.12338E+01    0.23474E+03
    0.12363E+01    0.23481E+03
    0.12388E+01    0.23488E+03
    0.12413E+01    0.23495E+03
    0.12438E+01    0.23501E+03
    0.12462E+01    0.23507E+03
    0.12486E+01    0.23513E+03
    0.12511E+01    0.23519E+03
    0.12535E+01    0.23526E+03
    0.12559E+01    0.23533E+03
    0.12583E+01    0.23540E+03
    0.12607E+01    0.23546E+03
    0.12630E+01    0.23553E+03
    0.12654E+01    0.23559E+03
    0.12677E+01    0.23565E+03
    0.12700E+01    0.23570E+03
    0.12723E+01    0.23577E+03
    0.12746E+01    0.23584E+03
    0.12769E+01    0.23591E+03
    0.12792E+01    0.23598E+03
    0.12815E+01    0.23604E+03
    0.12837E+01    0.23611E+03
    0.12860E+01    0.23617E+03
    0.12882E+01    0.23623E+03
    0.12904E+01    0.23629E+03
    0.12926E+01    0.23635E+03
    0.12948E+01    0.23642E+03
    0.12970E+01    0.23649E+03
    0.12991E+01    0.23656E+03
    0.13013E+01    0.23663E+03
    0.13034E+01    0.23670E+03
    0.13055E+01    0.23677E+03
    0.13076E+01    0.23684E+03
    0.13097E+01    0.23690E+03
    0.13118E+01    0.23697E+03
    0.13139E+01    0.23703E+03
    0.13160E+01    0.23710E+03
    0.13180E+01    0.23716E+03
    0.13201E+01    0.23723E+03
    0.13221E+01    0.23731E+03
    0.13241E+01    0.23738E+03
    0.13261E+01    0.23745E+03
    0.13281E+01    0.23752E+03
    0.13301E+01    0.23759E+03
    0.13321E+01    0.23766E+03
    0.13340E+01    0.23773E+03
    0.13360E+01    0.23780E+03
    0.13379E+01    0.23786E+03
    0.13398E+01    0.23793E+03
    0.13417E+01    0.23799E+03
    0.13436E+01    0.23806E+03
    0.13455E+01    0.23813E+03
    0.13474E+01    0.23821E+03
    0.13492E+01    0.23828E+03
    0.13511E+01    0.23835E+03
    0.13529E+01    0.23843E+03
    0.13548E+01    0.23850E+03
    0.13566E+01    0.23857E+03
    0.13584E+01    0.23864E+03
    0.13602E+01    0.23871E+03
    0.13620E+01    0.23878E+03
    0.13637E+01    0.23884E+03
    0.13655E+01    0.23891E+03
    0.13672E+01    0.23898E+03
    0.13690E+01    0.23905E+03
    0.13707E+01    0.23911E+03
    0.13724E+01    0.23918E+03
    0.13741E+01    0.23925E+03
    0.13758E+01    0.23933E+03
    0.13775E+01    0.23940E+03
    0.13792E+01    0.23947E+03
    0.13808E+01    0.23954E+03
    0.13825E+01    0.23961E+03
    0.13841E+01    0.23968E+03
    0.13857E+01    0.23975E+03
    0.13873E+01    0.23982E+03
    0.13890E+01    0.23989E+03
    0.13905E+01    0.23996E+03
    0.13921E+01    0.24002E+03
    0.13937E+01    0.24009E+03
    0.13953E+01    0.24016E+03
    0.13968E+01    0.24022E+03
    0.13984E+01    0.24029E+03
    0.13999E+01    0.24035E+03
    0.14014E+01    0.24042E+03
    0.14029E+01    0.24049E+03
    0.14044E+01    0.24056E+03
    0.14059E+01    0.24063E+03
    0.14074E+01    0.24070E+03
    0.14089E+01    0.24076E+03
    0.14103E+01    0.24083E+03
    0.14118E+01    0.24090E+03
    0.14132E+01    0.24097E+03
    0.14147E+01    0.24103E+03
    0.14161E+01    0.24110E+03
    0.14175E+01    0.24116E+03
    0.14189E+01    0.24123E+03
    0.14203E+01    0.24129E+03
    0.14217E+01    0.24136E+03
    0.14230E+01    0.24142E+03
    0.14244E+01    0.24148E+03
    0.14257E+01    0.24154E+03
    0.14271E+01    0.24160E+03
    0.14284E+01    0.24167E+03
    0.14297E+01    0.24173E+03
    0.14311E+01    0.24179E+03
    0.14324E+01    0.24185E+03
    0.14337E+01    0.24191E+03
    0.14350E+01    0.24197E+03
    0.14362E+01    0.24203E+03
    0.14375E+01    0.24210E+03
    0.14388E+01    0.24216E+03
    0.14400E+01    0.24222E+03
    0.14413E+01    0.24229E+03
    0.14425E+01    0.24235E+03
    0.14437E+01    0.24241E+03
    0.14449E+01    0.24247E+03
    0.14461E+01    0.24253E+03
    0.14473E+01    0.24259E+03
    0.14485E+01    0.24265E+03
    0.14497E+01    0.24270E+03
    0.14509E+01    0.24276E+03
    0.14520E+01    0.24282E+03
    0.14532E+01    0.24288E+03
    0.14543E+01    0.24293E+03
    0.14555E+01    0.24299E+03
    0.14566E+01    0.24304E+03
    0.14577E+01    0.24310E+03
    0.14588E+01    0.24315E+03
    0.14600E+01    0.24321E+03
    0.14610E+01    0.24326E+03
    0.14621E+01    0.24332E+03
    0.14632E+01    0.24337E+03
    0.14643E+01    0.24342E+03
    0.14654E+01    0.24347E+03
    0.14664E+01    0.24352E+03
    0.14675E+01    0.24358E+03
    0.14685E+01    0.24363E+03
    0.14695E+01    0.24368E+03
    0.14706E+01    0.24373E+03
    0.14716E+01    0.24379E+03
    0.14726E+01    0.24384E+03
    0.14736E+01    0.24389E+03
    0.14746E+01    0.24395E+03
    0.14756E+01    0.24400E+03
    0.14766E+01    0.24405E+03
    0.14775E+01    0.24410E+03
    0.14785E+01    0.24415E+03
    0.14795E+01    0.24420E+03
    0.14804E+01    0.24425E+03
    0.14814E+01    0.24430E+03
    0.14823E+01    0.24435E+03
    0.14832E+01    0.24439E+03
    0.14841E+01    0.24444E+03
    0.14851E+01    0.24449E+03
    0.14860E+01    0.24454E+03
    0.14869E+01    0.24458E+03
    0.14878E+01    0.24463E+03
    0.14887E+01    0.24467E+03
    0.14895E+01    0.24472E+03
    0.14904E+01    0.24476E+03
    0.14913E+01    0.24481E+03
    0.14921E+01    0.24485E+03
    0.14930E+01    0.24490E+03
    0.14938E+01    0.24494E+03
    0.14947E+01    0.24498E+03
    0.14955E+01    0.24503E+03
    0.14963E+01    0.24507E+03
    0.14972E+01    0.24511E+03
    0.14980E+01    0.24515E+03
    0.14988E+01    0.24520E+03
    0.14996E+01    0.24524E+03
    0.15004E+01    0.24528E+03
    0.15012E+01    0.24532E+03
    0.15020E+01    0.24537E+03
    0.15028E+01    0.24541E+03
    0.15036E+01    0.24547E+03
    0.15044E+01    0.24552E+03
    0.15052E+01    0.24558E+03
    0.15060E+01    0.24565E+03
    0.15068E+01    0.24572E+03
    0.15076E+01    0.24580E+03
    0.15085E+01    0.24588E+03
    0.15093E+01    0.24597E+03
    0.15101E+01    0.24606E+03
    0.15109E+01    0.24615E+03
    0.15117E+01    0.24625E+03
    0.15126E+01    0.24635E+03
    0.15134E+01    0.24645E+03
    0.15142E+01    0.24656E+03
    0.15151E+01    0.24668E+03
    0.15159E+01    0.24680E+03
    0.15168E+01    0.24692E+03
    0.15176E+01    0.24705E+03
    0.15185E+01    0.24718E+03
    0.15194E+01    0.24731E+03
    0.15203E+01    0.24744E+03
    0.15212E+01    0.24757E+03
    0.15220E+01    0.24771E+03
    0.15229E+01    0.24785E+03
    0.15239E+01    0.24799E+03
    0.15248E+01    0.24813E+03
    0.15257E+01    0.24827E+03
    0.15266E+01    0.24843E+03
    0.15276E+01    0.24859E+03
    0.15285E+01    0.24875E+03
    0.15295E+01    0.24892E+03
    0.15305E+01    0.24908E+03
    0.15314E+01    0.24925E+03
    0.15324E+01    0.24942E+03
    0.15334E+01    0.24960E+03
    0.15344E+01    0.24977E+03
    0.15355E+01    0.24995E+03
    0.15365E+01    0.25013E+03
    0.15376E+01    0.25033E+03
    0.15386E+01    0.25053E+03
    0.15397E+01    0.25073E+03
    0.15408E+01    0.25094E+03
    0.15419E+01    0.25115E+03
    0.15430E+01    0.25137E+03
    0.15441E+01    0.25158E+03
    0.15453E+01    0.25180E+03
    0.15464E+01    0.25203E+03
    0.15476E+01    0.25228E+03
    0.15488E+01    0.25253E+03
    0.15500E+01    0.25278E+03
    0.15512E+01    0.25304E+03
    0.15525E+01    0.25330E+03
    0.15537E+01    0.25356E+03
    0.15550E+01    0.25384E+03
    0.15563E+01    0.25414E+03
    0.15576E+01    0.25444E+03
    0.15590E+01    0.25474E+03
    0.15603E+01    0.25505E+03
    0.15617E+01    0.25537E+03
    0.15631E+01    0.25571E+03
    0.15645E+01    0.25606E+03
    0.15660E+01    0.25642E+03
    0.15674E+01    0.25678E+03
    0.15689E+01    0.25716E+03
    0.15704E+01    0.25756E+03
    0.15719E+01    0.25797E+03
    0.15735E+01    0.25839E+03
    0.15751E+01    0.25882E+03
    0.15767E+01    0.25928E+03
    0.15783E+01    0.25975E+03
    0.15800E+01    0.26023E+03
    0.15817E+01    0.26073E+03
    0.15834E+01    0.26125E+03
    0.15851E+01    0.26179E+03
    0.15869E+01    0.26235E+03
    0.15887E+01    0.26293E+03
    0.15905E+01    0.26352E+03
    0.15924E+01    0.26415E+03
    0.15942E+01    0.26479E+03
    0.15962E+01    0.26545E+03
    0.15981E+01    0.26614E+03
    0.16001E+01    0.26685E+03
    0.16021E+01    0.26759E+03
    0.16042E+01    0.26834E+03
    0.16063E+01    0.26913E+03
    0.16084E+01    0.26993E+03
    0.16106E+01    0.27076E+03
    0.16128E+01    0.27161E+03
    0.16150E+01    0.27250E+03
    0.16173E+01    0.27340E+03
    0.16196E+01    0.27433E+03
    0.16219E+01    0.27527E+03
    0.16243E+01    0.27625E+03
    0.16268E+01    0.27724E+03
    0.16293E+01    0.27826E+03
    0.16318E+01    0.27930E+03
    0.16343E+01    0.28037E+03
    0.16370E+01    0.28145E+03
    0.16396E+01    0.28255E+03
    0.16423E+01    0.28367E+03
    0.16451E+01    0.28481E+03
    0.16479E+01    0.28598E+03
    0.16507E+01    0.28715E+03
    0.16536E+01    0.28836E+03
    0.16566E+01    0.28957E+03
    0.16596E+01    0.29080E+03
    0.16627E+01    0.29205E+03
    0.16658E+01    0.29332E+03
    0.16690E+01    0.29460E+03
    0.16722E+01    0.29590E+03
    0.16755E+01    0.29721E+03
    0.16788E+01    0.29854E+03
    0.16822E+01    0.29988E+03
    0.16857E+01    0.30124E+03
    0.16892E+01    0.30260E+03
    0.16928E+01    0.30399E+03
    0.16965E+01    0.30538E+03
    0.17002E+01    0.30679E+03
    0.17040E+01    0.30821E+03
    0.17079E+01    0.30964E+03
    0.17118E+01    0.31109E+03
    0.17158E+01    0.31254E+03
    0.17199E+01    0.31401E+03
    0.17240E+01    0.31549E+03
    0.17283E+01    0.31698E+03
    0.17326E+01    0.31848E+03
    0.17369E+01    0.31999E+03
    0.17414E+01    0.32150E+03
    0.17459E+01    0.32304E+03
    0.17506E+01    0.32458E+03
    0.17553E+01    0.32612E+03
    0.17601E+01    0.32768E+03
    0.17649E+01    0.32925E+03
    0.17699E+01    0.33082E+03
    0.17750E+01    0.33241E+03
    0.17801E+01    0.33400E+03
    0.17854E+01    0.33560E+03
    0.17907E+01    0.33721E+03
    0.17962E+01    0.33882E+03
    0.18017E+01    0.34045E+03
    0.18073E+01    0.34208E+03
    0.18131E+01    0.34372E+03
    0.18189E+01    0.34536E+03
    0.18249E+01    0.34701E+03
    0.18310E+01    0.34867E+03
    0.18372E+01    0.35033E+03
    0.18434E+01    0.35200E+03
    0.18499E+01    0.35367E+03
    0.18564E+01    0.35536E+03
    0.18630E+01    0.35704E+03
    0.18698E+01    0.35873E+03
    0.18767E+01    0.36043E+03
    0.18837E+01    0.36213E+03
    0.18909E+01    0.36384E+03
    0.18981E+01    0.36555E+03
    0.19056E+01    0.36726E+03
    0.19131E+01    0.36898E+03
    0.19208E+01    0.37070E+03
    0.19286E+01    0.37243E+03
    0.19366E+01    0.37416E+03
    0.19447E+01    0.37589E+03
    0.19530E+01    0.37763E+03
    0.19614E+01    0.37937E+03
    0.19700E+01    0.38111E+03
    0.19788E+01    0.38286E+03
    0.19877E+01    0.38460E+03
    0.19967E+01    0.38635E+03
    0.20060E+01    0.38810E+03
    0.20154E+01    0.38986E+03
    0.20249E+01    0.39161E+03
    0.20347E+01    0.39337E+03
    0.20446E+01    0.39513E+03
    0.20547E+01    0.39689E+03
    0.20650E+01    0.39865E+03
    0.20755E+01    0.40041E+03
    0.20862E+01    0.40218E+03
    0.20971E+01    0.40394E+03
    0.21082E+01    0.40570E+03
    0.21195E+01    0.40747E+03
    0.21310E+01    0.40923E+03
    0.21427E+01    0.41099E+03
    0.21546E+01    0.41276E+03
    0.21667E+01    0.41452E+03
    0.21791E+01    0.41628E+03
    0.21917E+01    0.41804E+03
    0.22045E+01    0.41980E+03
    0.22176E+01    0.42156E+03
    0.22309E+01    0.42332E+03
    0.22445E+01    0.42508E+03
    0.22583E+01    0.42683E+03
    0.22724E+01    0.42859E+03
    0.22867E+01    0.43034E+03
    0.23013E+01    0.43209E+03
    0.23161E+01    0.43384E+03
    0.23313E+01    0.43558E+03
    0.23467E+01    0.43732E+03
    0.23624E+01    0.43906E+03
    0.23783E+01    0.44080E+03
    0.23946E+01    0.44254E+03
    0.24112E+01    0.44427E+03
    0.24281E+01    0.44600E+03
    0.24453E+01    0.44772E+03
    0.24628E+01    0.44944E+03
    0.24807E+01    0.45116E+03
    0.24988E+01    0.45287E+03
    0.25174E+01    0.45458E+03
    0.25362E+01    0.45629E+03
    0.25554E+01    0.45799E+03
    0.25750E+01    0.45969E+03
    0.25949E+01    0.46138E+03
    0.26152E+01    0.46307E+03
    0.26358E+01    0.46475E+03
    0.26569E+01    0.46643E+03
    0.26783E+01    0.46810E+03
    0.27001E+01    0.46977E+03
    0.27224E+01    0.47143E+03
    0.27450E+01    0.47309E+03
    0.27681E+01    0.47474E+03
    0.27916E+01    0.47638E+03
    0.28155E+01    0.47802E+03
    0.28399E+01    0.47966E+03
    0.28647E+01    0.48128E+03
    0.28900E+01    0.48291E+03
    0.29157E+01    0.48452E+03
    0.29419E+01    0.48613E+03
    0.29687E+01    0.48773E+03
    0.29959E+01    0.48933E+03
    0.30236E+01    0.49092E+03
    0.30518E+01    0.49250E+03
    0.30805E+01    0.49407E+03
    0.31098E+01    0.49564E+03
    0.31396E+01    0.49720E+03
    0.31700E+01    0.49875E+03
    0.32009E+01    0.50030E+03
    0.32324E+01    0.50184E+03
    0.32645E+01    0.50337E+03
    0.32972E+01    0.50489E+03
    0.33305E+01    0.50641E+03
    0.33644E+01    0.50792E+03
    0.33989E+01    0.50942E+03
    0.34341E+01    0.51091E+03
    0.34699E+01    0.51240E+03
    0.35064E+01    0.51387E+03
    0.35435E+01    0.51534E+03
    0.35814E+01    0.51680E+03
    0.36199E+01    0.51825E+03
    0.36592E+01    0.51970E+03
    0.36991E+01    0.52113E+03
    0.37399E+01    0.52256E+03
    0.37813E+01    0.52398E+03
    0.38236E+01    0.52539E+03
    0.38666E+01    0.52679E+03
    0.39104E+01    0.52818E+03
    0.39551E+01    0.52956E+03
    0.40005E+01    0.53094E+03
    0.40468E+01    0.53231E+03
    0.40940E+01    0.53367E+03
    0.41420E+01    0.53502E+03
    0.41910E+01    0.53636E+03
    0.42408E+01    0.53769E+03
    0.42915E+01    0.53901E+03
    0.43432E+01    0.54033E+03
    0.43959E+01    0.54163E+03
    0.44495E+01    0.54293E+03
    0.45041E+01    0.54422E+03
    0.45597E+01    0.54550E+03
    0.46164E+01    0.54677E+03
    0.46741E+01    0.54803E+03
    0.47329E+01    0.54928E+03
    0.47927E+01    0.55053E+03
    0.48537E+01    0.55176E+03
    0.49158E+01    0.55299E+03
    0.49790E+01    0.55421E+03
    0.50435E+01    0.55542E+03
    0.51091E+01    0.55662E+03
    0.51759E+01    0.55781E+03
    0.52440E+01    0.55899E+03
    0.53133E+01    0.56017E+03
    0.53839E+01    0.56134E+03
    0.54558E+01    0.56249E+03
    0.55291E+01    0.56364E+03
    0.56037E+01    0.56478E+03
    0.56796E+01    0.56591E+03
    0.57570E+01    0.56704E+03
    0.58358E+01    0.56815E+03
    0.59161E+01    0.56926E+03
    0.59979E+01    0.57036E+03
    0.60812E+01    0.57145E+03
    0.61660E+01    0.57253E+03
    0.62524E+01    0.57360E+03
    0.63404E+01    0.57467E+03
    0.64300E+01    0.57572E+03
    0.65213E+01    0.57677E+03
    0.66143E+01    0.57781E+03
    0.67089E+01    0.57884E+03
    0.68054E+01    0.57987E+03
    0.69036E+01    0.58089E+03
    0.70037E+01    0.58189E+03
    0.71056E+01    0.58289E+03
    0.72094E+01    0.58389E+03
    0.73151E+01    0.58487E+03
    0.74227E+01    0.58585E+03
    0.75324E+01    0.58682E+03
    0.76441E+01    0.58778E+03
    0.77578E+01    0.58873E+03
    0.78737E+01    0.58968E+03
    0.79917E+01    0.59062E+03
    0.81119E+01    0.59155E+03
    0.82343E+01    0.59248E+03
    0.83590E+01    0.59339E+03
    0.84860E+01    0.59430E+03
    0.86154E+01    0.59520E+03
    0.87471E+01    0.59610E+03
    0.88813E+01    0.59699E+03
    0.90179E+01    0.59787E+03
    0.91571E+01    0.59874E+03
    0.92989E+01    0.59961E+03
    0.94433E+01    0.60047E+03
    0.95904E+01    0.60132E+03
    0.97402E+01    0.60217E+03
    0.98927E+01    0.60301E+03
    0.10048E+02    0.60384E+03
    0.10206E+02    0.60466E+03
    0.10368E+02    0.60548E+03
    0.10532E+02    0.60630E+03
    0.10699E+02    0.60710E+03
    0.10869E+02    0.60790E+03
    0.11043E+02    0.60870E+03
    0.11219E+02    0.60948E+03
    0.11399E+02    0.61026E+03
    0.11583E+02    0.61104E+03
    0.11769E+02    0.61181E+03
    0.11960E+02    0.61257E+03
    0.12153E+02    0.61332E+03
    0.12350E+02    0.61407E+03
    0.12551E+02    0.61482E+03
    0.12756E+02    0.61555E+03
    0.12964E+02    0.61629E+03
    0.13177E+02    0.61701E+03
    0.13393E+02    0.61773E+03
    0.13613E+02    0.61845E+03
    0.13837E+02    0.61916E+03
    0.14066E+02    0.61986E+03
    0.14298E+02    0.62056E+03
    0.14535E+02    0.62125E+03
    0.14777E+02    0.62193E+03
    0.15022E+02    0.62262E+03
    0.15273E+02    0.62329E+03
    0.15528E+02    0.62396E+03
    0.15787E+02    0.62463E+03
    0.16052E+02    0.62528E+03
    0.16321E+02    0.62594E+03
    0.16596E+02    0.62659E+03
    0.16875E+02    0.62723E+03
    0.17160E+02    0.62787E+03
    0.17450E+02    0.62850E+03
    0.17745E+02    0.62913E+03
    0.18046E+02    0.62976E+03
    0.18352E+02    0.63038E+03
    0.18664E+02    0.63099E+03
    0.18982E+02    0.63160E+03
    0.19306E+02    0.63220E+03
    0.19636E+02    0.63280E+03
    0.19971E+02    0.63340E+03
    0.20313E+02    0.63399E+03
    0.20662E+02    0.63457E+03
    0.21016E+02    0.63515E+03
    0.21378E+02    0.63573E+03
    0.21746E+02    0.63630E+03
    0.22121E+02    0.63687E+03
    0.22502E+02    0.63743E+03
    0.22891E+02    0.63799E+03
    0.23287E+02    0.63854E+03
    0.23691E+02    0.63909E+03
    0.24102E+02    0.63964E+03
    0.24520E+02    0.64018E+03
    0.24946E+02    0.64072E+03
    0.25380E+02    0.64125E+03
    0.25822E+02    0.64178E+03
    0.26273E+02    0.64231E+03
