#x-y-z upper wall definition, taking the actual tunnel height
#of y/c=.90905 and adjusting it to APPROXIMATELY account for
#tunnel blockage due to side plates
#135 points define this upper wall
variables="x/c","y/c","z/c"
   -0.2140000E+01    0.9090500E+00    0.0000000E+00
   -0.5128000E+00    0.9090500E+00    0.0000000E+00
   -0.5073000E+00    0.9090205E+00    0.0000000E+00
   -0.5017999E+00    0.9089324E+00    0.0000000E+00
   -0.4963000E+00    0.9087862E+00    0.0000000E+00
   -0.4908000E+00    0.9085828E+00    0.0000000E+00
   -0.4853000E+00    0.9083234E+00    0.0000000E+00
   -0.4798000E+00    0.9080096E+00    0.0000000E+00
   -0.4743000E+00    0.9076434E+00    0.0000000E+00
   -0.4688000E+00    0.9072270E+00    0.0000000E+00
   -0.4633000E+00    0.9067631E+00    0.0000000E+00
   -0.4578000E+00    0.9062544E+00    0.0000000E+00
   -0.4523000E+00    0.9057040E+00    0.0000000E+00
   -0.4468001E+00    0.9051154E+00    0.0000000E+00
   -0.4413001E+00    0.9044923E+00    0.0000000E+00
   -0.4358001E+00    0.9038383E+00    0.0000000E+00
   -0.4303001E+00    0.9031577E+00    0.0000000E+00
   -0.4248001E+00    0.9024546E+00    0.0000000E+00
   -0.4193001E+00    0.9017332E+00    0.0000000E+00
   -0.4138001E+00    0.9009982E+00    0.0000000E+00
   -0.4083001E+00    0.9002539E+00    0.0000000E+00
   -0.4028001E+00    0.8995050E+00    0.0000000E+00
   -0.3973002E+00    0.8987561E+00    0.0000000E+00
   -0.3918002E+00    0.8980119E+00    0.0000000E+00
   -0.3863002E+00    0.8972768E+00    0.0000000E+00
   -0.3808002E+00    0.8965554E+00    0.0000000E+00
   -0.3753002E+00    0.8958523E+00    0.0000000E+00
   -0.3698002E+00    0.8951717E+00    0.0000000E+00
   -0.3643002E+00    0.8945178E+00    0.0000000E+00
   -0.3588002E+00    0.8938946E+00    0.0000000E+00
   -0.3533002E+00    0.8933060E+00    0.0000000E+00
   -0.3478003E+00    0.8927557E+00    0.0000000E+00
   -0.3423003E+00    0.8922470E+00    0.0000000E+00
   -0.3368003E+00    0.8917829E+00    0.0000000E+00
   -0.3313003E+00    0.8913665E+00    0.0000000E+00
   -0.3258003E+00    0.8910003E+00    0.0000000E+00
   -0.3203003E+00    0.8906866E+00    0.0000000E+00
   -0.3148003E+00    0.8904272E+00    0.0000000E+00
   -0.3093003E+00    0.8902237E+00    0.0000000E+00
   -0.3038003E+00    0.8900775E+00    0.0000000E+00
   -0.2983004E+00    0.8899894E+00    0.0000000E+00
   -0.2928004E+00    0.8899600E+00    0.0000000E+00
    0.0000000E+00    0.8899600E+00    0.0000000E+00
    0.2000000E-01    0.8901780E+00    0.0000000E+00
    0.4000000E-01    0.8903959E+00    0.0000000E+00
    0.6000000E-01    0.8906139E+00    0.0000000E+00
    0.8000000E-01    0.8908319E+00    0.0000000E+00
    0.9999999E-01    0.8910499E+00    0.0000000E+00
    0.1200000E+00    0.8912678E+00    0.0000000E+00
    0.1400000E+00    0.8914858E+00    0.0000000E+00
    0.1600000E+00    0.8917038E+00    0.0000000E+00
    0.1800000E+00    0.8919218E+00    0.0000000E+00
    0.2000000E+00    0.8921397E+00    0.0000000E+00
    0.2200000E+00    0.8921397E+00    0.0000000E+00
    0.2400000E+00    0.8921397E+00    0.0000000E+00
    0.2600000E+00    0.8921397E+00    0.0000000E+00
    0.2800000E+00    0.8921397E+00    0.0000000E+00
    0.3000000E+00    0.8921397E+00    0.0000000E+00
    0.3200000E+00    0.8921397E+00    0.0000000E+00
    0.3400000E+00    0.8921397E+00    0.0000000E+00
    0.3600000E+00    0.8921397E+00    0.0000000E+00
    0.3800000E+00    0.8921397E+00    0.0000000E+00
    0.4000000E+00    0.8921397E+00    0.0000000E+00
    0.4200000E+00    0.8921397E+00    0.0000000E+00
    0.4400001E+00    0.8921397E+00    0.0000000E+00
    0.4600001E+00    0.8921397E+00    0.0000000E+00
    0.4800001E+00    0.8921397E+00    0.0000000E+00
    0.5000001E+00    0.8921397E+00    0.0000000E+00
    0.5200000E+00    0.8921397E+00    0.0000000E+00
    0.5400000E+00    0.8921397E+00    0.0000000E+00
    0.5600000E+00    0.8921397E+00    0.0000000E+00
    0.5800000E+00    0.8921397E+00    0.0000000E+00
    0.6000000E+00    0.8921397E+00    0.0000000E+00
    0.6199999E+00    0.8921397E+00    0.0000000E+00
    0.6399999E+00    0.8921397E+00    0.0000000E+00
    0.6599999E+00    0.8921397E+00    0.0000000E+00
    0.6799999E+00    0.8921397E+00    0.0000000E+00
    0.6999999E+00    0.8921397E+00    0.0000000E+00
    0.7199998E+00    0.8919218E+00    0.0000000E+00
    0.7399998E+00    0.8917038E+00    0.0000000E+00
    0.7599998E+00    0.8914858E+00    0.0000000E+00
    0.7799998E+00    0.8912678E+00    0.0000000E+00
    0.7999998E+00    0.8910499E+00    0.0000000E+00
    0.8199998E+00    0.8908319E+00    0.0000000E+00
    0.8399997E+00    0.8906139E+00    0.0000000E+00
    0.8599997E+00    0.8903959E+00    0.0000000E+00
    0.8799997E+00    0.8901780E+00    0.0000000E+00
    0.8999997E+00    0.8899600E+00    0.0000000E+00
    0.9199997E+00    0.8899600E+00    0.0000000E+00
    0.9399996E+00    0.8899600E+00    0.0000000E+00
    0.9599996E+00    0.8899600E+00    0.0000000E+00
    0.9799996E+00    0.8899600E+00    0.0000000E+00
    0.9999996E+00    0.8899600E+00    0.0000000E+00
    0.1544400E+01    0.8899600E+00    0.0000000E+00
    0.1546900E+01    0.8899894E+00    0.0000000E+00
    0.1549400E+01    0.8900775E+00    0.0000000E+00
    0.1551900E+01    0.8902237E+00    0.0000000E+00
    0.1554400E+01    0.8904272E+00    0.0000000E+00
    0.1556900E+01    0.8906866E+00    0.0000000E+00
    0.1559400E+01    0.8910004E+00    0.0000000E+00
    0.1561900E+01    0.8913666E+00    0.0000000E+00
    0.1564400E+01    0.8917830E+00    0.0000000E+00
    0.1566900E+01    0.8922470E+00    0.0000000E+00
    0.1569401E+01    0.8927558E+00    0.0000000E+00
    0.1571901E+01    0.8933061E+00    0.0000000E+00
    0.1574401E+01    0.8938947E+00    0.0000000E+00
    0.1576901E+01    0.8945180E+00    0.0000000E+00
    0.1579401E+01    0.8951719E+00    0.0000000E+00
    0.1581901E+01    0.8958525E+00    0.0000000E+00
    0.1584401E+01    0.8965557E+00    0.0000000E+00
    0.1586901E+01    0.8972771E+00    0.0000000E+00
    0.1589401E+01    0.8980121E+00    0.0000000E+00
    0.1591901E+01    0.8987564E+00    0.0000000E+00
    0.1594401E+01    0.8995053E+00    0.0000000E+00
    0.1596901E+01    0.9002542E+00    0.0000000E+00
    0.1599401E+01    0.9009985E+00    0.0000000E+00
    0.1601901E+01    0.9017336E+00    0.0000000E+00
    0.1604401E+01    0.9024550E+00    0.0000000E+00
    0.1606901E+01    0.9031581E+00    0.0000000E+00
    0.1609401E+01    0.9038388E+00    0.0000000E+00
    0.1611902E+01    0.9044926E+00    0.0000000E+00
    0.1614402E+01    0.9051158E+00    0.0000000E+00
    0.1616902E+01    0.9057044E+00    0.0000000E+00
    0.1619402E+01    0.9062547E+00    0.0000000E+00
    0.1621902E+01    0.9067634E+00    0.0000000E+00
    0.1624402E+01    0.9072274E+00    0.0000000E+00
    0.1626902E+01    0.9076437E+00    0.0000000E+00
    0.1629402E+01    0.9080099E+00    0.0000000E+00
    0.1631902E+01    0.9083236E+00    0.0000000E+00
    0.1634402E+01    0.9085830E+00    0.0000000E+00
    0.1636902E+01    0.9087864E+00    0.0000000E+00
    0.1639402E+01    0.9089326E+00    0.0000000E+00
    0.1641902E+01    0.9090206E+00    0.0000000E+00
    0.1644402E+01    0.9090500E+00    0.0000000E+00
    0.4000000E+01    0.9090500E+00    0.0000000E+00
