VARIABLES = "x","y-y0","u"
ZONE T="x=0.75"
 7.500000000E-01 7.450580708E-10 0.000000000E+00
 7.500000000E-01 4.962086564E-07 4.453370813E-03
 7.500000000E-01 9.916723229E-07 8.908573538E-03
 7.500000000E-01 1.487135933E-06 1.336742193E-02
 7.500000000E-01 1.982599542E-06 1.783172786E-02
 7.500000000E-01 2.478063152E-06 2.230330929E-02
 7.500000000E-01 2.977252052E-06 2.678398788E-02
 7.500000000E-01 3.476440952E-06 3.127558529E-02
 7.500000000E-01 3.975629625E-06 3.577992320E-02
 7.500000000E-01 4.478543815E-06 4.029883444E-02
 7.500000000E-01 4.981458005E-06 4.483415931E-02
 7.500000000E-01 5.488097486E-06 4.938772693E-02
 7.500000000E-01 5.998462257E-06 5.396138877E-02
 7.500000000E-01 6.508827028E-06 5.855698511E-02
 7.500000000E-01 7.022917089E-06 6.317637861E-02
 7.500000000E-01 7.537007150E-06 6.782139838E-02
 7.500000000E-01 8.058547792E-06 7.249393314E-02
 7.500000000E-01 8.580088434E-06 7.719582319E-02
 7.500000000E-01 9.105354366E-06 8.192893118E-02
 7.500000000E-01 9.638070878E-06 8.669512719E-02
 7.500000000E-01 1.017078739E-05 9.149624407E-02
 7.500000000E-01 1.070722919E-05 9.633413702E-02
 7.500000000E-01 1.125112158E-05 1.012106314E-01
 7.500000000E-01 1.179873925E-05 1.061275676E-01
 7.500000000E-01 1.235008222E-05 1.110867485E-01
 7.500000000E-01 1.290515047E-05 1.160899475E-01
 7.500000000E-01 1.346766931E-05 1.211389303E-01
 7.500000000E-01 1.403391343E-05 1.262354106E-01
 7.500000000E-01 1.460760814E-05 1.313810647E-01
 7.500000000E-01 1.518502813E-05 1.365775168E-01
 7.500000000E-01 1.576989962E-05 1.418263316E-01
 7.500000000E-01 1.636222078E-05 1.471289843E-01
 7.500000000E-01 1.696199251E-05 1.524869055E-01
 7.500000000E-01 1.756548954E-05 1.579013765E-01
 7.500000000E-01 1.818016244E-05 1.633736044E-01
 7.500000000E-01 1.879856063E-05 1.689046770E-01
 7.500000000E-01 1.942440940E-05 1.744954884E-01
 7.500000000E-01 2.006143404E-05 1.801467985E-01
 7.500000000E-01 2.070590926E-05 1.858591884E-01
 7.500000000E-01 2.135783507E-05 1.916330457E-01
 7.500000000E-01 2.201721145E-05 1.974685192E-01
 7.500000000E-01 2.268776370E-05 2.033655494E-01
 7.500000000E-01 2.336576654E-05 2.093237638E-01
 7.500000000E-01 2.405494524E-05 2.153425813E-01
 7.500000000E-01 2.475157453E-05 2.214210629E-01
 7.500000000E-01 2.545937969E-05 2.275580317E-01
 7.500000000E-01 2.617836071E-05 2.337519079E-01
 7.500000000E-01 2.690851761E-05 2.400008738E-01
 7.500000000E-01 2.764612509E-05 2.463027239E-01
 7.500000000E-01 2.839863373E-05 2.526549101E-01
 7.500000000E-01 2.916231824E-05 2.590546012E-01
 7.500000000E-01 2.993717862E-05 2.654986382E-01
 7.500000000E-01 3.072321488E-05 2.719835341E-01
 7.500000000E-01 3.152042700E-05 2.785055339E-01
 7.500000000E-01 3.233254029E-05 2.850606143E-01
 7.500000000E-01 3.315955473E-05 2.916446030E-01
 7.500000000E-01 3.399774505E-05 2.982530296E-01
 7.500000000E-01 3.485083653E-05 3.048813045E-01
 7.500000000E-01 3.571882917E-05 3.115248084E-01
 7.500000000E-01 3.659799768E-05 3.181787431E-01
 7.500000000E-01 3.749579264E-05 3.248383403E-01
 7.500000000E-01 3.840848876E-05 3.314989209E-01
 7.500000000E-01 3.933236076E-05 3.381556571E-01
 7.500000000E-01 4.027858449E-05 3.448041081E-01
 7.500000000E-01 4.123598410E-05 3.514397740E-01
 7.500000000E-01 4.221201016E-05 3.580583930E-01
 7.500000000E-01 4.320666267E-05 3.646558523E-01
 7.500000000E-01 4.421621634E-05 3.712283373E-01
 7.500000000E-01 4.524812175E-05 3.777722120E-01
 7.500000000E-01 4.629492832E-05 3.842841983E-01
 7.500000000E-01 4.736036135E-05 3.907611668E-01
 7.500000000E-01 4.844442083E-05 3.972002268E-01
 7.500000000E-01 4.955083205E-05 4.035989344E-01
 7.500000000E-01 5.067586972E-05 4.099549651E-01
 7.500000000E-01 5.182325913E-05 4.162663221E-01
 7.500000000E-01 5.298927499E-05 4.225312471E-01
 7.500000000E-01 5.417764260E-05 4.287482798E-01
 7.500000000E-01 5.538836194E-05 4.349160194E-01
 7.500000000E-01 5.662143303E-05 4.410334826E-01
 7.500000000E-01 5.787685586E-05 4.470998645E-01
 7.500000000E-01 5.915835573E-05 4.531144500E-01
 7.500000000E-01 6.046220733E-05 4.590767920E-01
 7.500000000E-01 6.178840704E-05 4.649865627E-01
 7.500000000E-01 6.314441271E-05 4.708435833E-01
 7.500000000E-01 6.452277012E-05 4.766478539E-01
 7.500000000E-01 6.592720456E-05 4.823994935E-01
 7.500000000E-01 6.736144132E-05 4.880987406E-01
 7.500000000E-01 6.882175512E-05 4.937458038E-01
 7.500000000E-01 7.030814595E-05 4.993411005E-01
 7.500000000E-01 7.182433910E-05 5.048851967E-01
 7.500000000E-01 7.337033458E-05 5.103785992E-01
 7.500000000E-01 7.494613237E-05 5.158218145E-01
 7.500000000E-01 7.655173249E-05 5.212156177E-01
 7.500000000E-01 7.818713493E-05 5.265606642E-01
 7.500000000E-01 7.985606499E-05 5.318577290E-01
 7.500000000E-01 8.155852265E-05 5.371075273E-01
 7.500000000E-01 8.329078264E-05 5.423107743E-01
 7.500000000E-01 8.506029553E-05 5.474684834E-01
 7.500000000E-01 8.686333604E-05 5.525813699E-01
 7.500000000E-01 8.869990415E-05 5.576502681E-01
 7.500000000E-01 9.057745046E-05 5.626760125E-01
 7.500000000E-01 9.248852439E-05 5.676595569E-01
 7.500000000E-01 9.443685121E-05 5.726016164E-01
 7.500000000E-01 9.642243094E-05 5.775031447E-01
 7.500000000E-01 9.844898887E-05 5.823650360E-01
 7.500000000E-01 1.005165250E-04 5.871880651E-01
 7.500000000E-01 1.026250393E-04 5.919730663E-01
 7.500000000E-01 1.047708065E-04 5.967209935E-01
 7.500000000E-01 1.069650025E-04 6.014326215E-01
 7.500000000E-01 1.092001767E-04 6.061087251E-01
 7.500000000E-01 1.114800543E-04 6.107501388E-01
 7.500000000E-01 1.138046355E-04 6.153576970E-01
 7.500000000E-01 1.161739201E-04 6.199322343E-01
 7.500000000E-01 1.185953588E-04 6.244744062E-01
 7.500000000E-01 1.210615010E-04 6.289850473E-01
 7.500000000E-01 1.235760719E-04 6.334649920E-01
 7.500000000E-01 1.261427969E-04 6.379148960E-01
 7.500000000E-01 1.287616760E-04 6.423354149E-01
 7.500000000E-01 1.314289839E-04 6.467274427E-01
 7.500000000E-01 1.341558964E-04 6.510915160E-01
 7.500000000E-01 1.369312376E-04 6.554284692E-01
 7.500000000E-01 1.397661836E-04 6.597388387E-01
 7.500000000E-01 1.426570088E-04 6.640233994E-01
 7.500000000E-01 1.456037135E-04 6.682827473E-01
 7.500000000E-01 1.486137480E-04 6.725174785E-01
 7.500000000E-01 1.516796619E-04 6.767282486E-01
 7.500000000E-01 1.548126311E-04 6.809158325E-01
 7.500000000E-01 1.580052049E-04 6.850805283E-01
 7.500000000E-01 1.612611086E-04 6.892231107E-01
 7.500000000E-01 1.645840675E-04 6.933441758E-01
 7.500000000E-01 1.679740817E-04 6.974442005E-01
 7.500000000E-01 1.714311511E-04 7.015236616E-01
 7.500000000E-01 1.749590010E-04 7.055832744E-01
 7.500000000E-01 1.785576314E-04 7.096235156E-01
 7.500000000E-01 1.822307677E-04 7.136448026E-01
 7.500000000E-01 1.859746844E-04 7.176477313E-01
 7.500000000E-01 1.897968323E-04 7.216327786E-01
 7.500000000E-01 1.936972112E-04 7.256004214E-01
 7.500000000E-01 1.976720960E-04 7.295510769E-01
 7.500000000E-01 2.017326624E-04 7.334852815E-01
 7.500000000E-01 2.058714599E-04 7.374035120E-01
 7.500000000E-01 2.100959391E-04 7.413061261E-01
 7.500000000E-01 2.144023747E-04 7.451936007E-01
 7.500000000E-01 2.188019425E-04 7.490663528E-01
 7.500000000E-01 2.232871921E-04 7.529247403E-01
 7.500000000E-01 2.278618485E-04 7.567692399E-01
 7.500000000E-01 2.325296373E-04 7.606003284E-01
 7.500000000E-01 2.372942836E-04 7.644182444E-01
 7.500000000E-01 2.421557874E-04 7.682234049E-01
 7.500000000E-01 2.471141634E-04 7.720161676E-01
 7.500000000E-01 2.521731076E-04 7.757969499E-01
 7.500000000E-01 2.573326346E-04 7.795661688E-01
 7.500000000E-01 2.626001951E-04 7.833240628E-01
 7.500000000E-01 2.679720637E-04 7.870709896E-01
 7.500000000E-01 2.734556911E-04 7.908073068E-01
 7.500000000E-01 2.790473518E-04 7.945333719E-01
 7.500000000E-01 2.847544965E-04 7.982493639E-01
 7.500000000E-01 2.905771253E-04 8.019557595E-01
 7.500000000E-01 2.965189633E-04 8.056527376E-01
 7.500000000E-01 3.025800106E-04 8.093407154E-01
 7.500000000E-01 3.087639925E-04 8.130199313E-01
 7.500000000E-01 3.150746343E-04 8.166906238E-01
 7.500000000E-01 3.215119359E-04 8.203532100E-01
 7.500000000E-01 3.280796227E-04 8.240078092E-01
 7.500000000E-01 3.347814200E-04 8.276546001E-01
 7.500000000E-01 3.416210529E-04 8.312940598E-01
 7.500000000E-01 3.485985217E-04 8.349262476E-01
 7.500000000E-01 3.557175514E-04 8.385514617E-01
 7.500000000E-01 3.629818675E-04 8.421700001E-01
 7.500000000E-01 3.703951952E-04 8.457819819E-01
 7.500000000E-01 3.779575345E-04 8.493875861E-01
 7.500000000E-01 3.856726107E-04 8.529871106E-01
 7.500000000E-01 3.935478744E-04 8.565806746E-01
 7.500000000E-01 4.015796003E-04 8.601685166E-01
 7.500000000E-01 4.097752389E-04 8.637506962E-01
 7.500000000E-01 4.181385157E-04 8.673275709E-01
 7.500000000E-01 4.266731557E-04 8.708990812E-01
 7.500000000E-01 4.353791592E-04 8.744655252E-01
 7.500000000E-01 4.442639765E-04 8.780270815E-01
 7.500000000E-01 4.533276078E-04 8.815836906E-01
 7.500000000E-01 4.625775036E-04 8.851356506E-01
 7.500000000E-01 4.720136640E-04 8.886829019E-01
 7.500000000E-01 4.816435394E-04 8.922258019E-01
 7.500000000E-01 4.914671299E-04 8.957642317E-01
 7.500000000E-01 5.014918861E-04 8.992984295E-01
 7.500000000E-01 5.117215333E-04 9.028283954E-01
 7.500000000E-01 5.221597967E-04 9.063541293E-01
 7.500000000E-01 5.328104016E-04 9.098757505E-01
 7.500000000E-01 5.436733481E-04 9.133933187E-01
 7.500000000E-01 5.547635374E-04 9.169068933E-01
 7.500000000E-01 5.660772440E-04 9.204164743E-01
 7.500000000E-01 5.776181933E-04 9.239220023E-01
 7.500000000E-01 5.893975613E-04 9.274236560E-01
 7.500000000E-01 6.014153478E-04 9.309212565E-01
 7.500000000E-01 6.136790034E-04 9.344149232E-01
 7.500000000E-01 6.261922535E-04 9.379044771E-01
 7.500000000E-01 6.389588234E-04 9.413900375E-01
 7.500000000E-01 6.519861636E-04 9.448714852E-01
 7.500000000E-01 6.652779994E-04 9.483485818E-01
 7.500000000E-01 6.788380560E-04 9.518216252E-01
 7.500000000E-01 6.926775095E-04 9.552901387E-01
 7.500000000E-01 7.068000850E-04 9.587542415E-01
 7.500000000E-01 7.212057826E-04 9.622138143E-01
 7.500000000E-01 7.359095034E-04 9.656686783E-01
 7.500000000E-01 7.509112475E-04 9.691185951E-01
 7.500000000E-01 7.662147400E-04 9.725635648E-01
 7.500000000E-01 7.818348822E-04 9.760032892E-01
 7.500000000E-01 7.977716741E-04 9.794375896E-01
 7.500000000E-01 8.140288410E-04 9.828663468E-01
 7.500000000E-01 8.306212840E-04 9.862891436E-01
 7.500000000E-01 8.475527284E-04 9.897060990E-01
 7.500000000E-01 8.648268995E-04 9.931166172E-01
 7.500000000E-01 8.824512479E-04 9.965205193E-01
 7.500000000E-01 9.004369495E-04 9.999176860E-01
 7.500000000E-01 9.187877295E-04 1.003307700E+00
 7.500000000E-01 9.375147638E-04 1.006690025E+00
 7.500000000E-01 9.566217777E-04 1.010064602E+00
 7.500000000E-01 9.761162219E-04 1.013431072E+00
 7.500000000E-01 9.960092138E-04 1.016788840E+00
 7.500000000E-01 1.016304595E-03 1.020137787E+00
 7.500000000E-01 1.037017209E-03 1.023477316E+00
 7.500000000E-01 1.058150781E-03 1.026806951E+00
 7.500000000E-01 1.079712762E-03 1.030126452E+00
 7.500000000E-01 1.101718051E-03 1.033435345E+00
 7.500000000E-01 1.124166651E-03 1.036733031E+00
 7.500000000E-01 1.147073461E-03 1.040019035E+00
 7.500000000E-01 1.170449657E-03 1.043292761E+00
 7.500000000E-01 1.194298966E-03 1.046553969E+00
 7.500000000E-01 1.218636287E-03 1.049801826E+00
 7.500000000E-01 1.243469073E-03 1.053035855E+00
 7.500000000E-01 1.268808497E-03 1.056255579E+00
 7.500000000E-01 1.294662012E-03 1.059460163E+00
 7.500000000E-01 1.321040792E-03 1.062649369E+00
 7.500000000E-01 1.347959740E-03 1.065822363E+00
 7.500000000E-01 1.375426305E-03 1.068978548E+00
 7.500000000E-01 1.403451664E-03 1.072117209E+00
 7.500000000E-01 1.432050718E-03 1.075237870E+00
 7.500000000E-01 1.461227192E-03 1.078339815E+00
 7.500000000E-01 1.491003437E-03 1.081422210E+00
 7.500000000E-01 1.521383179E-03 1.084484577E+00
 7.500000000E-01 1.552381320E-03 1.087526202E+00
 7.500000000E-01 1.584012760E-03 1.090546489E+00
 7.500000000E-01 1.616288675E-03 1.093544602E+00
 7.500000000E-01 1.649220241E-03 1.096519947E+00
 7.500000000E-01 1.682822360E-03 1.099471807E+00
 7.500000000E-01 1.717109932E-03 1.102399588E+00
 7.500000000E-01 1.752097858E-03 1.105302811E+00
 7.500000000E-01 1.787797315E-03 1.108180523E+00
 7.500000000E-01 1.824223204E-03 1.111032128E+00
 7.500000000E-01 1.861390425E-03 1.113857269E+00
 7.500000000E-01 1.899313880E-03 1.116655111E+00
 7.500000000E-01 1.938012196E-03 1.119425178E+00
 7.500000000E-01 1.977500273E-03 1.122166872E+00
 7.500000000E-01 2.017789287E-03 1.124879718E+00
 7.500000000E-01 2.058901591E-03 1.127563238E+00
 7.500000000E-01 2.100852085E-03 1.130216837E+00
 7.500000000E-01 2.143655671E-03 1.132840395E+00
 7.500000000E-01 2.187330974E-03 1.135433078E+00
 7.500000000E-01 2.231892897E-03 1.137994885E+00
 7.500000000E-01 2.277367515E-03 1.140525341E+00
 7.500000000E-01 2.323766006E-03 1.143024325E+00
 7.500000000E-01 2.371110721E-03 1.145491362E+00
 7.500000000E-01 2.419420285E-03 1.147926569E+00
 7.500000000E-01 2.468713326E-03 1.150329590E+00
 7.500000000E-01 2.519012196E-03 1.152700543E+00
 7.500000000E-01 2.570335520E-03 1.155039191E+00
 7.500000000E-01 2.622701926E-03 1.157345772E+00
 7.500000000E-01 2.676137490E-03 1.159620047E+00
 7.500000000E-01 2.730660839E-03 1.161862493E+00
 7.500000000E-01 2.786294324E-03 1.164073110E+00
 7.500000000E-01 2.843060298E-03 1.166252017E+00
 7.500000000E-01 2.900984837E-03 1.168399811E+00
 7.500000000E-01 2.960086567E-03 1.170516610E+00
 7.500000000E-01 3.020395292E-03 1.172602773E+00
 7.500000000E-01 3.081933362E-03 1.174658656E+00
 7.500000000E-01 3.144723130E-03 1.176684856E+00
 7.500000000E-01 3.208790673E-03 1.178681850E+00
 7.500000000E-01 3.274165792E-03 1.180650115E+00
 7.500000000E-01 3.340874566E-03 1.182590246E+00
 7.500000000E-01 3.408939345E-03 1.184502959E+00
 7.500000000E-01 3.478389932E-03 1.186388612E+00
 7.500000000E-01 3.549256129E-03 1.188248277E+00
 7.500000000E-01 3.621567739E-03 1.190082192E+00
 7.500000000E-01 3.695350839E-03 1.191891432E+00
 7.500000000E-01 3.770638956E-03 1.193676472E+00
 7.500000000E-01 3.847458167E-03 1.195438147E+00
 7.500000000E-01 3.925845958E-03 1.197177172E+00
 7.500000000E-01 4.005827941E-03 1.198894262E+00
 7.500000000E-01 4.087441601E-03 1.200590134E+00
 7.500000000E-01 4.170713015E-03 1.202265620E+00
 7.500000000E-01 4.255686887E-03 1.203921437E+00
 7.500000000E-01 4.342389293E-03 1.205558181E+00
 7.500000000E-01 4.430857487E-03 1.207176685E+00
 7.500000000E-01 4.521128722E-03 1.208777666E+00
 7.500000000E-01 4.613240249E-03 1.210361600E+00
 7.500000000E-01 4.707225598E-03 1.211929440E+00
 7.500000000E-01 4.803125747E-03 1.213481665E+00
 7.500000000E-01 4.900981672E-03 1.215018630E+00
 7.500000000E-01 5.000830628E-03 1.216541290E+00
 7.500000000E-01 5.102713592E-03 1.218050003E+00
 7.500000000E-01 5.206671543E-03 1.219545126E+00
 7.500000000E-01 5.312749185E-03 1.221027255E+00
 7.500000000E-01 5.420987494E-03 1.222496748E+00
 7.500000000E-01 5.531431176E-03 1.223953843E+00
 7.500000000E-01 5.644121207E-03 1.225398898E+00
 7.500000000E-01 5.759109743E-03 1.226832151E+00
 7.500000000E-01 5.876441486E-03 1.228253722E+00
 7.500000000E-01 5.996164866E-03 1.229663730E+00
 7.500000000E-01 6.118324585E-03 1.231062174E+00
 7.500000000E-01 6.242972799E-03 1.232449055E+00
 7.500000000E-01 6.370161660E-03 1.233824015E+00
 7.500000000E-01 6.499943323E-03 1.235187054E+00
 7.500000000E-01 6.632366218E-03 1.236537814E+00
 7.500000000E-01 6.767489947E-03 1.237875819E+00
 7.500000000E-01 6.905362941E-03 1.239200711E+00
 7.500000000E-01 7.046048529E-03 1.240511656E+00
 7.500000000E-01 7.189598866E-03 1.241808057E+00
 7.500000000E-01 7.336073555E-03 1.243089080E+00
 7.500000000E-01 7.485532202E-03 1.244353652E+00
 7.500000000E-01 7.638034411E-03 1.245600939E+00
 7.500000000E-01 7.793643512E-03 1.246829510E+00
 7.500000000E-01 7.952426560E-03 1.248038292E+00
 7.500000000E-01 8.114439435E-03 1.249225616E+00
 7.500000000E-01 8.279756643E-03 1.250390053E+00
 7.500000000E-01 8.448441513E-03 1.251529932E+00
 7.500000000E-01 8.620561101E-03 1.252643228E+00
 7.500000000E-01 8.796186186E-03 1.253728509E+00
 7.500000000E-01 8.975395001E-03 1.254783273E+00
 7.500000000E-01 9.158250876E-03 1.255805731E+00
 7.500000000E-01 9.344832040E-03 1.256793737E+00
 7.500000000E-01 9.535213001E-03 1.257745028E+00
 7.500000000E-01 9.729475714E-03 1.258657455E+00
 7.500000000E-01 9.927694686E-03 1.259528756E+00
 7.500000000E-01 1.012995187E-02 1.260357022E+00
 7.500000000E-01 1.033632923E-02 1.261139870E+00
 7.500000000E-01 1.054691244E-02 1.261875749E+00
 7.500000000E-01 1.076178346E-02 1.262562513E+00
 7.500000000E-01 1.098103542E-02 1.263198853E+00
 7.500000000E-01 1.120475028E-02 1.263783336E+00
 7.500000000E-01 1.143302489E-02 1.264314651E+00
 7.500000000E-01 1.166595239E-02 1.264792085E+00
 7.500000000E-01 1.190362219E-02 1.265215993E+00
 7.500000000E-01 1.214613486E-02 1.265544415E+00
 7.500000000E-01 1.239358727E-02 1.265561104E+00
 7.500000000E-01 1.264608372E-02 1.264994264E+00
 7.500000000E-01 1.290372480E-02 1.264007211E+00
 7.500000000E-01 1.316661108E-02 1.262995839E+00
 7.500000000E-01 1.343485434E-02 1.262076378E+00
 7.500000000E-01 1.370855886E-02 1.261203170E+00
 7.500000000E-01 1.398784388E-02 1.260345697E+00
 7.500000000E-01 1.427282114E-02 1.259499073E+00
 7.500000000E-01 1.456360240E-02 1.258667111E+00
 7.500000000E-01 1.486030687E-02 1.257860184E+00
 7.500000000E-01 1.516305376E-02 1.257080436E+00
 7.500000000E-01 1.547196973E-02 1.256310701E+00
 7.500000000E-01 1.578718051E-02 1.255533934E+00
 7.500000000E-01 1.610881463E-02 1.254745126E+00
 7.500000000E-01 1.643699780E-02 1.253943920E+00
 7.500000000E-01 1.677187160E-02 1.253130198E+00
 7.500000000E-01 1.711356267E-02 1.252303839E+00
 7.500000000E-01 1.746221259E-02 1.251464605E+00
 7.500000000E-01 1.781797037E-02 1.250612378E+00
 7.500000000E-01 1.818097755E-02 1.249747157E+00
 7.500000000E-01 1.855138317E-02 1.248868942E+00
 7.500000000E-01 1.892932877E-02 1.247977138E+00
 7.500000000E-01 1.931497827E-02 1.247072101E+00
 7.500000000E-01 1.970848069E-02 1.246153593E+00
 7.500000000E-01 2.010999992E-02 1.245221376E+00
 7.500000000E-01 2.051969990E-02 1.244275451E+00
 7.500000000E-01 2.093774453E-02 1.243315697E+00
 7.500000000E-01 2.136431262E-02 1.242341995E+00
 7.500000000E-01 2.179956809E-02 1.241354346E+00
 7.500000000E-01 2.224368975E-02 1.240352511E+00
 7.500000000E-01 2.269686386E-02 1.239336491E+00
 7.500000000E-01 2.315926179E-02 1.238306165E+00
 7.500000000E-01 2.363108471E-02 1.237261295E+00
 7.500000000E-01 2.411251888E-02 1.236202121E+00
 7.500000000E-01 2.460376546E-02 1.235128284E+00
 7.500000000E-01 2.510501817E-02 1.234039903E+00
 7.500000000E-01 2.561648563E-02 1.232936859E+00
 7.500000000E-01 2.613836899E-02 1.231818914E+00
 7.500000000E-01 2.667088434E-02 1.230686307E+00
 7.500000000E-01 2.721424773E-02 1.229538798E+00
 7.500000000E-01 2.776868269E-02 1.228376389E+00
 7.500000000E-01 2.833441272E-02 1.227198958E+00
 7.500000000E-01 2.891167626E-02 1.226006627E+00
 7.500000000E-01 2.950068936E-02 1.224799275E+00
 7.500000000E-01 3.010170534E-02 1.223576784E+00
 7.500000000E-01 3.071497008E-02 1.222339272E+00
 7.500000000E-01 3.134072199E-02 1.221086740E+00
 7.500000000E-01 3.197922930E-02 1.219819188E+00
 7.500000000E-01 3.263073787E-02 1.218536496E+00
 7.500000000E-01 3.329552338E-02 1.217238665E+00
 7.500000000E-01 3.397385404E-02 1.215925813E+00
 7.500000000E-01 3.466600552E-02 1.214598060E+00
 7.500000000E-01 3.537225351E-02 1.213255167E+00
 7.500000000E-01 3.609288856E-02 1.211897492E+00
 7.500000000E-01 3.682820871E-02 1.210524797E+00
 7.500000000E-01 3.757851198E-02 1.209137321E+00
 7.500000000E-01 3.834409639E-02 1.207735062E+00
 7.500000000E-01 3.912528232E-02 1.206318021E+00
 7.500000000E-01 3.992238268E-02 1.204886317E+00
 7.500000000E-01 4.073571786E-02 1.203440309E+00
 7.500000000E-01 4.156563058E-02 1.201979637E+00
 7.500000000E-01 4.241244122E-02 1.200504780E+00
 7.500000000E-01 4.327650741E-02 1.199015737E+00
 7.500000000E-01 4.415817931E-02 1.197512507E+00
 7.500000000E-01 4.505781457E-02 1.195995450E+00
 7.500000000E-01 4.597577825E-02 1.194464564E+00
 7.500000000E-01 4.691244289E-02 1.192920089E+00
 7.500000000E-01 4.786818847E-02 1.191362143E+00
 7.500000000E-01 4.884340242E-02 1.189790964E+00
 7.500000000E-01 4.983849451E-02 1.188206792E+00
 7.500000000E-01 5.085385218E-02 1.186609626E+00
 7.500000000E-01 5.188989267E-02 1.184999824E+00
 7.500000000E-01 5.294704810E-02 1.183377504E+00
 7.500000000E-01 5.402573571E-02 1.181743145E+00
 7.500000000E-01 5.512640253E-02 1.180096626E+00
 7.500000000E-01 5.624948815E-02 1.178438544E+00
 7.500000000E-01 5.739546195E-02 1.176768899E+00
 7.500000000E-01 5.856477842E-02 1.175088167E+00
 7.500000000E-01 5.975791439E-02 1.173396587E+00
 7.500000000E-01 6.097536162E-02 1.171694517E+00
 7.500000000E-01 6.221761182E-02 1.169982076E+00
 7.500000000E-01 6.348517537E-02 1.168259621E+00
 7.500000000E-01 6.477855146E-02 1.166527748E+00
 7.500000000E-01 6.609828770E-02 1.164786339E+00
 7.500000000E-01 6.744490564E-02 1.163036227E+00
 7.500000000E-01 6.881895661E-02 1.161277533E+00
 7.500000000E-01 7.022100687E-02 1.159510612E+00
 7.500000000E-01 7.165161520E-02 1.157735825E+00
 7.500000000E-01 7.311137766E-02 1.155953765E+00
 7.500000000E-01 7.460086793E-02 1.154164672E+00
 7.500000000E-01 7.612071931E-02 1.152369142E+00
 7.500000000E-01 7.767151296E-02 1.150567293E+00
 7.500000000E-01 7.925391197E-02 1.148759723E+00
 7.500000000E-01 8.086855710E-02 1.146946907E+00
 7.500000000E-01 8.251608908E-02 1.145129323E+00
 7.500000000E-01 8.419719338E-02 1.143307447E+00
 7.500000000E-01 8.591254056E-02 1.141481519E+00
 7.500000000E-01 8.766283095E-02 1.139652133E+00
 7.500000000E-01 8.944877982E-02 1.137819886E+00
 7.500000000E-01 9.127111733E-02 1.135985255E+00
 7.500000000E-01 9.313058853E-02 1.134148598E+00
 7.500000000E-01 9.502793849E-02 1.132310510E+00
 7.500000000E-01 9.696392715E-02 1.130471468E+00
 7.500000000E-01 9.893937409E-02 1.128632069E+00
 .500000000E-01 1.009550691E-01 1.126792789E+00
 7.500000000E-01 1.030118167E-01 1.124953985E+00
 7.500000000E-01 1.051104814E-01 1.123116493E+00
 7.500000000E-01 1.072518975E-01 1.121280670E+00
 7.500000000E-01 1.094369292E-01 1.119446993E+00
 7.500000000E-01 1.116664857E-01 1.117616177E+00
 7.500000000E-01 1.139414757E-01 1.115788579E+00
 7.500000000E-01 1.162627935E-01 1.113964796E+00
 7.500000000E-01 1.186314225E-01 1.112145543E+00
 7.500000000E-01 1.210482866E-01 1.110331178E+00
 7.500000000E-01 1.235143989E-01 1.108522177E+00
 7.500000000E-01 1.260307580E-01 1.106719255E+00
 7.500000000E-01 1.285983771E-01 1.104923010E+00
 7.500000000E-01 1.312183142E-01 1.103133678E+00
 7.500000000E-01 1.338916272E-01 1.101352215E+00
 7.500000000E-01 1.366193891E-01 1.099578738E+00
 7.500000000E-01 1.394027323E-01 1.097814083E+00
 7.500000000E-01 1.422427893E-01 1.096058607E+00
 7.500000000E-01 1.451406926E-01 1.094312906E+00
 7.500000000E-01 1.480976492E-01 1.092577338E+00
 7.500000000E-01 1.511148363E-01 1.090852737E+00
 7.500000000E-01 1.541934907E-01 1.089139462E+00
 7.500000000E-01 1.573348790E-01 1.087437749E+00
 7.500000000E-01 1.605402529E-01 1.085748434E+00
 7.500000000E-01 1.638109386E-01 1.084071875E+00
 7.500000000E-01 1.671482474E-01 1.082408428E+00
 7.500000000E-01 1.705535650E-01 1.080758810E+00
 7.500000000E-01 1.740282476E-01 1.079123139E+00
 7.500000000E-01 1.775737107E-01 1.077502131E+00
 7.500000000E-01 1.811914295E-01 1.075896025E+00
 7.500000000E-01 1.848828346E-01 1.074305296E+00
 7.500000000E-01 1.886494458E-01 1.072730541E+00
 7.500000000E-01 1.924927980E-01 1.071171880E+00
 7.500000000E-01 1.964144409E-01 1.069629669E+00
 7.500000000E-01 2.004159838E-01 1.068104506E+00
 7.500000000E-01 2.044990510E-01 1.066596627E+00
 7.500000000E-01 2.086653262E-01 1.065106273E+00
 7.500000000E-01 2.129164487E-01 1.063634038E+00
 7.500000000E-01 2.172542065E-01 1.062179923E+00
 7.500000000E-01 2.216802984E-01 1.060744286E+00
 7.500000000E-01 2.261966020E-01 1.059327483E+00
 7.500000000E-01 2.308049053E-01 1.057929635E+00
 7.500000000E-01 2.355070859E-01 1.056551218E+00
 7.500000000E-01 2.403050512E-01 1.055192113E+00
 7.500000000E-01 2.452007979E-01 1.053852916E+00
 7.500000000E-01 2.501962483E-01 1.052533507E+00
 7.500000000E-01 2.552934885E-01 1.051234126E+00
 7.500000000E-01 2.604945600E-01 1.049955010E+00
 7.500000000E-01 2.658016384E-01 1.048696280E+00
 7.500000000E-01 2.712168097E-01 1.047458053E+00
 7.500000000E-01 2.767422795E-01 1.046240449E+00
 7.500000000E-01 2.823803425E-01 1.045043468E+00
 7.500000000E-01 2.881332934E-01 1.043867230E+00
 7.500000000E-01 2.940034270E-01 1.042711735E+00
 7.500000000E-01 2.999931276E-01 1.041577101E+00
 7.500000000E-01 3.061048985E-01 1.040463209E+00
 7.500000000E-01 3.123411536E-01 1.039370179E+00
 7.500000000E-01 3.187044859E-01 1.038298130E+00
 7.500000000E-01 3.251974285E-01 1.037246823E+00
 7.500000000E-01 3.318226933E-01 1.036216259E+00
 7.500000000E-01 3.385829031E-01 1.035206318E+00
 7.500000000E-01 3.454808295E-01 1.034217119E+00
 7.500000000E-01 3.525193036E-01 1.033248305E+00
 7.500000000E-01 3.597011864E-01 1.032299995E+00
 7.500000000E-01 3.670293689E-01 1.031372070E+00
 7.500000000E-01 3.745068610E-01 1.030464172E+00
 7.500000000E-01 3.821366727E-01 1.029576421E+00
 7.500000000E-01 3.899219334E-01 1.028708458E+00
 7.500000000E-01 3.978658020E-01 1.027860284E+00
 7.500000000E-01 4.059715271E-01 1.027031660E+00
 7.500000000E-01 4.142423570E-01 1.026222229E+00
 7.500000000E-01 4.226817191E-01 1.025432110E+00
 7.500000000E-01 4.312930107E-01 1.024660826E+00
 7.500000000E-01 4.400797188E-01 1.023908257E+00
 7.500000000E-01 4.490454495E-01 1.023174286E+00
 7.500000000E-01 4.581938386E-01 1.022458553E+00
 7.500000000E-01 4.675286412E-01 1.021760702E+00
 7.500000000E-01 4.770535827E-01 1.021080732E+00
 7.500000000E-01 4.867725968E-01 1.020418167E+00
 7.500000000E-01 4.966895580E-01 1.019772887E+00
 7.500000000E-01 5.068086386E-01 1.019144535E+00
 7.500000000E-01 5.171338320E-01 1.018532872E+00
 7.500000000E-01 5.276693702E-01 1.017937779E+00
 7.500000000E-01 5.384196043E-01 1.017358661E+00
 7.500000000E-01 5.493887663E-01 1.016795516E+00
 7.500000000E-01 5.605814457E-01 1.016247869E+00
 7.500000000E-01 5.720021725E-01 1.015715480E+00
 7.500000000E-01 5.836555958E-01 1.015198231E+00
 7.500000000E-01 5.955463648E-01 1.014695525E+00
 7.500000000E-01 6.076794267E-01 1.014207244E+00
 7.500000000E-01 6.200596690E-01 1.013733029E+00
 7.500000000E-01 6.326921582E-01 1.013272643E+00
 7.500000000E-01 6.455819607E-01 1.012825727E+00
 7.500000000E-01 6.587343812E-01 1.012392163E+00
 7.500000000E-01 6.721547842E-01 1.011971474E+00
 7.500000000E-01 6.858485341E-01 1.011563420E+00
 7.500000000E-01 6.998213530E-01 1.011167526E+00
 7.500000000E-01 7.140787840E-01 1.010783792E+00
 7.500000000E-01 7.286266685E-01 1.010411978E+00
 7.500000000E-01 7.434709668E-01 1.010051370E+00
 7.500000000E-01 7.586176991E-01 1.009702206E+00
 7.500000000E-01 7.740730047E-01 1.009363770E+00
 7.500000000E-01 7.898432016E-01 1.009036064E+00
 7.500000000E-01 8.059346080E-01 1.008718729E+00
 7.500000000E-01 8.223538995E-01 1.008411527E+00
 7.500000000E-01 8.391076922E-01 1.008113980E+00
 7.500000000E-01 8.562028408E-01 1.007826209E+00
 7.500000000E-01 8.736462593E-01 1.007547617E+00
 7.500000000E-01 8.914450407E-01 1.007278085E+00
 7.500000000E-01 9.096063972E-01 1.007017374E+00
 7.500000000E-01 9.281377792E-01 1.006765366E+00
 7.500000000E-01 9.470467567E-01 1.006521583E+00
 7.500000000E-01 9.663408399E-01 1.006285787E+00
 7.500000000E-01 9.860281348E-01 1.006057978E+00
 7.500000000E-01 1.006116509E+00 1.005837679E+00
 7.500000000E-01 1.026614070E+00 1.005624890E+00
 7.500000000E-01 1.047529340E+00 1.005419254E+00
 7.500000000E-01 1.068870544E+00 1.005220532E+00
 7.500000000E-01 1.090646625E+00 1.005028605E+00
 7.500000000E-01 1.112866402E+00 1.004843235E+00
 7.500000000E-01 1.135538816E+00 1.004664302E+00
 7.500000000E-01 1.158673048E+00 1.004491448E+00
 7.500000000E-01 1.182278752E+00 1.004324555E+00
 7.500000000E-01 1.206365228E+00 1.004163504E+00
 7.500000000E-01 1.230942488E+00 1.004008174E+00
 7.500000000E-01 1.256020427E+00 1.003858089E+00
 7.500000000E-01 1.281609297E+00 1.003713369E+00
 7.500000000E-01 1.307719469E+00 1.003573656E+00
 7.500000000E-01 1.334361672E+00 1.003438950E+00
 7.500000000E-01 1.361546636E+00 1.003309011E+00
 7.500000000E-01 1.389285326E+00 1.003183603E+00
 7.500000000E-01 1.417589188E+00 1.003062725E+00
 7.500000000E-01 1.446469784E+00 1.002946258E+00
 7.500000000E-01 1.475938678E+00 1.002833843E+00
 7.500000000E-01 1.506007910E+00 1.002725482E+00
 7.500000000E-01 1.536689758E+00 1.002621174E+00
 7.500000000E-01 1.567996740E+00 1.002520561E+00
 7.500000000E-01 1.599941492E+00 1.002423644E+00
 7.500000000E-01 1.632537007E+00 1.002330065E+00
 7.500000000E-01 1.665796638E+00 1.002240062E+00
 7.500000000E-01 1.699733853E+00 1.002153397E+00
 7.500000000E-01 1.734362483E+00 1.002069950E+00
 7.500000000E-01 1.769696712E+00 1.001989484E+00
 7.500000000E-01 1.805750608E+00 1.001912117E+00
 7.500000000E-01 1.842539191E+00 1.001837492E+00
 7.500000000E-01 1.880077124E+00 1.001765609E+00
 7.500000000E-01 1.918379903E+00 1.001696587E+00
 7.500000000E-01 1.957463026E+00 1.001630068E+00
 7.500000000E-01 1.997342348E+00 1.001566172E+00
 7.500000000E-01 2.038034201E+00 1.001504660E+00
 7.500000000E-01 2.079555035E+00 1.001445413E+00
 7.500000000E-01 2.121921778E+00 1.001388431E+00
 7.500000000E-01 2.165151596E+00 1.001333714E+00
 7.500000000E-01 2.209262133E+00 1.001281023E+00
 7.500000000E-01 2.254271507E+00 1.001230478E+00
 7.500000000E-01 2.300197601E+00 1.001181722E+00
 7.500000000E-01 2.347059488E+00 1.001134992E+00
 7.500000000E-01 2.394876242E+00 1.001090169E+00
 7.500000000E-01 2.443666935E+00 1.001047134E+00
 7.500000000E-01 2.493451595E+00 1.001005769E+00
 7.500000000E-01 2.544250727E+00 1.000966072E+00
 7.500000000E-01 2.596084595E+00 1.000927925E+00
 7.500000000E-01 2.648974657E+00 1.000891447E+00
 7.500000000E-01 2.702942133E+00 1.000856400E+00
 7.500000000E-01 2.758009195E+00 1.000822902E+00
 7.500000000E-01 2.814198017E+00 1.000790834E+00
 7.500000000E-01 2.871531487E+00 1.000760078E+00
 7.500000000E-01 2.930033207E+00 1.000730634E+00
 7.500000000E-01 2.989726782E+00 1.000702620E+00
 7.500000000E-01 3.050636292E+00 1.000675797E+00
 7.500000000E-01 3.112786770E+00 1.000650167E+00
 7.500000000E-01 3.176203728E+00 1.000625730E+00
 7.500000000E-01 3.240912437E+00 1.000602603E+00
 7.500000000E-01 3.306939363E+00 1.000580430E+00
 7.500000000E-01 3.374311686E+00 1.000559449E+00
 7.500000000E-01 3.443056345E+00 1.000539660E+00
 7.500000000E-01 3.513201714E+00 1.000520825E+00
 7.500000000E-01 3.584775925E+00 1.000503063E+00
 7.500000000E-01 3.657808542E+00 1.000486374E+00
 7.500000000E-01 3.732329130E+00 1.000470638E+00
 7.500000000E-01 3.808367729E+00 1.000455976E+00
 7.500000000E-01 3.885955572E+00 1.000442266E+00
 7.500000000E-01 3.965123892E+00 1.000429630E+00
 7.500000000E-01 4.045905113E+00 1.000417948E+00
 7.500000000E-01 4.128332138E+00 1.000407338E+00
 7.500000000E-01 4.212438583E+00 1.000397563E+00
 7.500000000E-01 4.298258781E+00 1.000388980E+00
 7.500000000E-01 4.385827065E+00 1.000381351E+00
 7.500000000E-01 4.475179195E+00 1.000374913E+00
 7.500000000E-01 4.566351891E+00 1.000369430E+00
 7.500000000E-01 4.659382343E+00 1.000365019E+00
 7.500000000E-01 4.754307747E+00 1.000361919E+00
 7.500000000E-01 4.851167202E+00 1.000360012E+00
 7.500000000E-01 4.949999809E+00 1.000359416E+00
ZONE T="x=1.20148"
 1.201478243E+00 0.000000000E+00 0.000000000E+00
 1.201478243E+00 4.999999987E-07 1.910462393E-03
 1.201478243E+00 1.000203383E-06 3.821513616E-03
 1.201478243E+00 1.500813596E-06 5.733930971E-03
 1.201478243E+00 2.002034307E-06 7.648491766E-03
 1.201478243E+00 2.504069471E-06 9.565974586E-03
 1.201478243E+00 3.007123041E-06 1.148715802E-02
 1.201478243E+00 3.511400109E-06 1.341282204E-02
 1.201478243E+00 4.017105312E-06 1.534374803E-02
 1.201478243E+00 4.524444648E-06 1.728072204E-02
 1.201478243E+00 5.033624348E-06 1.922452636E-02
 1.201478243E+00 5.544851319E-06 2.117595077E-02
 1.201478243E+00 6.058334293E-06 2.313578874E-02
 1.201478243E+00 6.574281088E-06 2.510482818E-02
 1.201478243E+00 7.092902251E-06 2.708387189E-02
 1.201478243E+00 7.614408787E-06 2.907372080E-02
 1.201478243E+00 8.139012607E-06 3.107517399E-02
 1.201478243E+00 8.666926988E-06 3.308904544E-02
 1.201478243E+00 9.198367479E-06 3.511614352E-02
 1.201478243E+00 9.733548723E-06 3.715728968E-02
 1.201478243E+00 1.027268991E-05 3.921329975E-02
 1.201478243E+00 1.081600931E-05 4.128500447E-02
 1.201478243E+00 1.136372885E-05 4.337323457E-02
 1.201478243E+00 1.191607043E-05 4.547882825E-02
 1.201478243E+00 1.247325872E-05 4.760262370E-02
 1.201478243E+00 1.303552108E-05 4.974546283E-02
 1.201478243E+00 1.360308670E-05 5.190820619E-02
 1.201478243E+00 1.417618478E-05 5.409170687E-02
 1.201478243E+00 1.475504905E-05 5.629682913E-02
 1.201478243E+00 1.533991599E-05 5.852443352E-02
 1.201478243E+00 1.593102206E-05 6.077539176E-02
 1.201478243E+00 1.652860919E-05 6.305058300E-02
 1.201478243E+00 1.713291931E-05 6.535088271E-02
 1.201478243E+00 1.774419979E-05 6.767717004E-02
 1.201478243E+00 1.836269621E-05 7.003033161E-02
 1.201478243E+00 1.898866321E-05 7.241124660E-02
 1.201478243E+00 1.962235365E-05 7.482080907E-02
 1.201478243E+00 2.026402581E-05 7.725989819E-02
 1.201478243E+00 2.091394163E-05 7.972940058E-02
 1.201478243E+00 2.157236304E-05 8.223019540E-02
 1.201478243E+00 2.223956108E-05 8.476314694E-02
 1.201478243E+00 2.291580495E-05 8.732913435E-02
 1.201478243E+00 2.360136932E-05 8.992900699E-02
 1.201478243E+00 2.429653614E-05 9.256359935E-02
 1.201478243E+00 2.500158553E-05 9.523376077E-02
 1.201478243E+00 2.571680307E-05 9.794026613E-02
 1.201478243E+00 2.644248343E-05 1.006839201E-01
 1.201478243E+00 2.717891948E-05 1.034654975E-01
 1.201478243E+00 2.792640953E-05 1.062856913E-01
 1.201478243E+00 2.868526099E-05 1.091452017E-01
 1.201478243E+00 2.945577944E-05 1.120446846E-01
 1.201478243E+00 3.023828140E-05 1.149847135E-01
 1.201478243E+00 3.103308336E-05 1.179658398E-01
 1.201478243E+00 3.184050729E-05 1.209885329E-01
 1.201478243E+00 3.266088243E-05 1.240532175E-01
 1.201478243E+00 3.349454346E-05 1.271602064E-01
 1.201478243E+00 3.434183236E-05 1.303097308E-01
 1.201478243E+00 3.520308746E-05 1.335019618E-01
 1.201478243E+00 3.607866165E-05 1.367369443E-01
 1.201478243E+00 3.696891145E-05 1.400145739E-01
 1.201478243E+00 3.787420064E-05 1.433347017E-01
 1.201478243E+00 3.879489668E-05 1.466969997E-01
 1.201478243E+00 3.973137063E-05 1.501010060E-01
 1.201478243E+00 4.068400813E-05 1.535461396E-01
 1.201478243E+00 4.165319478E-05 1.570316255E-01
 1.201478243E+00 4.263932351E-05 1.605566293E-01
 1.201478243E+00 4.364279812E-05 1.641200334E-01
 1.201478243E+00 4.466402606E-05 1.677206457E-01
 1.201478243E+00 4.570341844E-05 1.713571101E-01
 1.201478243E+00 4.676140452E-05 1.750278622E-01
 1.201478243E+00 4.783841359E-05 1.787312627E-01
 1.201478243E+00 4.893487858E-05 1.824654639E-01
 1.201478243E+00 5.005125058E-05 1.862284690E-01
 1.201478243E+00 5.118798072E-05 1.900182217E-01
 1.201478243E+00 5.234553100E-05 1.938324720E-01
 1.201478243E+00 5.352437802E-05 1.976689249E-01
 1.201478243E+00 5.472499470E-05 2.015251666E-01
 1.201478243E+00 5.594787217E-05 2.053987235E-01
 1.201478243E+00 5.719350884E-05 2.092870772E-01
 1.201478243E+00 5.846241038E-05 2.131876498E-01
 1.201478243E+00 5.975508975E-05 2.170978785E-01
 1.201478243E+00 6.107207446E-05 2.210151702E-01
 1.201478243E+00 6.241390656E-05 2.249370068E-01
 1.201478243E+00 6.378112448E-05 2.288608551E-01
 1.201478243E+00 6.517428847E-05 2.327842563E-01
 1.201478243E+00 6.659396604E-05 2.367048413E-01
 1.201478243E+00 6.804072473E-05 2.406203151E-01
 1.201478243E+00 6.951516116E-05 2.445284575E-01
 1.201478243E+00 7.101787924E-05 2.484271526E-01
 1.201478243E+00 7.254948287E-05 2.523144782E-01
 1.201478243E+00 7.411059778E-05 2.561885118E-01
 1.201478243E+00 7.570186426E-05 2.600474954E-01
 1.201478243E+00 7.732391532E-05 2.638898194E-01
 1.201478243E+00 7.897742034E-05 2.677140236E-01
 1.201478243E+00 8.066305600E-05 2.715187371E-01
 1.201478243E+00 8.238149894E-05 2.753026783E-01
 1.201478243E+00 8.413345495E-05 2.790648043E-01
 1.201478243E+00 8.591963706E-05 2.828039825E-01
 1.201478243E+00 8.774075832E-05 2.865194976E-01
 1.201478243E+00 8.959758270E-05 2.902103961E-01
 1.201478243E+00 9.149084508E-05 2.938761413E-01
 1.201478243E+00 9.342132398E-05 2.975160480E-01
 1.201478243E+00 9.538980521E-05 3.011297286E-01
 1.201478243E+00 9.739708912E-05 3.047167361E-01
 1.201478243E+00 9.944399062E-05 3.082767427E-01
 1.201478243E+00 1.015313392E-04 3.118095398E-01
 1.201478243E+00 1.036599933E-04 3.153149486E-01
 1.201478243E+00 1.058308117E-04 3.187927902E-01
 1.201478243E+00 1.080446746E-04 3.222431242E-01
 1.201478243E+00 1.103024915E-04 3.256658912E-01
 1.201478243E+00 1.126051793E-04 3.290610909E-01
 1.201478243E+00 1.149536620E-04 3.324289024E-01
 1.201478243E+00 1.173489145E-04 3.357693851E-01
 1.201478243E+00 1.197918973E-04 3.390826881E-01
 1.201478243E+00 1.222835999E-04 3.423691094E-01
 1.201478243E+00 1.248250628E-04 3.456287682E-01
 1.201478243E+00 1.274172828E-04 3.488619626E-01
 1.201478243E+00 1.300613367E-04 3.520689011E-01
 1.201478243E+00 1.327583013E-04 3.552499115E-01
 1.201478243E+00 1.355092681E-04 3.584052920E-01
 1.201478243E+00 1.383153576E-04 3.615352809E-01
 1.201478243E+00 1.411777048E-04 3.646403551E-01
 1.201478362E+00 1.440974738E-04 3.677206933E-01
 1.201478362E+00 1.470758725E-04 3.707767129E-01
 1.201478362E+00 1.501140796E-04 3.738087714E-01
 1.201478362E+00 1.532133610E-04 3.768171072E-01
 1.201478362E+00 1.563749538E-04 3.798022270E-01
 1.201478362E+00 1.596001675E-04 3.827643692E-01
 1.201478362E+00 1.628902974E-04 3.857039213E-01
 1.201478362E+00 1.662466966E-04 3.886212707E-01
 1.201478362E+00 1.696707041E-04 3.915167153E-01
 1.201478362E+00 1.731637312E-04 3.943906128E-01
 1.201478362E+00 1.767272042E-04 3.972433805E-01
 1.201478362E+00 1.803625637E-04 4.000752568E-01
 1.201478362E+00 1.840712794E-04 4.028867185E-01
 1.201478362E+00 1.878548792E-04 4.056779444E-01
 1.201478362E+00 1.917148911E-04 4.084493518E-01
 1.201478362E+00 1.956528868E-04 4.112012684E-01
 1.201478362E+00 1.996704668E-04 4.139340222E-01
 1.201478362E+00 2.037692757E-04 4.166478813E-01
 1.201478362E+00 2.079509577E-04 4.193431735E-01
 1.201478362E+00 2.122172300E-04 4.220202565E-01
 1.201478362E+00 2.165698388E-04 4.246793389E-01
 1.201478362E+00 2.210105304E-04 4.273207784E-01
 1.201478362E+00 2.255411237E-04 4.299448133E-01
 1.201478362E+00 2.301634668E-04 4.325518012E-01
 1.201478362E+00 2.348794369E-04 4.351418912E-01
 1.201478362E+00 2.396909404E-04 4.377154410E-01
 1.201478362E+00 2.445999417E-04 4.402726293E-01
 1.201478362E+00 2.496084489E-04 4.428138137E-01
 1.201478362E+00 2.547184704E-04 4.453391433E-01
 1.201478362E+00 2.599321306E-04 4.478488266E-01
 1.201478362E+00 2.652514959E-04 4.503432214E-01
 1.201478362E+00 2.706787782E-04 4.528224468E-01
 1.201478362E+00 2.762161603E-04 4.552867413E-01
 1.201478362E+00 2.818659123E-04 4.577363431E-01
 1.201478362E+00 2.876303042E-04 4.601714015E-01
 1.201478362E+00 2.935116936E-04 4.625920951E-01
 1.201478362E+00 2.995124669E-04 4.649986923E-01
 1.201478362E+00 3.056350979E-04 4.673913121E-01
 1.201478362E+00 3.118820314E-04 4.697701335E-01
 1.201478362E+00 3.182558285E-04 4.721353650E-01
 1.201478362E+00 3.247591085E-04 4.744871259E-01
 1.201478362E+00 3.313944617E-04 4.768255651E-01
 1.201478362E+00 3.381646238E-04 4.791508615E-01
 1.201478362E+00 3.450723598E-04 4.814631343E-01
 1.201478362E+00 3.521204344E-04 4.837625027E-01
 1.201478362E+00 3.593117581E-04 4.860491455E-01
 1.201478362E+00 3.666492412E-04 4.883231223E-01
 1.201478362E+00 3.741358523E-04 4.905846119E-01
 1.201478362E+00 3.817746765E-04 4.928337336E-01
 1.201478362E+00 3.895687696E-04 4.950704873E-01
 1.201478362E+00 3.975213331E-04 4.972950816E-01
 1.201478362E+00 4.056355974E-04 4.995075762E-01
 1.201478362E+00 4.139148805E-04 5.017080307E-01
 1.201478362E+00 4.223625001E-04 5.038965940E-01
 1.201478362E+00 4.309819487E-04 5.060732961E-01
 1.201478362E+00 4.397767188E-04 5.082381964E-01
 1.201478362E+00 4.487503611E-04 5.103914738E-01
 1.201478362E+00 4.579065426E-04 5.125330687E-01
 1.201478362E+00 4.672489886E-04 5.146631002E-01
 1.201478362E+00 4.767814826E-04 5.167816281E-01
 1.201478362E+00 4.865079245E-04 5.188886523E-01
 1.201478362E+00 4.964323016E-04 5.209843516E-01
 1.201478362E+00 5.065585719E-04 5.230686665E-01
 1.201478362E+00 5.168908974E-04 5.251416564E-01
 1.201478362E+00 5.274334690E-04 5.272033811E-01
 1.201478362E+00 5.381905939E-04 5.292538404E-01
 1.201478362E+00 5.491666379E-04 5.312931538E-01
 1.201478362E+00 5.603660829E-04 5.333212614E-01
 1.201478362E+00 5.717934691E-04 5.353382826E-01
 1.201478362E+00 5.834534531E-04 5.373441577E-01
 1.201478362E+00 5.953507498E-04 5.393389463E-01
 1.201478362E+00 6.074902485E-04 5.413227677E-01
 1.201478362E+00 6.198768388E-04 5.432955027E-01
 1.201478362E+00 6.325155264E-04 5.452572107E-01
 1.201478362E+00 6.454115501E-04 5.472080112E-01
 1.201478362E+00 6.585700903E-04 5.491478443E-01
 1.201478362E+00 6.719965604E-04 5.510767102E-01
 1.201478362E+00 6.856963155E-04 5.529947281E-01
 1.201478362E+00 6.996750599E-04 5.549017787E-01
 1.201478362E+00 7.139383815E-04 5.567980409E-01
 1.201478481E+00 7.284921012E-04 5.586835146E-01
 1.201478481E+00 7.433421561E-04 5.605580807E-01
 1.201478481E+00 7.584945997E-04 5.624219179E-01
 1.201478481E+00 7.739555440E-04 5.642750859E-01
 1.201478481E+00 7.897313335E-04 5.661174655E-01
 1.201478481E+00 8.058283711E-04 5.679492354E-01
 1.201478481E+00 8.222531760E-04 5.697703362E-01
 1.201478481E+00 8.390124422E-04 5.715808868E-01
 1.201478481E+00 8.561130380E-04 5.733808875E-01
 1.201478481E+00 8.735618321E-04 5.751703978E-01
 1.201478481E+00 8.913659840E-04 5.769494772E-01
 1.201478481E+00 9.095327114E-04 5.787181854E-01
 1.201478481E+00 9.280694067E-04 5.804765224E-01
 1.201478481E+00 9.469836368E-04 5.822247267E-01
 1.201478481E+00 9.662830271E-04 5.839626789E-01
 1.201478481E+00 9.859754937E-04 5.856905580E-01
 1.201478481E+00 1.006069011E-03 5.874084234E-01
 1.201478481E+00 1.026571845E-03 5.891164541E-01
 1.201478481E+00 1.047492144E-03 5.908145905E-01
 1.201478481E+00 1.068838639E-03 5.925030112E-01
 1.201478481E+00 1.090619829E-03 5.941818953E-01
 1.201478481E+00 1.112844679E-03 5.958511829E-01
 1.201478481E+00 1.135522267E-03 5.975111723E-01
 1.201478481E+00 1.158661675E-03 5.991619229E-01
 1.201478481E+00 1.182272448E-03 6.008036137E-01
 1.201478481E+00 1.206364017E-03 6.024362445E-01
 1.201478481E+00 1.230946393E-03 6.040601730E-01
 1.201478481E+00 1.256029471E-03 6.056753993E-01
 1.201478481E+00 1.281623496E-03 6.072822213E-01
 1.201478601E+00 1.307738828E-03 6.088806987E-01
 1.201478601E+00 1.334386063E-03 6.104710102E-01
 1.201478601E+00 1.361576142E-03 6.120535135E-01
 1.201478601E+00 1.389320125E-03 6.136282682E-01
 1.201478601E+00 1.417629072E-03 6.151954532E-01
 1.201478601E+00 1.446514856E-03 6.167554259E-01
 1.201478601E+00 1.475988887E-03 6.183082461E-01
 1.201478601E+00 1.506063389E-03 6.198542714E-01
 1.201478601E+00 1.536750467E-03 6.213937402E-01
 1.201478601E+00 1.568062697E-03 6.229268312E-01
 1.201478601E+00 1.600012765E-03 6.244538426E-01
 1.201478601E+00 1.632613712E-03 6.259750128E-01
 1.201478601E+00 1.665878692E-03 6.274906397E-01
 1.201478601E+00 1.699821325E-03 6.290009618E-01
 1.201478601E+00 1.734455349E-03 6.305063963E-01
 1.201478601E+00 1.769794966E-03 6.320071220E-01
 1.201478601E+00 1.805854496E-03 6.335033774E-01
 1.201478601E+00 1.842648489E-03 6.349957585E-01
 1.201478720E+00 1.880192081E-03 6.364842653E-01
 1.201478720E+00 1.918500522E-03 6.379694939E-01
 1.201478720E+00 1.957589295E-03 6.394516826E-01
 1.201478720E+00 1.997474348E-03 6.409310699E-01
 1.201478720E+00 2.038171981E-03 6.424082518E-01
 1.201478720E+00 2.079698723E-03 6.438833475E-01
 1.201478720E+00 2.122071339E-03 6.453568935E-01
 1.201478720E+00 2.165307058E-03 6.468292475E-01
 1.201478720E+00 2.209423808E-03 6.483007073E-01
 1.201478720E+00 2.254439052E-03 6.497718692E-01
 1.201478720E+00 2.300371416E-03 6.512429714E-01
 1.201478720E+00 2.347239526E-03 6.527144909E-01
 1.201478720E+00 2.395062475E-03 6.541867852E-01
 1.201478839E+00 2.443859586E-03 6.556604505E-01
 1.201478839E+00 2.493650885E-03 6.571357846E-01
 1.201478839E+00 2.544456394E-03 6.586132646E-01
 1.201478839E+00 2.596297069E-03 6.600935459E-01
 1.201478839E+00 2.649193862E-03 6.615768671E-01
 1.201478839E+00 2.703167964E-03 6.630637646E-01
 1.201478839E+00 2.758241957E-03 6.645547748E-01
 1.201478839E+00 2.814437728E-03 6.660504341E-01
 1.201478839E+00 2.871778561E-03 6.675512195E-01
 1.201478839E+00 2.930287272E-03 6.690575480E-01
 1.201478839E+00 2.989988076E-03 6.705701351E-01
 1.201478958E+00 3.050905187E-03 6.720893979E-01
 1.201478958E+00 3.113063052E-03 6.736159921E-01
 1.201478958E+00 3.176487517E-03 6.751503944E-01
 1.201478958E+00 3.241203958E-03 6.766932011E-01
 1.201478958E+00 3.307238920E-03 6.782451272E-01
 1.201478958E+00 3.374618944E-03 6.798065901E-01
 1.201478958E+00 3.443371970E-03 6.813783050E-01
 1.201478958E+00 3.513525473E-03 6.829609275E-01
 1.201479077E+00 3.585108090E-03 6.845549941E-01
 1.201479077E+00 3.658149159E-03 6.861612201E-01
 1.201479077E+00 3.732678248E-03 6.877802610E-01
 1.201479077E+00 3.808725858E-03 6.894128323E-01
 1.201479077E+00 3.886322491E-03 6.910595298E-01
 1.201479077E+00 3.965499811E-03 6.927211881E-01
 1.201479077E+00 4.046290647E-03 6.943984032E-01
 1.201479077E+00 4.128727131E-03 6.960919499E-01
 1.201479197E+00 4.212843254E-03 6.978026628E-01
 1.201479197E+00 4.298672546E-03 6.995311379E-01
 1.201479197E+00 4.386250861E-03 7.012782693E-01
 1.201479197E+00 4.475613125E-03 7.030448318E-01
 1.201479197E+00 4.566796124E-03 7.048315406E-01
 1.201479197E+00 4.659837112E-03 7.066393495E-01
 1.201479316E+00 4.754772875E-03 7.084689736E-01
 1.201479316E+00 4.851642996E-03 7.103213072E-01
 1.201479316E+00 4.950487055E-03 7.121971846E-01
 1.201479316E+00 5.051344167E-03 7.140974998E-01
 1.201479316E+00 5.154256243E-03 7.160232067E-01
 1.201479316E+00 5.259265192E-03 7.179750204E-01
 1.201479435E+00 5.366413388E-03 7.199540138E-01
 1.201479435E+00 5.475744139E-03 7.219610214E-01
 1.201479435E+00 5.587302614E-03 7.239970565E-01
 1.201479435E+00 5.701133516E-03 7.260630131E-01
 1.201479435E+00 5.817283876E-03 7.281596661E-01
 1.201479554E+00 5.935800262E-03 7.302882671E-01
 1.201479554E+00 6.056731101E-03 7.324497104E-01
 1.201479554E+00 6.180125754E-03 7.346448302E-01
 1.201479554E+00 6.306034513E-03 7.368746996E-01
 1.201479554E+00 6.434508134E-03 7.391402721E-01
 1.201479673E+00 6.565599237E-03 7.414425015E-01
 1.201479673E+00 6.699360907E-03 7.437824607E-01
 1.201479673E+00 6.835847627E-03 7.461609840E-01
 1.201479673E+00 6.975115277E-03 7.485792041E-01
 1.201479793E+00 7.117220201E-03 7.510378957E-01
 1.201479793E+00 7.262219675E-03 7.535380721E-01
 1.201479793E+00 7.410173770E-03 7.560807467E-01
 1.201479793E+00 7.561142091E-03 7.586666942E-01
 1.201479912E+00 7.715185639E-03 7.612968683E-01
 1.201479912E+00 7.872368209E-03 7.639721036E-01
 1.201479912E+00 8.032752201E-03 7.666932344E-01
 1.201480031E+00 8.196404204E-03 7.694610953E-01
 1.201480031E+00 8.363390341E-03 7.722763419E-01
 1.201480031E+00 8.533777669E-03 7.751397491E-01
 1.201480031E+00 8.707636967E-03 7.780517936E-01
 1.201480150E+00 8.885038085E-03 7.810133100E-01
 1.201480150E+00 9.066053666E-03 7.840245962E-01
 1.201480150E+00 9.250756353E-03 7.870861888E-01
 1.201480269E+00 9.439222515E-03 7.901983261E-01
 1.201480269E+00 9.631528519E-03 7.933613658E-01
 1.201480269E+00 9.827752598E-03 7.965753675E-01
 1.201480389E+00 1.002797298E-02 7.998404503E-01
 1.201480389E+00 1.023227349E-02 8.031563759E-01
 1.201480389E+00 1.044073608E-02 8.065229654E-01
 1.201480508E+00 1.065344550E-02 8.099399209E-01
 1.201480508E+00 1.087048836E-02 8.134066463E-01
 1.201480627E+00 1.109195314E-02 8.169223666E-01
 1.201480627E+00 1.131793018E-02 8.204863667E-01
 1.201480627E+00 1.154851075E-02 8.240973949E-01
 1.201480746E+00 1.178378891E-02 8.277542591E-01
 1.201480746E+00 1.202385966E-02 8.314556479E-01
 1.201480865E+00 1.226882264E-02 8.351994157E-01
 1.201480865E+00 1.251877565E-02 8.389840126E-01
 1.201480985E+00 1.277382020E-02 8.428071141E-01
 1.201480985E+00 1.303406153E-02 8.466723561E-01
 1.201480985E+00 1.329960488E-02 8.506302238E-01
 1.201481104E+00 1.357055828E-02 8.547847867E-01
 1.201481104E+00 1.384703070E-02 8.592009544E-01
 1.201481223E+00 1.412913669E-02 8.638602495E-01
 1.201481223E+00 1.441698987E-02 8.686962724E-01
 1.201481342E+00 1.471070759E-02 8.736324310E-01
 1.201481342E+00 1.501040813E-02 8.786090016E-01
 1.201481462E+00 1.531621534E-02 8.835901618E-01
 1.201481581E+00 1.562825218E-02 8.885584474E-01
 1.201481581E+00 1.594664715E-02 8.935037851E-01
 1.201481700E+00 1.627152786E-02 8.984151483E-01
 1.201481700E+00 1.660302840E-02 9.032753110E-01
 1.201481819E+00 1.694128104E-02 9.080613256E-01
 1.201481819E+00 1.728642732E-02 9.127462506E-01
 1.201481938E+00 1.763860323E-02 9.173010588E-01
 1.201482058E+00 1.799795404E-02 9.216964841E-01
 1.201482058E+00 1.836462691E-02 9.259039164E-01
 1.201482177E+00 1.873876899E-02 9.298955202E-01
 1.201482296E+00 1.912053302E-02 9.336456060E-01
 1.201482296E+00 1.951007545E-02 9.371314049E-01
 1.201482415E+00 1.990755461E-02 9.403340220E-01
 1.201482534E+00 2.031313069E-02 9.432402849E-01
 1.201482534E+00 2.072697133E-02 9.458432198E-01
 1.201482654E+00 2.114924043E-02 9.481437206E-01
 1.201482773E+00 2.158011496E-02 9.501500726E-01
 1.201482892E+00 2.201976627E-02 9.518782496E-01
 1.201482892E+00 2.246837504E-02 9.533501863E-01
 1.201483011E+00 2.292612195E-02 9.545935392E-01
 1.201483130E+00 2.339319512E-02 9.556384087E-01
 1.201483250E+00 2.386978455E-02 9.565158486E-01
 1.201483369E+00 2.435608394E-02 9.572552443E-01
 1.201483488E+00 2.485229075E-02 9.578833580E-01
 1.201483607E+00 2.535860613E-02 9.584227204E-01
 1.201483607E+00 2.587523684E-02 9.588923454E-01
 1.201483727E+00 2.640239149E-02 9.593071938E-01
 1.201483846E+00 2.694028802E-02 9.596788883E-01
 1.201483965E+00 2.748914063E-02 9.600160122E-01
 1.201484084E+00 2.804917656E-02 9.603229165E-01
 1.201484203E+00 2.862062305E-02 9.606009722E-01
 1.201484323E+00 2.920371108E-02 9.608482718E-01
 1.201484442E+00 2.979867719E-02 9.610620141E-01
 1.201484561E+00 3.040576540E-02 9.612395167E-01
 1.201484680E+00 3.102522157E-02 9.613811970E-01
 1.201484919E+00 3.165729716E-02 9.614936113E-01
 1.201485038E+00 3.230225295E-02 9.615880251E-01
 1.201485157E+00 3.296034411E-02 9.616749287E-01
 1.201485276E+00 3.363184631E-02 9.617596865E-01
 1.201485395E+00 3.431702778E-02 9.618449807E-01
 1.201485515E+00 3.501616791E-02 9.619314075E-01
 1.201485753E+00 3.572954983E-02 9.620198607E-01
 1.201485872E+00 3.645746782E-02 9.621107578E-01
 1.201485991E+00 3.720021620E-02 9.622039199E-01
 1.201486230E+00 3.795809299E-02 9.622997642E-01
 1.201486349E+00 3.873141482E-02 9.623981714E-01
 1.201486468E+00 3.952048719E-02 9.624996185E-01
 1.201486707E+00 4.032563791E-02 9.626038074E-01
 1.201486826E+00 4.114719108E-02 9.627109766E-01
 1.201487064E+00 4.198548198E-02 9.628211856E-01
 1.201487184E+00 4.284085333E-02 9.629346132E-01
 1.201487422E+00 4.371364787E-02 9.630511999E-01
 1.201487541E+00 4.460422322E-02 9.631709456E-01
 1.201487780E+00 4.551294446E-02 9.632942080E-01
 1.201487899E+00 4.644018039E-02 9.634209275E-01
 1.201488137E+00 4.738630354E-02 9.635511637E-01
 1.201488376E+00 4.835170507E-02 9.636849165E-01
 1.201488495E+00 4.933677241E-02 9.638224244E-01
 1.201488733E+00 5.034191161E-02 9.639636278E-01
 1.201488972E+00 5.136752501E-02 9.641088247E-01
 1.201489210E+00 5.241403356E-02 9.642579556E-01
 1.201489449E+00 5.348186567E-02 9.644111395E-01
 1.201489687E+00 5.457144976E-02 9.645683169E-01
 1.201489806E+00 5.568323284E-02 9.647299647E-01
 1.201490045E+00 5.681766570E-02 9.648957253E-01
 1.201490283E+00 5.797521025E-02 9.650659561E-01
 1.201490641E+00 5.915633962E-02 9.652406573E-01
 1.201490879E+00 6.036153063E-02 9.654200077E-01
 1.201491117E+00 6.159127504E-02 9.656038284E-01
 1.201491356E+00 6.284607202E-02 9.657927155E-01
 1.201491594E+00 6.412643194E-02 9.659861922E-01
 1.201491833E+00 6.543288380E-02 9.661847949E-01
 1.201492190E+00 6.676594168E-02 9.663882852E-01
 1.201492429E+00 6.812616438E-02 9.665969610E-01
 1.201492786E+00 6.951409578E-02 9.668107629E-01
 1.201493025E+00 7.093030959E-02 9.670298100E-01
 1.201493382E+00 7.237536460E-02 9.672543406E-01
 1.201493621E+00 7.384987175E-02 9.674843550E-01
 1.201493979E+00 7.535441220E-02 9.677199125E-01
 1.201494217E+00 7.688960433E-02 9.679609537E-01
 1.201494575E+00 7.845607400E-02 9.682077765E-01
 1.201494932E+00 8.005446196E-02 9.684603810E-01
 1.201495290E+00 8.168540895E-02 9.687187672E-01
 1.201495647E+00 8.334958553E-02 9.689830542E-01
 1.201496005E+00 8.504766226E-02 9.692533016E-01
 1.201496363E+00 8.678033948E-02 9.695296288E-01
 1.201496720E+00 8.854831010E-02 9.698121548E-01
 1.201497078E+00 9.035230428E-02 9.701007009E-01
 1.201497436E+00 9.219304472E-02 9.703955054E-01
 1.201497793E+00 9.407129139E-02 9.706964493E-01
 1.201498270E+00 9.598780423E-02 9.710038304E-01
 1.201498628E+00 9.794336557E-02 9.713174105E-01
 1.201499104E+00 9.993876517E-02 9.716374278E-01
 1.201499462E+00 1.019748151E-01 9.719638824E-01
 1.201499939E+00 1.040523425E-01 9.722965956E-01
 1.201500416E+00 1.061721966E-01 9.726357460E-01
 1.201500773E+00 1.083352417E-01 9.729813337E-01
 1.201501250E+00 1.105423570E-01 9.733334184E-01
 1.201501727E+00 1.127944291E-01 9.736918211E-01
 1.201502204E+00 1.150923893E-01 9.740565419E-01
 1.201502681E+00 1.174371690E-01 9.744277596E-01
 1.201503158E+00 1.198297068E-01 9.748052955E-01
 1.201503754E+00 1.222710013E-01 9.751889706E-01
 1.201504230E+00 1.247620210E-01 9.755789638E-01
 1.201504707E+00 1.273037940E-01 9.759750366E-01
 1.201505303E+00 1.298973560E-01 9.763773680E-01
 1.201505899E+00 1.325437427E-01 9.767856002E-01
 1.201506376E+00 1.352440566E-01 9.771996737E-01
 1.201506972E+00 1.379993856E-01 9.776195288E-01
 1.201507568E+00 1.408108473E-01 9.780452251E-01
 1.201508164E+00 1.436795741E-01 9.784762859E-01
 1.201508760E+00 1.466067582E-01 9.789128900E-01
 1.201509356E+00 1.495935768E-01 9.793546796E-01
 1.201510072E+00 1.526412368E-01 9.798015356E-01
 1.201510668E+00 1.557510048E-01 9.802533984E-01
 1.201511383E+00 1.589241177E-01 9.807097912E-01
 1.201511979E+00 1.621618718E-01 9.811708927E-01
 1.201512694E+00 1.654655933E-01 9.816361666E-01
 1.201513410E+00 1.688366085E-01 9.821054935E-01
 1.201514125E+00 1.722763181E-01 9.825785756E-01
 1.201514840E+00 1.757861078E-01 9.830552936E-01
 1.201515555E+00 1.793673933E-01 9.835352302E-01
 1.201516390E+00 1.830216348E-01 9.840181470E-01
 1.201517105E+00 1.867503375E-01 9.845038652E-01
 1.201517940E+00 1.905549914E-01 9.849917889E-01
 1.201518774E+00 1.944371611E-01 9.854818583E-01
 1.201519608E+00 1.983984262E-01 9.859737158E-01
 1.201520443E+00 2.024403960E-01 9.864668250E-01
 1.201521277E+00 2.065647095E-01 9.869609475E-01
 1.201522112E+00 2.107730508E-01 9.874557853E-01
 1.201523066E+00 2.150671184E-01 9.879508018E-01
 1.201523900E+00 2.194486856E-01 9.884457588E-01
 1.201524854E+00 2.239194959E-01 9.889400601E-01
 1.201525807E+00 2.284814119E-01 9.894335866E-01
 1.201526761E+00 2.331362516E-01 9.899256229E-01
 1.201527715E+00 2.378859371E-01 9.904158711E-01
 1.201528788E+00 2.427323759E-01 9.909040332E-01
 1.201529860E+00 2.476775646E-01 9.913893938E-01
 1.201530814E+00 2.527234852E-01 9.918717742E-01
 1.201531887E+00 2.578722239E-01 9.923504591E-01
 1.201533079E+00 2.631258368E-01 9.928253293E-01
 1.201534152E+00 2.684864998E-01 9.932956696E-01
 1.201535225E+00 2.739563584E-01 9.937611818E-01
 1.201536417E+00 2.795376778E-01 9.942213893E-01
 1.201537609E+00 2.852326930E-01 9.946759343E-01
 1.201538801E+00 2.910437286E-01 9.951241612E-01
 1.201540112E+00 2.969731688E-01 9.955658913E-01
 1.201541305E+00 3.030233979E-01 9.960004687E-01
 1.201542616E+00 3.091968894E-01 9.964277744E-01
 1.201543927E+00 3.154961467E-01 9.968470931E-01
 1.201545238E+00 3.219237328E-01 9.972582459E-01
 1.201546669E+00 3.284822702E-01 9.976607561E-01
 1.201547980E+00 3.351744413E-01 9.980542660E-01
 1.201549411E+00 3.420029283E-01 9.984384775E-01
 1.201550841E+00 3.489705622E-01 9.988130331E-01
 1.201552391E+00 3.560801148E-01 9.991775751E-01
 1.201553822E+00 3.633345366E-01 9.995318651E-01
 1.201555371E+00 3.707367480E-01 9.998754859E-01
 1.201557040E+00 3.782897592E-01 1.000208497E+00
 1.201558590E+00 3.859966397E-01 1.000530362E+00
 1.201560259E+00 3.938605487E-01 1.000841022E+00
 1.201561928E+00 4.018846452E-01 1.001140237E+00
 1.201563597E+00 4.100722373E-01 1.001427770E+00
 1.201565385E+00 4.184266329E-01 1.001703620E+00
 1.201567054E+00 4.269512296E-01 1.001967669E+00
 1.201568961E+00 4.356495142E-01 1.002219677E+00
 1.201570749E+00 4.445249736E-01 1.002459764E+00
 1.201572657E+00 4.535812736E-01 1.002687812E+00
 1.201574564E+00 4.628220797E-01 1.002903700E+00
 1.201576591E+00 4.722511470E-01 1.003107548E+00
 1.201578498E+00 4.818722904E-01 1.003299475E+00
 1.201580524E+00 4.916894734E-01 1.003479481E+00
 1.201582670E+00 5.017066598E-01 1.003647685E+00
 1.201584816E+00 5.119279027E-01 1.003804088E+00
 1.201586962E+00 5.223574042E-01 1.003948808E+00
 1.201589227E+00 5.329993963E-01 1.004082203E+00
 1.201591492E+00 5.438581705E-01 1.004204392E+00
 1.201593757E+00 5.549381971E-01 1.004315376E+00
 1.201596141E+00 5.662439466E-01 1.004415631E+00
 1.201598525E+00 5.777800083E-01 1.004505277E+00
 1.201600909E+00 5.895510912E-01 1.004584551E+00
 1.201603413E+00 6.015620232E-01 1.004653931E+00
 1.201606035E+00 6.138176322E-01 1.004713297E+00
 1.201608539E+00 6.263229251E-01 1.004763246E+00
 1.201611280E+00 6.390829682E-01 1.004804015E+00
 1.201613903E+00 6.521030068E-01 1.004835963E+00
 1.201616764E+00 6.653882861E-01 1.004859328E+00
 1.201619506E+00 6.789442301E-01 1.004874468E+00
 1.201622367E+00 6.927763224E-01 1.004881859E+00
 1.201625347E+00 7.068902254E-01 1.004881740E+00
 1.201628327E+00 7.212917209E-01 1.004874468E+00
 1.201631427E+00 7.359865904E-01 1.004860401E+00
 1.201634526E+00 7.509807944E-01 1.004839897E+00
 1.201637745E+00 7.662805319E-01 1.004813194E+00
 1.201640964E+00 7.818919420E-01 1.004780889E+00
 1.201644301E+00 7.978214025E-01 1.004743218E+00
 1.201647639E+00 8.140754104E-01 1.004700422E+00
 1.201651096E+00 8.306605220E-01 1.004652858E+00
 1.201654673E+00 8.475835919E-01 1.004601121E+00
 1.201658249E+00 8.648513556E-01 1.004545212E+00
 1.201661944E+00 8.824709654E-01 1.004485726E+00
 1.201665640E+00 9.004495144E-01 1.004422784E+00
 1.201669455E+00 9.187943339E-01 1.004356742E+00
 1.201673388E+00 9.375129342E-01 1.004287958E+00
 1.201677322E+00 9.566128850E-01 1.004216552E+00
 1.201681376E+00 9.761019349E-01 1.004143000E+00
 1.201685548E+00 9.959880114E-01 1.004067540E+00
 1.201689720E+00 1.016279221E+00 1.003990412E+00
 1.201694012E+00 1.036983848E+00 1.003911734E+00
 1.201698422E+00 1.058110356E+00 1.003831863E+00
 1.201702952E+00 1.079667211E+00 1.003750920E+00
 1.201707482E+00 1.101663232E+00 1.003669381E+00
 1.201712132E+00 1.124107361E+00 1.003587246E+00
 1.201716900E+00 1.147008777E+00 1.003504634E+00
 1.201721787E+00 1.170376778E+00 1.003421783E+00
 1.201726794E+00 1.194220901E+00 1.003338933E+00
 1.201731801E+00 1.218550682E+00 1.003256202E+00
 1.201736927E+00 1.243376255E+00 1.003173709E+00
 1.201742291E+00 1.268707514E+00 1.003091693E+00
 1.201747656E+00 1.294554830E+00 1.003010154E+00
 1.201753139E+00 1.320928812E+00 1.002929330E+00
 1.201758742E+00 1.347840071E+00 1.002849221E+00
 1.201764464E+00 1.375299573E+00 1.002769947E+00
 1.201770306E+00 1.403318524E+00 1.002691627E+00
 1.201776266E+00 1.431908250E+00 1.002614379E+00
 1.201782227E+00 1.461080432E+00 1.002538204E+00
 1.201788425E+00 1.490846992E+00 1.002463222E+00
 1.201794744E+00 1.521220088E+00 1.002389431E+00
 1.201801300E+00 1.552211761E+00 1.002316952E+00
 1.201807857E+00 1.583835006E+00 1.002245784E+00
 1.201814532E+00 1.616102457E+00 1.002176046E+00
 1.201821446E+00 1.649027228E+00 1.002107739E+00
 1.201828361E+00 1.682622790E+00 1.002040744E+00
 1.201835513E+00 1.716902852E+00 1.001975298E+00
 1.201842785E+00 1.751881242E+00 1.001911402E+00
 1.201850176E+00 1.787572384E+00 1.001848817E+00
 1.201857805E+00 1.823990464E+00 1.001787901E+00
 1.201865554E+00 1.861150622E+00 1.001728415E+00
 1.201873422E+00 1.899067760E+00 1.001670361E+00
 1.201881409E+00 1.937757492E+00 1.001613975E+00
 1.201889634E+00 1.977235317E+00 1.001559019E+00
 1.201898098E+00 2.017517567E+00 1.001505613E+00
 1.201906562E+00 2.058620453E+00 1.001453757E+00
 1.201915383E+00 2.100560665E+00 1.001403213E+00
 1.201924205E+00 2.143355370E+00 1.001354218E+00
 1.201933384E+00 2.187021732E+00 1.001306653E+00
 1.201942563E+00 2.231577873E+00 1.001260638E+00
 1.201952100E+00 2.277041912E+00 1.001215935E+00
 1.201961756E+00 2.323431969E+00 1.001172662E+00
 1.201971531E+00 2.370767117E+00 1.001130819E+00
 1.201981664E+00 2.419066668E+00 1.001090288E+00
 1.201991916E+00 2.468350410E+00 1.001051188E+00
 1.202002287E+00 2.518637896E+00 1.001013279E+00
 1.202013016E+00 2.569950104E+00 1.000976801E+00
 1.202023864E+00 2.622307777E+00 1.000941396E+00
 1.202035069E+00 2.675731897E+00 1.000907540E+00
 1.202046394E+00 2.730244637E+00 1.000874758E+00
 1.202057958E+00 2.785867691E+00 1.000843167E+00
 1.202069759E+00 2.842624187E+00 1.000812769E+00
 1.202081800E+00 2.900536776E+00 1.000783563E+00
 1.202094078E+00 2.959629536E+00 1.000755548E+00
 1.202106595E+00 3.019925833E+00 1.000728607E+00
 1.202119470E+00 3.081450701E+00 1.000702858E+00
 1.202132463E+00 3.144229174E+00 1.000678182E+00
 1.202145815E+00 3.208286524E+00 1.000654459E+00
 1.202159405E+00 3.273648739E+00 1.000631809E+00
 1.202173352E+00 3.340342760E+00 1.000610352E+00
 1.202187419E+00 3.408395529E+00 1.000589728E+00
 1.202201962E+00 3.477834702E+00 1.000570297E+00
 1.202216625E+00 3.548688412E+00 1.000551701E+00
 1.202231646E+00 3.620985746E+00 1.000534296E+00
 1.202247024E+00 3.694756031E+00 1.000517726E+00
 1.202262759E+00 3.770029306E+00 1.000502110E+00
 1.202278733E+00 3.846836090E+00 1.000487566E+00
 1.202294946E+00 3.925207615E+00 1.000473976E+00
 1.202311635E+00 4.005175591E+00 1.000461340E+00
 1.202328563E+00 4.086772919E+00 1.000449657E+00
 1.202345967E+00 4.170032978E+00 1.000438929E+00
 1.202363610E+00 4.254988670E+00 1.000429273E+00
 1.202381611E+00 4.341675758E+00 1.000420690E+00
 1.202400088E+00 4.430128574E+00 1.000413060E+00
 1.202418804E+00 4.520383358E+00 1.000406384E+00
 1.202437997E+00 4.612476826E+00 1.000400901E+00
 1.202457547E+00 4.706446648E+00 1.000396609E+00
 1.202477455E+00 4.802330971E+00 1.000393391E+00
 1.202497840E+00 4.900168896E+00 1.000391483E+00
 1.202518582E+00 5.000000000E+00 1.000390887E+00
