VARIABLES = "x","C_f"
ZONE T="CFL3D"
 -2.454554749E+01 0.000000000E+00
 -2.409935760E+01 0.000000000E+00
 -2.366127586E+01 0.000000000E+00
 -2.323115921E+01 0.000000000E+00
 -2.280886269E+01 0.000000000E+00
 -2.239424133E+01 0.000000000E+00
 -2.198715591E+01 0.000000000E+00
 -2.158747101E+01 7.792069557E-30
 -2.119505310E+01 0.000000000E+00
 -2.080976677E+01 0.000000000E+00
 -2.043148422E+01 0.000000000E+00
 -2.006007957E+01 0.000000000E+00
 -1.969542503E+01 0.000000000E+00
 -1.933740044E+01 0.000000000E+00
 -1.898588371E+01 0.000000000E+00
 -1.864075470E+01 0.000000000E+00
 -1.830190277E+01 0.000000000E+00
 -1.796920776E+01 0.000000000E+00
 -1.764256096E+01 0.000000000E+00
 -1.732185364E+01 0.000000000E+00
 -1.700697517E+01 0.000000000E+00
 -1.669782066E+01 0.000000000E+00
 -1.639428520E+01 0.000000000E+00
 -1.609626770E+01 0.000000000E+00
 -1.580366802E+01 0.000000000E+00
 -1.551638699E+01 0.000000000E+00
 -1.523432827E+01 0.000000000E+00
 -1.495739651E+01 0.000000000E+00
 -1.468549919E+01 0.000000000E+00
 -1.441854382E+01 0.000000000E+00
 -1.415644169E+01 0.000000000E+00
 -1.389910412E+01 0.000000000E+00
 -1.364644432E+01 0.000000000E+00
 -1.339837646E+01 0.000000000E+00
 -1.315481949E+01 0.000000000E+00
 -1.291568851E+01 0.000000000E+00
 -1.268090534E+01 0.000000000E+00
 -1.245038986E+01 0.000000000E+00
 -1.222406483E+01 0.000000000E+00
 -1.200185299E+01 0.000000000E+00
 -1.178368187E+01 0.000000000E+00
 -1.156947613E+01 2.320459823E-28
 -1.135916328E+01 0.000000000E+00
 -1.115267467E+01 0.000000000E+00
 -1.094993877E+01 0.000000000E+00
 -1.075088882E+01 2.496118838E-28
 -1.055545712E+01 0.000000000E+00
 -1.036357784E+01 0.000000000E+00
 -1.017518616E+01 0.000000000E+00
 -9.990220070E+00 0.000000000E+00
 -9.808614731E+00 0.000000000E+00
 -9.630311966E+00 0.000000000E+00
 -9.455249786E+00 0.000000000E+00
 -9.283370018E+00 0.000000000E+00
 -9.114614487E+00 0.000000000E+00
 -8.948925972E+00 0.000000000E+00
 -8.786250114E+00 0.000000000E+00
 -8.626531601E+00 0.000000000E+00
 -8.469716072E+00 0.000000000E+00
 -8.315751076E+00 0.000000000E+00
 -8.164585114E+00 0.000000000E+00
 -8.016166687E+00 0.000000000E+00
 -7.870445728E+00 0.000000000E+00
 -7.727374077E+00 0.000000000E+00
 -7.586903095E+00 0.000000000E+00
 -7.448986053E+00 0.000000000E+00
 -7.313575268E+00 0.000000000E+00
 -7.180626392E+00 0.000000000E+00
 -7.050094128E+00 0.000000000E+00
 -6.921934605E+00 0.000000000E+00
 -6.796104908E+00 0.000000000E+00
 -6.672562599E+00 0.000000000E+00
 -6.551265717E+00 0.000000000E+00
 -6.432173729E+00 0.000000000E+00
 -6.315246582E+00 0.000000000E+00
 -6.200444698E+00 0.000000000E+00
 -6.087729931E+00 0.000000000E+00
 -5.977064133E+00 0.000000000E+00
 -5.868409634E+00 0.000000000E+00
 -5.761730671E+00 0.000000000E+00
 -5.656990528E+00 0.000000000E+00
 -5.554154396E+00 0.000000000E+00
 -5.453187466E+00 0.000000000E+00
 -5.354055882E+00 0.000000000E+00
 -5.256726265E+00 0.000000000E+00
 -5.161166191E+00 0.000000000E+00
 -5.067342758E+00 0.000000000E+00
 -4.975224972E+00 0.000000000E+00
 -4.884781361E+00 0.000000000E+00
 -4.795981884E+00 0.000000000E+00
 -4.708796501E+00 0.000000000E+00
 -4.623196125E+00 0.000000000E+00
 -4.539151669E+00 0.000000000E+00
 -4.456634998E+00 0.000000000E+00
 -4.375617981E+00 0.000000000E+00
 -4.296073914E+00 0.000000000E+00
 -4.217975616E+00 0.000000000E+00
 -4.141296864E+00 0.000000000E+00
 -4.066011906E+00 0.000000000E+00
 -3.992095470E+00 0.000000000E+00
 -3.919522524E+00 0.000000000E+00
 -3.848268747E+00 0.000000000E+00
 -3.778310299E+00 0.000000000E+00
 -3.709623337E+00 0.000000000E+00
 -3.642184973E+00 0.000000000E+00
 -3.575972319E+00 0.000000000E+00
 -3.510963202E+00 0.000000000E+00
 -3.447135687E+00 0.000000000E+00
 -3.384468317E+00 0.000000000E+00
 -3.322940111E+00 0.000000000E+00
 -3.262530327E+00 0.000000000E+00
 -3.203218460E+00 0.000000000E+00
 -3.144984961E+00 0.000000000E+00
 -3.087809563E+00 0.000000000E+00
 -3.031673670E+00 0.000000000E+00
 -2.976557970E+00 0.000000000E+00
 -2.922444105E+00 0.000000000E+00
 -2.869313717E+00 0.000000000E+00
 -2.817149162E+00 0.000000000E+00
 -2.765932560E+00 0.000000000E+00
 -2.715646982E+00 0.000000000E+00
 -2.666275501E+00 0.000000000E+00
 -2.617801189E+00 0.000000000E+00
 -2.570208073E+00 0.000000000E+00
 -2.523479939E+00 0.000000000E+00
 -2.477601051E+00 0.000000000E+00
 -2.432555914E+00 0.000000000E+00
 -2.388329744E+00 0.000000000E+00
 -2.344907045E+00 0.000000000E+00
 -2.302273989E+00 0.000000000E+00
 -2.260415554E+00 0.000000000E+00
 -2.219317675E+00 0.000000000E+00
 -2.178966999E+00 0.000000000E+00
 -2.139349699E+00 0.000000000E+00
 -2.100452185E+00 0.000000000E+00
 -2.062261820E+00 0.000000000E+00
 -2.024765491E+00 0.000000000E+00
 -1.987950563E+00 0.000000000E+00
 -1.951804757E+00 0.000000000E+00
 -1.916315794E+00 0.000000000E+00
 -1.881471753E+00 0.000000000E+00
 -1.847261071E+00 0.000000000E+00
 -1.813671947E+00 0.000000000E+00
 -1.780693293E+00 0.000000000E+00
 -1.748314023E+00 0.000000000E+00
 -1.716523051E+00 0.000000000E+00
 -1.685309887E+00 0.000000000E+00
 -1.654663801E+00 0.000000000E+00
 -1.624574780E+00 0.000000000E+00
 -1.595032454E+00 0.000000000E+00
 -1.566026926E+00 0.000000000E+00
 -1.537548423E+00 0.000000000E+00
 -1.509587407E+00 0.000000000E+00
 -1.482134581E+00 0.000000000E+00
 -1.455180407E+00 0.000000000E+00
 -1.428716063E+00 0.000000000E+00
 -1.402732611E+00 2.357759799E-25
 -1.377221227E+00 0.000000000E+00
 -1.352173448E+00 0.000000000E+00
 -1.327580571E+00 0.000000000E+00
 -1.303434610E+00 0.000000000E+00
 -1.279727340E+00 5.147627034E-25
 -1.256450772E+00 5.238463382E-25
 -1.233597040E+00 0.000000000E+00
 -1.211158514E+00 0.000000000E+00
 -1.189127684E+00 0.000000000E+00
 -1.167496920E+00 0.000000000E+00
 -1.146259189E+00 0.000000000E+00
 -1.125407219E+00 0.000000000E+00
 -1.104933977E+00 0.000000000E+00
 -1.084832668E+00 0.000000000E+00
 -1.065096498E+00 0.000000000E+00
 -1.045718670E+00 0.000000000E+00
 -1.026692867E+00 0.000000000E+00
 -1.008012652E+00 0.000000000E+00
 -9.896716475E-01 0.000000000E+00
 -9.716637135E-01 0.000000000E+00
 -9.539828300E-01 0.000000000E+00
 -9.366229773E-01 0.000000000E+00
 -9.195784330E-01 0.000000000E+00
 -9.028432965E-01 0.000000000E+00
 -8.864120841E-01 0.000000000E+00
 -8.702791333E-01 0.000000000E+00
 -8.544391394E-01 0.000000000E+00
 -8.388866782E-01 0.000000000E+00
 -8.236165643E-01 0.000000000E+00
 -8.086236715E-01 0.000000000E+00
 -7.939029336E-01 0.000000000E+00
 -7.794493437E-01 8.205891373E-25
 -7.652581334E-01 0.000000000E+00
 -7.513244748E-01 0.000000000E+00
 -7.376436591E-01 8.634569729E-25
 -7.242110968E-01 8.781978250E-25
 -7.110222578E-01 0.000000000E+00
 -6.980727911E-01 0.000000000E+00
 -6.853582263E-01 0.000000000E+00
 -6.728742719E-01 0.000000000E+00
 -6.606168747E-01 0.000000000E+00
 -6.485817432E-01 0.000000000E+00
 -6.367649436E-01 0.000000000E+00
 -6.251624227E-01 0.000000000E+00
 -6.137703061E-01 0.000000000E+00
 -6.025847793E-01 0.000000000E+00
 -5.916020870E-01 0.000000000E+00
 -5.808184743E-01 0.000000000E+00
 -5.702303052E-01 0.000000000E+00
 -5.598340631E-01 0.000000000E+00
 -5.496262908E-01 0.000000000E+00
 -5.396034718E-01 0.000000000E+00
 -5.297622681E-01 0.000000000E+00
 -5.200993419E-01 0.000000000E+00
 -5.106114745E-01 0.000000000E+00
 -5.012954473E-01 0.000000000E+00
 -4.921481311E-01 0.000000000E+00
 -4.831664860E-01 0.000000000E+00
 -4.743474126E-01 0.000000000E+00
 -4.656880200E-01 0.000000000E+00
 -4.571853280E-01 0.000000000E+00
 -4.488365352E-01 0.000000000E+00
 -4.406387806E-01 0.000000000E+00
 -4.325893521E-01 0.000000000E+00
 -4.246855080E-01 0.000000000E+00
 -4.169245660E-01 0.000000000E+00
 -4.093039930E-01 0.000000000E+00
 -4.018211365E-01 0.000000000E+00
 -3.944735229E-01 0.000000000E+00
 -3.872586787E-01 0.000000000E+00
 -3.801741898E-01 0.000000000E+00
 -3.732176125E-01 0.000000000E+00
 -3.663866818E-01 0.000000000E+00
 -3.596790433E-01 0.000000000E+00
 -3.530924618E-01 0.000000000E+00
 -3.466247022E-01 0.000000000E+00
 -3.402736187E-01 0.000000000E+00
 -3.340370655E-01 0.000000000E+00
 -3.279129267E-01 0.000000000E+00
 -3.218991458E-01 0.000000000E+00
 -3.159936965E-01 0.000000000E+00
 -3.101946115E-01 0.000000000E+00
 -3.044999242E-01 0.000000000E+00
 -2.989077270E-01 0.000000000E+00
 -2.934161127E-01 0.000000000E+00
 -2.880232632E-01 0.000000000E+00
 -2.827273309E-01 0.000000000E+00
 -2.775265872E-01 0.000000000E+00
 -2.724192142E-01 0.000000000E+00
 -2.674035430E-01 0.000000000E+00
 -2.624778748E-01 0.000000000E+00
 -2.576405406E-01 0.000000000E+00
 -2.528899014E-01 0.000000000E+00
 -2.482243925E-01 0.000000000E+00
 -2.436424345E-01 0.000000000E+00
 -2.391424626E-01 0.000000000E+00
 -2.347229719E-01 0.000000000E+00
 -2.303824872E-01 0.000000000E+00
 -2.261195332E-01 0.000000000E+00
 -2.219326943E-01 0.000000000E+00
 -2.178205401E-01 0.000000000E+00
 -2.137816995E-01 0.000000000E+00
 -2.098148018E-01 0.000000000E+00
 -2.059185207E-01 0.000000000E+00
 -2.020915598E-01 0.000000000E+00
 -1.983325928E-01 0.000000000E+00
 -1.946403831E-01 0.000000000E+00
 -1.910136938E-01 0.000000000E+00
 -1.874512732E-01 0.000000000E+00
 -1.839519590E-01 0.000000000E+00
 -1.805145442E-01 0.000000000E+00
 -1.771378815E-01 0.000000000E+00
 -1.738208532E-01 0.000000000E+00
 -1.705623120E-01 0.000000000E+00
 -1.673611701E-01 0.000000000E+00
 -1.642163694E-01 0.000000000E+00
 -1.611268222E-01 0.000000000E+00
 -1.580915153E-01 0.000000000E+00
 -1.551094055E-01 0.000000000E+00
 -1.521795094E-01 0.000000000E+00
 -1.493008286E-01 0.000000000E+00
 -1.464723945E-01 0.000000000E+00
 -1.436932534E-01 0.000000000E+00
 -1.409624815E-01 0.000000000E+00
 -1.382791400E-01 0.000000000E+00
 -1.356423497E-01 0.000000000E+00
 -1.330512166E-01 0.000000000E+00
 -1.305048466E-01 0.000000000E+00
 -1.280024052E-01 0.000000000E+00
 -1.255430430E-01 0.000000000E+00
 -1.231259406E-01 0.000000000E+00
 -1.207502708E-01 0.000000000E+00
 -1.184152439E-01 0.000000000E+00
 -1.161200702E-01 0.000000000E+00
 -1.138639748E-01 0.000000000E+00
 -1.116462052E-01 0.000000000E+00
 -1.094660088E-01 0.000000000E+00
 -1.073226556E-01 0.000000000E+00
 -1.052154228E-01 0.000000000E+00
 -1.031436026E-01 0.000000000E+00
 -1.011064947E-01 0.000000000E+00
 -9.910341352E-02 0.000000000E+00
 -9.713368863E-02 0.000000000E+00
 -9.519665688E-02 0.000000000E+00
 -9.329166263E-02 0.000000000E+00
 -9.141806513E-02 0.000000000E+00
 -8.957523853E-02 0.000000000E+00
 -8.776255697E-02 0.000000000E+00
 -8.597940952E-02 0.000000000E+00
 -8.422520012E-02 0.000000000E+00
 -8.249934018E-02 0.000000000E+00
 -8.080124855E-02 0.000000000E+00
 -7.913035154E-02 0.000000000E+00
 -7.748608291E-02 0.000000000E+00
 -7.586789131E-02 0.000000000E+00
 -7.427524030E-02 0.000000000E+00
 -7.270757854E-02 0.000000000E+00
 -7.116439939E-02 0.000000000E+00
 -6.964515895E-02 0.000000000E+00
 -6.814936548E-02 0.000000000E+00
 -6.667650491E-02 0.000000000E+00
 -6.522608548E-02 0.000000000E+00
 -6.379762292E-02 0.000000000E+00
 -6.239062548E-02 0.000000000E+00
 -6.100463122E-02 0.000000000E+00
 -5.963916704E-02 0.000000000E+00
 -5.829377472E-02 0.000000000E+00
 -5.696799979E-02 0.000000000E+00
 -5.566140264E-02 0.000000000E+00
 -5.437353626E-02 0.000000000E+00
 -5.310396850E-02 0.000000000E+00
 -5.185227469E-02 0.000000000E+00
 -5.061803013E-02 0.000000000E+00
 -4.940082505E-02 1.233544401E-23
 -4.820024595E-02 0.000000000E+00
 -4.701588675E-02 0.000000000E+00
 -4.584735259E-02 0.000000000E+00
 -4.469424859E-02 0.000000000E+00
 -4.355618730E-02 0.000000000E+00
 -4.243278503E-02 0.000000000E+00
 -4.132366180E-02 0.000000000E+00
 -4.022844881E-02 0.000000000E+00
 -3.914677724E-02 1.357808689E-23
 -3.807827830E-02 0.000000000E+00
 -3.702259436E-02 0.000000000E+00
 -3.597937152E-02 0.000000000E+00
 -3.494825587E-02 0.000000000E+00
 -3.392890468E-02 0.000000000E+00
 -3.292097151E-02 0.000000000E+00
 -3.192412108E-02 0.000000000E+00
 -3.093801253E-02 0.000000000E+00
 -2.996231616E-02 0.000000000E+00
 -2.899670415E-02 0.000000000E+00
 -2.804085240E-02 0.000000000E+00
 -2.709443681E-02 0.000000000E+00
 -2.615714073E-02 0.000000000E+00
 -2.522864752E-02 0.000000000E+00
 -2.430864610E-02 0.000000000E+00
 -2.339682542E-02 0.000000000E+00
 -2.249288000E-02 0.000000000E+00
 -2.159650251E-02 0.000000000E+00
 -2.070739679E-02 0.000000000E+00
 -1.982525736E-02 0.000000000E+00
 -1.894979179E-02 0.000000000E+00
 -1.808070391E-02 0.000000000E+00
 -1.721770130E-02 0.000000000E+00
 -1.636049338E-02 0.000000000E+00
 -1.550879143E-02 0.000000000E+00
 -1.466230955E-02 0.000000000E+00
 -1.382076181E-02 0.000000000E+00
 -1.298386604E-02 0.000000000E+00
 -1.215134002E-02 0.000000000E+00
 -1.132290438E-02 0.000000000E+00
 -1.049827877E-02 0.000000000E+00
 -9.677186608E-03 7.644483108E-23
 -8.859351277E-03 0.000000000E+00
 -8.044498041E-03 0.000000000E+00
 -7.232351694E-03 0.000000000E+00
 -6.422639824E-03 0.000000000E+00
 -5.615089089E-03 0.000000000E+00
 -4.809428938E-03 0.000000000E+00
 -4.005386960E-03 0.000000000E+00
 -3.202693071E-03 0.000000000E+00
 -2.401077189E-03 0.000000000E+00
 -1.600269228E-03 0.000000000E+00
 -7.999999798E-04 0.000000000E+00
 2.780639759E-16 1.686435938E-02
 7.999999798E-04 2.158206329E-02
 1.606264967E-03 8.353542536E-03
 2.418837277E-03 7.007326931E-03
 3.237759229E-03 6.206098478E-03
 4.063073546E-03 5.617318675E-03
 4.894822836E-03 5.167480558E-03
 5.733050406E-03 4.806680605E-03
 6.577799562E-03 4.510581959E-03
 7.429112680E-03 4.263268318E-03
 8.287033997E-03 4.057343118E-03
 9.151606821E-03 3.893448738E-03
 1.002287492E-02 3.780997591E-03
 1.090088207E-02 3.735205391E-03
 1.178567298E-02 3.768964205E-03
 1.267729141E-02 3.883536672E-03
 1.357578207E-02 4.063342232E-03
 1.448118873E-02 4.279924091E-03
 1.539355703E-02 4.502730444E-03
 1.631293073E-02 4.708217457E-03
 1.723935641E-02 4.883851856E-03
 1.817287691E-02 5.026424769E-03
 1.911354065E-02 5.138134584E-03
 2.006139047E-02 5.223513581E-03
 2.101647109E-02 5.287329666E-03
 2.197883092E-02 5.333750509E-03
 2.294851467E-02 5.366150290E-03
 2.392556891E-02 5.387196783E-03
 2.491003834E-02 5.399012007E-03
 2.590196952E-02 5.403309595E-03
 2.690140903E-02 5.401492119E-03
 2.790840343E-02 5.394706968E-03
 2.892299928E-02 5.383899901E-03
 2.994524129E-02 5.369851366E-03
 3.097517975E-02 5.353206769E-03
 3.201285750E-02 5.334493238E-03
 3.305832669E-02 5.314145703E-03
 3.411163017E-02 5.292525515E-03
 3.517281637E-02 5.269931164E-03
 3.624192998E-02 5.246608518E-03
 3.731902316E-02 5.222758278E-03
 3.840414062E-02 5.198544823E-03
 3.949733078E-02 5.174106453E-03
 4.059864208E-02 5.149554927E-03
 4.170811921E-02 5.124980584E-03
 4.282581061E-02 5.100457929E-03
 4.395176470E-02 5.076049827E-03
 4.508602992E-02 5.051804241E-03
 4.622865468E-02 5.027761217E-03
 4.737968370E-02 5.003951956E-03
 4.853916913E-02 4.980401602E-03
 4.970715567E-02 4.957127851E-03
 5.088369548E-02 4.934147000E-03
 5.206883326E-02 4.911469761E-03
 5.326262116E-02 4.889103118E-03
 5.446510017E-02 4.867050797E-03
 5.567632616E-02 4.845315125E-03
 5.689634383E-02 4.823897500E-03
 5.812519789E-02 4.802796990E-03
 5.936294422E-02 4.782012664E-03
 6.060962752E-02 4.761541262E-03
 6.186529621E-02 4.741379991E-03
 6.312999874E-02 4.721524660E-03
 6.440377980E-02 4.701969214E-03
 6.568669528E-02 4.682709463E-03
 6.697878242E-02 4.663738422E-03
 6.828010082E-02 4.645050503E-03
 6.959069520E-02 4.626640119E-03
 7.091061771E-02 4.608500283E-03
 7.223990560E-02 4.590624943E-03
 7.357861102E-02 4.573007580E-03
 7.492678612E-02 4.555642139E-03
 7.628447562E-02 4.538522102E-03
 7.765173167E-02 4.521642812E-03
 7.902859896E-02 4.504998680E-03
 8.041512221E-02 4.488584120E-03
 8.181135356E-02 4.472392146E-03
 8.321733773E-02 4.456417169E-03
 8.463312685E-02 4.440654069E-03
 8.605875820E-02 4.425097723E-03
 8.749429882E-02 4.409743007E-03
 8.893977106E-02 4.394582938E-03
 9.039524198E-02 4.379612859E-03
 9.186074883E-02 4.364829045E-03
 9.333634377E-02 4.350225907E-03
 9.482206404E-02 4.335797857E-03
 9.631796926E-02 4.321540240E-03
 9.782408923E-02 4.307449795E-03
 9.934049100E-02 4.293521401E-03
 1.008672044E-01 4.279749934E-03
 1.024042815E-01 4.266132135E-03
 1.039517671E-01 4.252663814E-03
 1.055097058E-01 4.239340778E-03
 1.070781425E-01 4.226158373E-03
 1.086571217E-01 4.213114269E-03
 1.102466956E-01 4.200203810E-03
 1.118469015E-01 4.187423736E-03
 1.134577915E-01 4.174770322E-03
 1.150793955E-01 4.162239842E-03
 1.167117655E-01 4.149829037E-03
 1.183549538E-01 4.137535114E-03
 1.200089902E-01 4.125353880E-03
 1.216739267E-01 4.113283474E-03
 1.233498007E-01 4.101320170E-03
 1.250366569E-01 4.089460708E-03
 1.267345399E-01 4.077702295E-03
 1.284434944E-01 4.066042602E-03
 1.301635504E-01 4.054477904E-03
 1.318947524E-01 4.043005873E-03
 1.336371601E-01 4.031623714E-03
 1.353907883E-01 4.020328633E-03
 1.371556818E-01 4.009118304E-03
 1.389319003E-01 3.997989465E-03
 1.407194734E-01 3.986940719E-03
 1.425184160E-01 3.975968342E-03
 1.443288028E-01 3.965070471E-03
 1.461506635E-01 3.954244312E-03
 1.479840279E-01 3.943488002E-03
 1.498289257E-01 3.932798747E-03
 1.516854167E-01 3.922174219E-03
 1.535535157E-01 3.911612555E-03
 1.554332823E-01 3.901110496E-03
 1.573247313E-01 3.890666645E-03
 1.592279077E-01 3.880277975E-03
 1.611428410E-01 3.869942855E-03
 1.630695611E-01 3.859658726E-03
 1.650081277E-01 3.849423258E-03
 1.669585407E-01 3.839234356E-03
 1.689208597E-01 3.829089925E-03
 1.708951145E-01 3.818987403E-03
 1.728813201E-01 3.808924928E-03
 1.748795062E-01 3.798899939E-03
 1.768897325E-01 3.788910341E-03
 1.789119989E-01 3.778953804E-03
 1.809463501E-01 3.769028001E-03
 1.829928160E-01 3.759130836E-03
 1.850514114E-01 3.749259748E-03
 1.871221811E-01 3.739412641E-03
 1.892051548E-01 3.729586955E-03
 1.913003325E-01 3.719780361E-03
 1.934077740E-01 3.709990531E-03
 1.955274791E-01 3.700214904E-03
 1.976594776E-01 3.690450918E-03
 1.998037994E-01 3.680696245E-03
 2.019604743E-01 3.670948092E-03
 2.041295022E-01 3.661203897E-03
 2.063109279E-01 3.651461098E-03
 2.085047662E-01 3.641716670E-03
 2.107110322E-01 3.631967818E-03
 2.129297554E-01 3.622211982E-03
 2.151609361E-01 3.612445667E-03
 2.174046040E-01 3.602666082E-03
 2.196607888E-01 3.592869965E-03
 2.219294906E-01 3.583054058E-03
 2.242107242E-01 3.573214635E-03
 2.265045196E-01 3.563348437E-03
 2.288108766E-01 3.553451737E-03
 2.311298251E-01 3.543520812E-03
 2.334613651E-01 3.533551469E-03
 2.358054966E-01 3.523539752E-03
 2.381622493E-01 3.513481002E-03
 2.405316383E-01 3.503371030E-03
 2.429136485E-01 3.493204946E-03
 2.453083098E-01 3.482977627E-03
 2.477156222E-01 3.472683486E-03
 2.501356006E-01 3.462317400E-03
 2.525682449E-01 3.451873315E-03
 2.550135255E-01 3.441344714E-03
 2.574715018E-01 3.430725075E-03
 2.599421442E-01 3.420007182E-03
 2.624254823E-01 3.409183584E-03
 2.649214864E-01 3.398246132E-03
 2.674301565E-01 3.387185745E-03
 2.699515224E-01 3.375993343E-03
 2.724855542E-01 3.364658216E-03
 2.750322521E-01 3.353169421E-03
 2.775916159E-01 3.341514850E-03
 2.801636457E-01 3.329680534E-03
 2.827483416E-01 3.317652270E-03
 2.853456736E-01 3.305413295E-03
 2.879556417E-01 3.292944748E-03
 2.905782461E-01 3.280225210E-03
 2.932134569E-01 3.267228371E-03
 2.958613038E-01 3.253923263E-03
 2.985217273E-01 3.240271471E-03
 3.011947274E-01 3.226228524E-03
 3.038803041E-01 3.211757401E-03
 3.065784574E-01 3.196846228E-03
 3.092890978E-01 3.181499662E-03
 3.120122850E-01 3.165727947E-03
 3.147479594E-01 3.149543423E-03
 3.174961209E-01 3.132961458E-03
 3.202567399E-01 3.115999978E-03
 3.230297565E-01 3.098679241E-03
 3.258152306E-01 3.081022762E-03
 3.286130428E-01 3.063054522E-03
 3.314232230E-01 3.044806421E-03
 3.342457414E-01 3.026331542E-03
 3.370805681E-01 3.007659921E-03
 3.399276435E-01 2.988791559E-03
 3.427869678E-01 2.969767200E-03
 3.456584811E-01 2.950619906E-03
 3.485421836E-01 2.931430936E-03
 3.514380157E-01 2.912297612E-03
 3.543459177E-01 2.893180354E-03
 3.572659194E-01 2.874049125E-03
 3.601979017E-01 2.855043160E-03
 3.631418645E-01 2.836322179E-03
 3.660977483E-01 2.817815868E-03
 3.690654933E-01 2.799422713E-03
 3.720450699E-01 2.781442599E-03
 3.750364482E-01 2.763988683E-03
 3.780395389E-01 2.746730577E-03
 3.810542822E-01 2.730005188E-03
 3.840806186E-01 2.713985508E-03
 3.871185184E-01 2.698332770E-03
 3.901678622E-01 2.683435101E-03
 3.932286203E-01 2.669162815E-03
 3.963007331E-01 2.655597636E-03
 3.993840814E-01 2.643040847E-03
 4.024785757E-01 2.631138312E-03
 4.055841863E-01 2.620164072E-03
 4.087007940E-01 2.610146068E-03
 4.118283093E-01 2.601090353E-03
 4.149666429E-01 2.593114972E-03
 4.181156456E-01 2.586177550E-03
 4.212752879E-01 2.580421278E-03
 4.244453907E-01 2.575777471E-03
 4.276258647E-01 2.572405851E-03
 4.308166206E-01 2.570221899E-03
 4.340174794E-01 2.569365781E-03
 4.372283220E-01 2.569888486E-03
 4.404490292E-01 2.571658231E-03
 4.436794519E-01 2.575078281E-03
 4.469194710E-01 2.579676220E-03
 4.501688778E-01 2.585791051E-03
 4.534275532E-01 2.593541285E-03
 4.566953778E-01 2.602552064E-03
 4.599721134E-01 2.613485558E-03
 4.632576406E-01 2.625743859E-03
 4.665518105E-01 2.639457583E-03
 4.698544145E-01 2.655342920E-03
 4.731652737E-01 2.672485076E-03
 4.764842689E-01 2.691115020E-03
 4.798111618E-01 2.711964305E-03
 4.831458032E-01 2.734340494E-03
 4.864880145E-01 2.758044982E-03
 4.898376465E-01 2.783845412E-03
 4.931944907E-01 2.811692888E-03
 4.965583980E-01 2.840852132E-03
 4.999292195E-01 2.871643286E-03
 5.033067465E-01 2.904667286E-03
 5.066908002E-01 2.939561382E-03
 5.100812912E-01 2.975901589E-03
 5.134780407E-01 3.013855545E-03
 5.168808699E-01 3.053958062E-03
 5.202897191E-01 3.096179338E-03
 5.237043500E-01 3.139868146E-03
 5.271247625E-01 3.185128560E-03
 5.305507779E-01 3.232203424E-03
 5.339823365E-01 3.281297162E-03
 5.374191999E-01 3.332393477E-03
 5.408614874E-01 3.384945448E-03
 5.443089604E-01 3.439024789E-03
 5.477616787E-01 3.494813805E-03
 5.512195230E-01 3.552229609E-03
 5.546824932E-01 3.611442167E-03
 5.581504703E-01 3.672384890E-03
 5.616235137E-01 3.734706435E-03
 5.651015639E-01 3.798449878E-03
 5.685847402E-01 3.863705788E-03
 5.720728636E-01 3.930394072E-03
 5.755661130E-01 3.998474218E-03
 5.790644884E-01 4.067910835E-03
 5.825679898E-01 4.138679244E-03
 5.860767365E-01 4.210652784E-03
 5.895906687E-01 4.283686634E-03
 5.931099653E-01 4.357745871E-03
 5.966346264E-01 4.432773218E-03
 6.001648307E-01 4.508663435E-03
 6.037005186E-01 4.585308023E-03
 6.072419286E-01 4.662596155E-03
 6.107890606E-01 4.740404896E-03
 6.143419743E-01 4.818601999E-03
 6.179008484E-01 4.897043575E-03
 6.214657426E-01 4.975575022E-03
 6.250367761E-01 5.054034758E-03
 6.286140084E-01 5.132249091E-03
 6.321974993E-01 5.210028496E-03
 6.357874274E-01 5.287178792E-03
 6.393837333E-01 5.363496020E-03
 6.429865360E-01 5.438756198E-03
 6.465959549E-01 5.512732081E-03
 6.502119303E-01 5.585188977E-03
 6.538345814E-01 5.655874033E-03
 6.574639082E-01 5.724526010E-03
 6.610997915E-01 5.790885072E-03
 6.647424102E-01 5.854680203E-03
 6.683915854E-01 5.915630609E-03
 6.720473170E-01 5.973457359E-03
 6.757094860E-01 6.027876865E-03
 6.793780923E-01 6.078613456E-03
 6.830529571E-01 6.125405431E-03
 6.867339015E-01 6.167995743E-03
 6.904208660E-01 6.206129212E-03
 6.941135526E-01 6.239540875E-03
 6.978118420E-01 6.267397664E-03
 7.015154362E-01 6.289429031E-03
 7.052240968E-01 6.306304131E-03
 7.089375854E-01 6.317716092E-03
 7.126555443E-01 6.323179696E-03
 7.163776159E-01 6.322650239E-03
 7.201035023E-01 6.316014100E-03
 7.238328457E-01 6.302769296E-03
 7.275652289E-01 6.282266229E-03
 7.313002348E-01 6.255137734E-03
 7.350375056E-01 6.222147029E-03
 7.387765050E-01 6.182988174E-03
 7.425169349E-01 6.137486547E-03
 7.462582588E-01 6.085913163E-03
 7.500000000E-01 6.027416326E-03
 7.537417412E-01 5.961989053E-03
 7.574830651E-01 5.891558714E-03
 7.612234950E-01 5.816227291E-03
 7.649624944E-01 5.735558458E-03
 7.686997652E-01 5.650064442E-03
 7.724347711E-01 5.559646524E-03
 7.761671543E-01 5.464189686E-03
 7.798964977E-01 5.364726763E-03
 7.836223841E-01 5.262265448E-03
 7.873444557E-01 5.156801548E-03
 7.910624146E-01 5.048520863E-03
 7.947759032E-01 4.937845282E-03
 7.984845638E-01 4.825199023E-03
 8.021881580E-01 4.710585810E-03
 8.058864474E-01 4.594256170E-03
 8.095791340E-01 4.477353301E-03
 8.132660985E-01 4.360254388E-03
 8.169470429E-01 4.242956173E-03
 8.206219077E-01 4.125857726E-03
 8.242905140E-01 4.009290133E-03
 8.279526830E-01 3.893569810E-03
 8.316084146E-01 3.778995713E-03
 8.352575898E-01 3.665853990E-03
 8.389002085E-01 3.554398194E-03
 8.425360918E-01 3.444852307E-03
 8.461654186E-01 3.337418195E-03
 8.497880697E-01 3.232285846E-03
 8.534040451E-01 3.129630815E-03
 8.570134640E-01 3.029602813E-03
 8.606162667E-01 2.932333620E-03
 8.642125726E-01 2.837944310E-03
 8.678025007E-01 2.746538259E-03
 8.713859916E-01 2.658200450E-03
 8.749632239E-01 2.573005855E-03
 8.785342574E-01 2.491016639E-03
 8.820991516E-01 2.412277041E-03
 8.856580257E-01 2.336821286E-03
 8.892109394E-01 2.264672890E-03
 8.927580714E-01 2.195840236E-03
 8.962994814E-01 2.130322391E-03
 8.998351693E-01 2.068106318E-03
 9.033653736E-01 2.009170130E-03
 9.068900347E-01 1.953484956E-03
 9.104093313E-01 1.901012380E-03
 9.139232635E-01 1.851698384E-03
 9.174320102E-01 1.805509790E-03
 9.209355116E-01 1.762427622E-03
 9.244338870E-01 1.722356770E-03
 9.279271364E-01 1.685189083E-03
 9.314152598E-01 1.650863444E-03
 9.348984361E-01 1.619309769E-03
 9.383764863E-01 1.590461703E-03
 9.418495297E-01 1.564203762E-03
 9.453175068E-01 1.540534315E-03
 9.487804770E-01 1.519465237E-03
 9.522383213E-01 1.500740647E-03
 9.556910396E-01 1.484229462E-03
 9.591385126E-01 1.469946466E-03
 9.625808001E-01 1.457745791E-03
 9.660176635E-01 1.447675633E-03
 9.694492221E-01 1.439795014E-03
 9.728752375E-01 1.433749800E-03
 9.762956500E-01 1.429428696E-03
 9.797102809E-01 1.426808303E-03
 9.831191301E-01 1.425960101E-03
 9.865219593E-01 1.426987350E-03
 9.899187088E-01 1.429475727E-03
 9.933091998E-01 1.433251891E-03
 9.966932535E-01 1.438499196E-03
 1.000070810E+00 1.445333241E-03
 1.003441572E+00 1.453525503E-03
 1.006805539E+00 1.462710090E-03
 1.010162354E+00 1.473105047E-03
 1.013512015E+00 1.484944951E-03
 1.016854167E+00 1.497777062E-03
 1.020188808E+00 1.511390554E-03
 1.023515701E+00 1.526180538E-03
 1.026834726E+00 1.542082289E-03
 1.030145645E+00 1.558541670E-03
 1.033448219E+00 1.575885224E-03
 1.036742330E+00 1.594297937E-03
 1.040027857E+00 1.613111701E-03
 1.043304682E+00 1.632661675E-03
 1.046572447E+00 1.653014799E-03
 1.049831152E+00 1.673706109E-03
 1.053080559E+00 1.695097773E-03
 1.056320548E+00 1.716870698E-03
 1.059551001E+00 1.739019295E-03
 1.062771678E+00 1.761720283E-03
 1.065982580E+00 1.784591703E-03
 1.069183350E+00 1.807824476E-03
 1.072374105E+00 1.831252943E-03
 1.075554609E+00 1.854840433E-03
 1.078724742E+00 1.878602547E-03
 1.081884384E+00 1.902410761E-03
 1.085033417E+00 1.926301862E-03
 1.088171721E+00 1.950148609E-03
 1.091299176E+00 1.973979175E-03
 1.094415784E+00 1.997682499E-03
 1.097521424E+00 2.021271270E-03
 1.100615978E+00 2.044667257E-03
 1.103699327E+00 2.067810623E-03
 1.106771350E+00 2.090846421E-03
 1.109832168E+00 2.113442170E-03
 1.112881541E+00 2.135726623E-03
 1.115919352E+00 2.157681389E-03
 1.118945718E+00 2.179143950E-03
 1.121960521E+00 2.200342948E-03
 1.124963522E+00 2.220963128E-03
 1.127954960E+00 2.241043141E-03
 1.130934477E+00 2.260782057E-03
 1.133902311E+00 2.279893728E-03
 1.136858106E+00 2.298372099E-03
 1.139802098E+00 2.316381084E-03
 1.142734051E+00 2.333821729E-03
 1.145654082E+00 2.350580879E-03
 1.148561954E+00 2.366709523E-03
 1.151457787E+00 2.382277977E-03
 1.154341459E+00 2.397239907E-03
 1.157212973E+00 2.411523601E-03
 1.160072327E+00 2.425155835E-03
 1.162919402E+00 2.438166412E-03
 1.165754199E+00 2.450560452E-03
 1.168576717E+00 2.462351928E-03
 1.171386957E+00 2.473525237E-03
 1.174184799E+00 2.484085970E-03
 1.176970243E+00 2.494062064E-03
 1.179743290E+00 2.503472846E-03
 1.182503939E+00 2.512337407E-03
 1.185252070E+00 2.520678332E-03
 1.187987685E+00 2.528520767E-03
 1.190710902E+00 2.535893116E-03
 1.193421602E+00 2.542829141E-03
 1.196119666E+00 2.549367491E-03
 1.198805213E+00 2.555551939E-03
 1.201478243E+00 2.561432077E-03
 1.204138756E+00 2.567050746E-03
 1.206786513E+00 2.572432859E-03
 1.209421754E+00 2.577593550E-03
 1.212044358E+00 2.582545392E-03
 1.214654326E+00 2.587300725E-03
 1.217251658E+00 2.591870492E-03
 1.219836354E+00 2.596265171E-03
 1.222408414E+00 2.600494539E-03
 1.224967718E+00 2.604566980E-03
 1.227514505E+00 2.608490409E-03
 1.230048537E+00 2.612272976E-03
 1.232569814E+00 2.615921199E-03
 1.235078573E+00 2.619442064E-03
 1.237574458E+00 2.622841625E-03
 1.240057826E+00 2.626125235E-03
 1.242528439E+00 2.629298484E-03
 1.244986415E+00 2.632366261E-03
 1.247431755E+00 2.635333454E-03
 1.249864459E+00 2.638204722E-03
 1.252284408E+00 2.640984021E-03
 1.254691720E+00 2.643675078E-03
 1.257086396E+00 2.646281850E-03
 1.259468317E+00 2.648807829E-03
 1.261837721E+00 2.651256276E-03
 1.264194489E+00 2.653630683E-03
 1.266538620E+00 2.655933611E-03
 1.268870234E+00 2.658168087E-03
 1.271189094E+00 2.660336904E-03
 1.273495436E+00 2.662442159E-03
 1.275789261E+00 2.664486878E-03
 1.278070450E+00 2.666472923E-03
 1.280339241E+00 2.668402856E-03
 1.282595396E+00 2.670278540E-03
 1.284839034E+00 2.672102069E-03
 1.287070274E+00 2.673875308E-03
 1.289288998E+00 2.675599884E-03
 1.291495204E+00 2.677277895E-03
 1.293689013E+00 2.678910969E-03
 1.295870543E+00 2.680500504E-03
 1.298039556E+00 2.682048129E-03
 1.300196171E+00 2.683555242E-03
 1.302340508E+00 2.685023239E-03
 1.304472566E+00 2.686453518E-03
 1.306592226E+00 2.687847475E-03
 1.308699608E+00 2.689206041E-03
 1.310794830E+00 2.690530848E-03
 1.312877774E+00 2.691822592E-03
 1.314948559E+00 2.693082672E-03
 1.317007184E+00 2.694311785E-03
 1.319053650E+00 2.695511328E-03
 1.321087956E+00 2.696682001E-03
 1.323110223E+00 2.697824966E-03
 1.325120449E+00 2.698941156E-03
 1.327118635E+00 2.700031269E-03
 1.329104900E+00 2.701096237E-03
 1.331079125E+00 2.702136757E-03
 1.333041430E+00 2.703153528E-03
 1.334991932E+00 2.704147715E-03
 1.336930394E+00 2.705119550E-03
 1.338857174E+00 2.706070198E-03
 1.340772152E+00 2.707000123E-03
 1.342675328E+00 2.707910025E-03
 1.344566703E+00 2.708800370E-03
 1.346446514E+00 2.709672088E-03
 1.348314643E+00 2.710525645E-03
 1.350171089E+00 2.711361507E-03
 1.352015972E+00 2.712180139E-03
 1.353849292E+00 2.712982474E-03
 1.355671167E+00 2.713768743E-03
 1.357481599E+00 2.714539645E-03
 1.359280586E+00 2.715295646E-03
 1.361068130E+00 2.716036979E-03
 1.362844348E+00 2.716764575E-03
 1.364609241E+00 2.717478434E-03
 1.366362810E+00 2.718179254E-03
 1.368105292E+00 2.718867501E-03
 1.369836450E+00 2.719543409E-03
 1.371556520E+00 2.720207442E-03
 1.373265505E+00 2.720859833E-03
 1.374963284E+00 2.721501514E-03
 1.376650214E+00 2.722132485E-03
 1.378326058E+00 2.722752979E-03
 1.379991055E+00 2.723363694E-03
 1.381645083E+00 2.723964863E-03
 1.383288264E+00 2.724556951E-03
 1.384920597E+00 2.725139959E-03
 1.386542201E+00 2.725714352E-03
 1.388153076E+00 2.726280596E-03
 1.389753342E+00 2.726838924E-03
 1.391342878E+00 2.727389568E-03
 1.392921805E+00 2.727932995E-03
 1.394490242E+00 2.728469437E-03
 1.396048188E+00 2.728999360E-03
 1.397595763E+00 2.729522763E-03
 1.399132848E+00 2.730040113E-03
 1.400659561E+00 2.730551409E-03
 1.402175903E+00 2.731057350E-03
 1.403681993E+00 2.731558168E-03
 1.405177951E+00 2.732053865E-03
 1.406663656E+00 2.732544672E-03
 1.408139229E+00 2.733031055E-03
 1.409604788E+00 2.733513480E-03
 1.411060214E+00 2.733991714E-03
 1.412505746E+00 2.734466456E-03
 1.413941264E+00 2.734937705E-03
 1.415366888E+00 2.735405928E-03
 1.416782618E+00 2.735871356E-03
 1.418188691E+00 2.736334223E-03
 1.419584870E+00 2.736794529E-03
 1.420971394E+00 2.737252740E-03
 1.422348261E+00 2.737709321E-03
 1.423715472E+00 2.738164272E-03
 1.425073266E+00 2.738617826E-03
 1.426421404E+00 2.739070449E-03
 1.427760124E+00 2.739522373E-03
 1.429089427E+00 2.739973832E-03
 1.430409312E+00 2.740425058E-03
 1.431719899E+00 2.740876283E-03
 1.433021188E+00 2.741328208E-03
 1.434313297E+00 2.741780598E-03
 1.435596228E+00 2.742234152E-03
 1.436869979E+00 2.742688870E-03
 1.438134670E+00 2.743145218E-03
 1.439390421E+00 2.743603662E-03
 1.440637112E+00 2.744064434E-03
 1.441874743E+00 2.744527766E-03
 1.443103671E+00 2.744994359E-03
 1.444323659E+00 2.745464211E-03
 1.445534945E+00 2.745937789E-03
 1.446737409E+00 2.746415557E-03
 1.447931170E+00 2.746898215E-03
 1.449116349E+00 2.747385995E-03
 1.450292826E+00 2.747879364E-03
 1.451460838E+00 2.748379018E-03
 1.452620268E+00 2.748885192E-03
 1.453771353E+00 2.749398816E-03
 1.454913974E+00 2.749920357E-03
 1.456048250E+00 2.750450512E-03
 1.457174182E+00 2.750989981E-03
 1.458291888E+00 2.751539694E-03
 1.459401369E+00 2.752100118E-03
 1.460502625E+00 2.752672415E-03
 1.461595893E+00 2.753257286E-03
 1.462680936E+00 2.753856126E-03
 1.463758111E+00 2.754470101E-03
 1.464827180E+00 2.755100140E-03
 1.465888381E+00 2.755747642E-03
 1.466941714E+00 2.756414237E-03
 1.467987180E+00 2.757101553E-03
 1.469024777E+00 2.757811686E-03
 1.470054746E+00 2.758546034E-03
 1.471076965E+00 2.759307623E-03
 1.472091556E+00 2.760098316E-03
 1.473098636E+00 2.760921372E-03
 1.474098086E+00 2.761779819E-03
 1.475089908E+00 2.762677381E-03
 1.476074457E+00 2.763618249E-03
 1.477051497E+00 2.764606848E-03
 1.478021145E+00 2.765648533E-03
 1.478983521E+00 2.766749822E-03
 1.479938626E+00 2.767917700E-03
 1.480886459E+00 2.769160783E-03
 1.481827140E+00 2.770488849E-03
 1.482760668E+00 2.771914471E-03
 1.483687043E+00 2.773451619E-03
 1.484606385E+00 2.775116824E-03
 1.485518813E+00 2.776928246E-03
 1.486424208E+00 2.778906142E-03
 1.487322688E+00 2.781073563E-03
 1.488214374E+00 2.783465665E-03
 1.489099145E+00 2.786147641E-03
 1.489977121E+00 2.789248247E-03
 1.490848422E+00 2.792993328E-03
 1.491712928E+00 2.797699301E-03
 1.492570877E+00 2.803628799E-03
 1.493422151E+00 2.810567617E-03
 1.494266987E+00 2.816948108E-03
 1.495105147E+00 2.818539739E-03
 1.495936871E+00 2.806840232E-03
 1.496762276E+00 2.768160077E-03
 1.497581124E+00 2.682148246E-03
 1.498393774E+00 2.520625480E-03
 1.499199986E+00 4.006476607E-03
 1.500000000E+00 2.788904123E-03
 1.500800014E+00 0.000000000E+00
 1.501600266E+00 0.000000000E+00
 1.502401114E+00 0.000000000E+00
 1.503202677E+00 0.000000000E+00
 1.504005432E+00 0.000000000E+00
 1.504809380E+00 0.000000000E+00
 1.505615115E+00 0.000000000E+00
 1.506422639E+00 0.000000000E+00
 1.507232308E+00 0.000000000E+00
 1.508044481E+00 0.000000000E+00
 1.508859396E+00 0.000000000E+00
 1.509677172E+00 0.000000000E+00
 1.510498285E+00 0.000000000E+00
 1.511322856E+00 0.000000000E+00
 1.512151361E+00 0.000000000E+00
 1.512983918E+00 0.000000000E+00
 1.513820767E+00 0.000000000E+00
 1.514662266E+00 0.000000000E+00
 1.515508771E+00 0.000000000E+00
 1.516360521E+00 0.000000000E+00
 1.517217755E+00 0.000000000E+00
 1.518080711E+00 0.000000000E+00
 1.518949747E+00 0.000000000E+00
 1.519825220E+00 0.000000000E+00
 1.520707369E+00 0.000000000E+00
 1.521596551E+00 0.000000000E+00
 1.522492886E+00 0.000000000E+00
 1.523396850E+00 0.000000000E+00
 1.524308681E+00 0.000000000E+00
 1.525228620E+00 0.000000000E+00
 1.526157141E+00 0.000000000E+00
 1.527094483E+00 0.000000000E+00
 1.528040886E+00 0.000000000E+00
 1.528996706E+00 0.000000000E+00
 1.529962301E+00 0.000000000E+00
 1.530938029E+00 0.000000000E+00
 1.531924129E+00 0.000000000E+00
 1.532920957E+00 0.000000000E+00
 1.533928871E+00 0.000000000E+00
 1.534948230E+00 0.000000000E+00
 1.535979390E+00 0.000000000E+00
 1.537022591E+00 0.000000000E+00
 1.538078308E+00 0.000000000E+00
 1.539146781E+00 0.000000000E+00
 1.540228486E+00 0.000000000E+00
 1.541323662E+00 0.000000000E+00
 1.542432785E+00 0.000000000E+00
 1.543556213E+00 0.000000000E+00
 1.544694304E+00 0.000000000E+00
 1.545847297E+00 0.000000000E+00
 1.547015905E+00 0.000000000E+00
 1.548200250E+00 0.000000000E+00
 1.549400806E+00 0.000000000E+00
 1.550618052E+00 0.000000000E+00
 1.551852226E+00 0.000000000E+00
 1.553103924E+00 0.000000000E+00
 1.554373503E+00 0.000000000E+00
 1.555661440E+00 0.000000000E+00
 1.556967974E+00 3.709421381E-22
 1.558293819E+00 0.000000000E+00
 1.559639215E+00 0.000000000E+00
 1.561004639E+00 0.000000000E+00
 1.562390685E+00 0.000000000E+00
 1.563797593E+00 0.000000000E+00
 1.565226078E+00 0.000000000E+00
 1.566676497E+00 0.000000000E+00
 1.568149328E+00 0.000000000E+00
 1.569645166E+00 0.000000000E+00
 1.571164370E+00 0.000000000E+00
 1.572707534E+00 0.000000000E+00
 1.574275255E+00 0.000000000E+00
 1.575867891E+00 0.000000000E+00
 1.577486038E+00 0.000000000E+00
 1.579130292E+00 0.000000000E+00
 1.580801249E+00 0.000000000E+00
 1.582499385E+00 0.000000000E+00
 1.584225178E+00 0.000000000E+00
 1.585979462E+00 0.000000000E+00
 1.587762594E+00 0.000000000E+00
 1.589575291E+00 0.000000000E+00
 1.591418028E+00 0.000000000E+00
 1.593291640E+00 0.000000000E+00
 1.595196605E+00 1.405073354E-22
 1.597133636E+00 0.000000000E+00
 1.599103451E+00 0.000000000E+00
 1.601106524E+00 0.000000000E+00
 1.603143573E+00 0.000000000E+00
 1.605215430E+00 0.000000000E+00
 1.607322693E+00 0.000000000E+00
 1.609465957E+00 0.000000000E+00
 1.611646175E+00 0.000000000E+00
 1.613863945E+00 0.000000000E+00
 1.616120100E+00 0.000000000E+00
 1.618415236E+00 0.000000000E+00
 1.620750308E+00 0.000000000E+00
 1.623125911E+00 0.000000000E+00
 1.625542998E+00 0.000000000E+00
 1.628002405E+00 0.000000000E+00
 1.630504847E+00 0.000000000E+00
 1.633051157E+00 0.000000000E+00
 1.635642409E+00 0.000000000E+00
 1.638279200E+00 0.000000000E+00
 1.640962481E+00 0.000000000E+00
 1.643693209E+00 0.000000000E+00
 1.646472335E+00 0.000000000E+00
 1.649300814E+00 0.000000000E+00
 1.652179480E+00 0.000000000E+00
 1.655109406E+00 0.000000000E+00
 1.658091545E+00 0.000000000E+00
 1.661126852E+00 0.000000000E+00
 1.664216399E+00 0.000000000E+00
 1.667361140E+00 0.000000000E+00
 1.670562267E+00 0.000000000E+00
 1.673820853E+00 0.000000000E+00
 1.677137852E+00 0.000000000E+00
 1.680514574E+00 0.000000000E+00
 1.683951974E+00 0.000000000E+00
 1.687451243E+00 0.000000000E+00
 1.691013694E+00 0.000000000E+00
 1.694640398E+00 0.000000000E+00
 1.698332548E+00 0.000000000E+00
 1.702091575E+00 0.000000000E+00
 1.705918550E+00 0.000000000E+00
 1.709814787E+00 0.000000000E+00
 1.713781714E+00 0.000000000E+00
 1.717820525E+00 0.000000000E+00
 1.721932650E+00 0.000000000E+00
 1.726119518E+00 0.000000000E+00
 1.730382442E+00 0.000000000E+00
 1.734722972E+00 0.000000000E+00
 1.739142418E+00 0.000000000E+00
 1.743642449E+00 0.000000000E+00
 1.748224378E+00 0.000000000E+00
 1.752889872E+00 0.000000000E+00
 1.757640481E+00 0.000000000E+00
 1.762477875E+00 0.000000000E+00
 1.767403603E+00 0.000000000E+00
 1.772419214E+00 0.000000000E+00
 1.777526617E+00 0.000000000E+00
 1.782727361E+00 0.000000000E+00
 1.788023233E+00 0.000000000E+00
 1.793416142E+00 0.000000000E+00
 1.798907757E+00 0.000000000E+00
 1.804499984E+00 0.000000000E+00
 1.810194612E+00 0.000000000E+00
 1.815993667E+00 0.000000000E+00
 1.821899176E+00 0.000000000E+00
 1.827912927E+00 0.000000000E+00
 1.834037066E+00 0.000000000E+00
 1.840273619E+00 0.000000000E+00
 1.846624732E+00 0.000000000E+00
 1.853092432E+00 0.000000000E+00
 1.859678984E+00 0.000000000E+00
 1.866386652E+00 0.000000000E+00
 1.873217583E+00 0.000000000E+00
 1.880174160E+00 0.000000000E+00
 1.887258649E+00 0.000000000E+00
 1.894473553E+00 0.000000000E+00
 1.901821136E+00 0.000000000E+00
 1.909304023E+00 0.000000000E+00
 1.916924596E+00 0.000000000E+00
 1.924685478E+00 0.000000000E+00
 1.932589293E+00 0.000000000E+00
 1.940638781E+00 0.000000000E+00
 1.948836565E+00 0.000000000E+00
 1.957185388E+00 0.000000000E+00
 1.965687990E+00 0.000000000E+00
 1.974347472E+00 0.000000000E+00
 1.983166456E+00 0.000000000E+00
 1.992148161E+00 0.000000000E+00
 2.001295567E+00 0.000000000E+00
 2.010611534E+00 0.000000000E+00
 2.020099401E+00 0.000000000E+00
 2.029762268E+00 0.000000000E+00
 2.039603472E+00 0.000000000E+00
 2.049626350E+00 0.000000000E+00
 2.059834003E+00 0.000000000E+00
 2.070230246E+00 0.000000000E+00
 2.080818415E+00 0.000000000E+00
 2.091602087E+00 0.000000000E+00
 2.102584839E+00 0.000000000E+00
 2.113770247E+00 0.000000000E+00
 2.125162363E+00 0.000000000E+00
 2.136765003E+00 0.000000000E+00
 2.148581743E+00 0.000000000E+00
 2.160616875E+00 0.000000000E+00
 2.172874212E+00 0.000000000E+00
 2.185358286E+00 0.000000000E+00
 2.198072672E+00 0.000000000E+00
 2.211022377E+00 0.000000000E+00
 2.224210978E+00 0.000000000E+00
 2.237643719E+00 1.383755271E-23
 2.251324415E+00 0.000000000E+00
 2.265258074E+00 0.000000000E+00
 2.279449463E+00 0.000000000E+00
 2.293902874E+00 0.000000000E+00
 2.308623791E+00 0.000000000E+00
 2.323616505E+00 0.000000000E+00
 2.338886738E+00 0.000000000E+00
 2.354439259E+00 0.000000000E+00
 2.370279074E+00 0.000000000E+00
 2.386412144E+00 0.000000000E+00
 2.402843237E+00 0.000000000E+00
 2.419578314E+00 0.000000000E+00
 2.436623096E+00 0.000000000E+00
 2.453982830E+00 0.000000000E+00
 2.471663713E+00 0.000000000E+00
 2.489671707E+00 0.000000000E+00
 2.508012772E+00 0.000000000E+00
 2.526692867E+00 0.000000000E+00
 2.545718670E+00 0.000000000E+00
 2.565096378E+00 0.000000000E+00
 2.584832668E+00 0.000000000E+00
 2.604933977E+00 0.000000000E+00
 2.625407219E+00 0.000000000E+00
 2.646259308E+00 0.000000000E+00
 2.667496920E+00 0.000000000E+00
 2.689127684E+00 0.000000000E+00
 2.711158514E+00 0.000000000E+00
 2.733597040E+00 0.000000000E+00
 2.756450891E+00 8.392414280E-24
 2.779727459E+00 0.000000000E+00
 2.803434610E+00 0.000000000E+00
 2.827580690E+00 0.000000000E+00
 2.852173328E+00 0.000000000E+00
 2.877221346E+00 0.000000000E+00
 2.902732611E+00 7.554159639E-24
 2.928716183E+00 0.000000000E+00
 2.955180407E+00 0.000000000E+00
 2.982134581E+00 0.000000000E+00
 3.009587526E+00 0.000000000E+00
 3.037548542E+00 0.000000000E+00
 3.066026926E+00 0.000000000E+00
 3.095032454E+00 0.000000000E+00
 3.124574661E+00 0.000000000E+00
 3.154663801E+00 0.000000000E+00
 3.185309887E+00 0.000000000E+00
 3.216523170E+00 0.000000000E+00
 3.248313904E+00 0.000000000E+00
 3.280693293E+00 0.000000000E+00
 3.313672066E+00 0.000000000E+00
 3.347260952E+00 0.000000000E+00
 3.381471872E+00 0.000000000E+00
 3.416315794E+00 0.000000000E+00
 3.451804638E+00 0.000000000E+00
 3.487950563E+00 0.000000000E+00
 3.524765491E+00 0.000000000E+00
 3.562261820E+00 0.000000000E+00
 3.600452185E+00 0.000000000E+00
 3.639349699E+00 0.000000000E+00
 3.678966999E+00 0.000000000E+00
 3.719317675E+00 0.000000000E+00
 3.760415554E+00 0.000000000E+00
 3.802273989E+00 0.000000000E+00
 3.844907045E+00 0.000000000E+00
 3.888329744E+00 0.000000000E+00
 3.932555914E+00 0.000000000E+00
 3.977601051E+00 0.000000000E+00
 4.023479939E+00 0.000000000E+00
 4.070208073E+00 0.000000000E+00
 4.117801189E+00 0.000000000E+00
 4.166275501E+00 0.000000000E+00
 4.215647221E+00 0.000000000E+00
 4.265932560E+00 0.000000000E+00
 4.317149162E+00 0.000000000E+00
 4.369313717E+00 3.774163795E-24
 4.422443867E+00 0.000000000E+00
 4.476557732E+00 0.000000000E+00
 4.531673431E+00 0.000000000E+00
 4.587809563E+00 0.000000000E+00
 4.644984722E+00 0.000000000E+00
 4.703218460E+00 0.000000000E+00
 4.762530327E+00 0.000000000E+00
 4.822940350E+00 0.000000000E+00
 4.884468555E+00 0.000000000E+00
 4.947135925E+00 0.000000000E+00
 5.010962963E+00 0.000000000E+00
 5.075972080E+00 0.000000000E+00
 5.142184734E+00 0.000000000E+00
 5.209623337E+00 0.000000000E+00
 5.278310299E+00 0.000000000E+00
 5.348268986E+00 0.000000000E+00
 5.419522762E+00 0.000000000E+00
 5.492095470E+00 0.000000000E+00
 5.566011906E+00 0.000000000E+00
 5.641296864E+00 0.000000000E+00
 5.717975616E+00 0.000000000E+00
 5.796073914E+00 0.000000000E+00
 5.875617981E+00 0.000000000E+00
 5.956634998E+00 0.000000000E+00
 6.039151669E+00 0.000000000E+00
 6.123196125E+00 0.000000000E+00
 6.208796501E+00 0.000000000E+00
 6.295981884E+00 0.000000000E+00
 6.384781361E+00 0.000000000E+00
 6.475224972E+00 0.000000000E+00
 6.567342758E+00 0.000000000E+00
 6.661166191E+00 0.000000000E+00
 6.756726265E+00 0.000000000E+00
 6.854055882E+00 0.000000000E+00
 6.953187466E+00 0.000000000E+00
 7.054154396E+00 0.000000000E+00
 7.156990528E+00 0.000000000E+00
 7.261730671E+00 0.000000000E+00
 7.368409634E+00 0.000000000E+00
 7.477064133E+00 0.000000000E+00
 7.587729931E+00 0.000000000E+00
 7.700444698E+00 0.000000000E+00
 7.815246582E+00 0.000000000E+00
 7.932173729E+00 0.000000000E+00
 8.051265717E+00 0.000000000E+00
 8.172562599E+00 0.000000000E+00
 8.296105385E+00 0.000000000E+00
 8.421935081E+00 0.000000000E+00
 8.550094604E+00 0.000000000E+00
 8.680626869E+00 0.000000000E+00
 8.813575745E+00 0.000000000E+00
 8.948986053E+00 0.000000000E+00
 9.086903572E+00 0.000000000E+00
 9.227374077E+00 0.000000000E+00
 9.370446205E+00 0.000000000E+00
 9.516166687E+00 0.000000000E+00
 9.664585114E+00 0.000000000E+00
 9.815751076E+00 0.000000000E+00
 9.969716072E+00 0.000000000E+00
 1.012653160E+01 0.000000000E+00
 1.028625011E+01 0.000000000E+00
 1.044892597E+01 0.000000000E+00
 1.061461449E+01 0.000000000E+00
 1.078337002E+01 0.000000000E+00
 1.095524979E+01 0.000000000E+00
 1.113031197E+01 0.000000000E+00
 1.130861473E+01 0.000000000E+00
 1.149022007E+01 0.000000000E+00
 1.167518616E+01 0.000000000E+00
 1.186357784E+01 0.000000000E+00
 1.205545712E+01 0.000000000E+00
 1.225088882E+01 5.114416976E-25
 1.244993877E+01 0.000000000E+00
 1.265267467E+01 0.000000000E+00
 1.285916328E+01 0.000000000E+00
 1.306947613E+01 4.754424247E-25
 1.328368187E+01 0.000000000E+00
 1.350185299E+01 0.000000000E+00
 1.372406483E+01 0.000000000E+00
 1.395038986E+01 0.000000000E+00
 1.418090534E+01 0.000000000E+00
 1.441568851E+01 0.000000000E+00
 1.465481949E+01 0.000000000E+00
 1.489837646E+01 0.000000000E+00
 1.514644432E+01 0.000000000E+00
 1.539910412E+01 0.000000000E+00
 1.565644169E+01 0.000000000E+00
 1.591854382E+01 0.000000000E+00
 1.618549919E+01 0.000000000E+00
 1.645739555E+01 0.000000000E+00
 1.673432732E+01 0.000000000E+00
 1.701638603E+01 0.000000000E+00
 1.730366707E+01 0.000000000E+00
 1.759626770E+01 0.000000000E+00
 1.789428520E+01 0.000000000E+00
 1.819782066E+01 0.000000000E+00
 1.850697517E+01 0.000000000E+00
 1.882185364E+01 0.000000000E+00
 1.914256096E+01 0.000000000E+00
 1.946920776E+01 0.000000000E+00
 1.980190277E+01 0.000000000E+00
 2.014075470E+01 0.000000000E+00
 2.048588371E+01 0.000000000E+00
 2.083740044E+01 0.000000000E+00
 2.119542503E+01 0.000000000E+00
 2.156007957E+01 0.000000000E+00
 2.193148422E+01 0.000000000E+00
 2.230976677E+01 0.000000000E+00
 2.269505310E+01 0.000000000E+00
 2.308747101E+01 1.277078908E-25
 2.348715591E+01 0.000000000E+00
 2.389424133E+01 0.000000000E+00
 2.430886269E+01 0.000000000E+00
 2.473115921E+01 0.000000000E+00
 2.516127586E+01 0.000000000E+00
 2.559935760E+01 0.000000000E+00
 2.604554749E+01 0.000000000E+00
ZONE T="FUN3D"
 2.780639759E-16 2.101285383E-02
 7.999999798E-04 1.481027063E-02
 1.606264967E-03 7.901825942E-03
 2.418837277E-03 6.724839564E-03
 3.237759229E-03 5.990010686E-03
 4.063073546E-03 5.448587239E-03
 4.894822836E-03 5.030393600E-03
 5.733050406E-03 4.693957046E-03
 6.577799562E-03 4.417271353E-03
 7.429112680E-03 4.186687060E-03
 8.287033997E-03 3.995782696E-03
 9.151606821E-03 3.844663734E-03
 1.002287492E-02 3.740254324E-03
 1.090088207E-02 3.694238374E-03
 1.178567298E-02 3.717720974E-03
 1.267729141E-02 3.813887015E-03
 1.357578207E-02 3.972955979E-03
 1.448118873E-02 4.173217341E-03
 1.539355703E-02 4.387912806E-03
 1.631293073E-02 4.593592137E-03
 1.723935641E-02 4.775266629E-03
 1.817287691E-02 4.926848225E-03
 1.911354065E-02 5.048551131E-03
 2.006139047E-02 5.143739749E-03
 2.101647109E-02 5.216670223E-03
 2.197883092E-02 5.271349102E-03
 2.294851467E-02 5.311160814E-03
 2.392556891E-02 5.338849500E-03
 2.491003834E-02 5.356626119E-03
 2.590196952E-02 5.366279744E-03
 2.690140903E-02 5.369266961E-03
 2.790840343E-02 5.366785452E-03
 2.892299928E-02 5.359826144E-03
 2.994524129E-02 5.349213257E-03
 3.097517975E-02 5.335632712E-03
 3.201285750E-02 5.319654476E-03
 3.305832669E-02 5.301750731E-03
 3.411163017E-02 5.282313563E-03
 3.517281637E-02 5.261666607E-03
 3.624192998E-02 5.240079947E-03
 3.731902316E-02 5.217778031E-03
 3.840414062E-02 5.194948055E-03
 3.949733078E-02 5.171744153E-03
 4.059864208E-02 5.148295779E-03
 4.170811921E-02 5.124708172E-03
 4.282581061E-02 5.101070274E-03
 4.395176470E-02 5.077452864E-03
 4.508602992E-02 5.053916015E-03
 4.622865468E-02 5.030506756E-03
 4.737968370E-02 5.007264670E-03
 4.853916913E-02 4.984220956E-03
 4.970715567E-02 4.961402621E-03
 5.088369548E-02 4.938828759E-03
 5.206883326E-02 4.916514736E-03
 5.326262116E-02 4.894471727E-03
 5.446510017E-02 4.872709978E-03
 5.567632616E-02 4.851235542E-03
 5.689634383E-02 4.830052610E-03
 5.812519789E-02 4.809162579E-03
 5.936294422E-02 4.788565915E-03
 6.060962752E-02 4.768261686E-03
 6.186529621E-02 4.748247564E-03
 6.312999874E-02 4.728521220E-03
 6.440377980E-02 4.709079396E-03
 6.568669528E-02 4.689918365E-03
 6.697878242E-02 4.671033937E-03
 6.828010082E-02 4.652421921E-03
 6.959069520E-02 4.634077195E-03
 7.091061771E-02 4.615994170E-03
 7.223990560E-02 4.598169122E-03
 7.357861102E-02 4.580595531E-03
 7.492678612E-02 4.563269671E-03
 7.628447562E-02 4.546184558E-03
 7.765173167E-02 4.529335070E-03
 7.902859896E-02 4.512715153E-03
 8.041512221E-02 4.496318754E-03
 8.181135356E-02 4.480140749E-03
 8.321733773E-02 4.464176018E-03
 8.463312685E-02 4.448419902E-03
 8.605875820E-02 4.432865418E-03
 8.749429882E-02 4.417508841E-03
 8.893977106E-02 4.402344581E-03
 9.039524198E-02 4.387368448E-03
 9.186074883E-02 4.372576252E-03
 9.333634377E-02 4.357961472E-03
 9.482206404E-02 4.343520384E-03
 9.631796926E-02 4.329249263E-03
 9.782408923E-02 4.315142985E-03
 9.934049100E-02 4.301197361E-03
 1.008672044E-01 4.287407734E-03
 1.024042815E-01 4.273770843E-03
 1.039517671E-01 4.260282032E-03
 1.055097058E-01 4.246937577E-03
 1.070781425E-01 4.233733751E-03
 1.086571217E-01 4.220666829E-03
 1.102466956E-01 4.207733087E-03
 1.118469015E-01 4.194928799E-03
 1.134577915E-01 4.182251170E-03
 1.150793955E-01 4.169696011E-03
 1.167117655E-01 4.157260526E-03
 1.183549538E-01 4.144940991E-03
 1.200089902E-01 4.132734612E-03
 1.216739267E-01 4.120638128E-03
 1.233498007E-01 4.108648747E-03
 1.250366569E-01 4.096763209E-03
 1.267345399E-01 4.084978253E-03
 1.284434944E-01 4.073291551E-03
 1.301635504E-01 4.061700311E-03
 1.318947524E-01 4.050201271E-03
 1.336371601E-01 4.038792104E-03
 1.353907883E-01 4.027470015E-03
 1.371556818E-01 4.016232677E-03
 1.389319003E-01 4.005076829E-03
 1.407194734E-01 3.994001076E-03
 1.425184160E-01 3.983001690E-03
 1.443288028E-01 3.972076811E-03
 1.461506635E-01 3.961224109E-03
 1.479840279E-01 3.950440791E-03
 1.498289257E-01 3.939724993E-03
 1.516854167E-01 3.929074388E-03
 1.535535157E-01 3.918485716E-03
 1.554332823E-01 3.907957580E-03
 1.573247313E-01 3.897487419E-03
 1.592279077E-01 3.887072904E-03
 1.611428410E-01 3.876711708E-03
 1.630695611E-01 3.866401734E-03
 1.650081277E-01 3.856140887E-03
 1.669585407E-01 3.845926607E-03
 1.689208597E-01 3.835756565E-03
 1.708951145E-01 3.825629130E-03
 1.728813201E-01 3.815541277E-03
 1.748795062E-01 3.805491375E-03
 1.768897325E-01 3.795476863E-03
 1.789119989E-01 3.785495646E-03
 1.809463501E-01 3.775545396E-03
 1.829928160E-01 3.765623784E-03
 1.850514114E-01 3.755728249E-03
 1.871221811E-01 3.745856928E-03
 1.892051548E-01 3.736007260E-03
 1.913003325E-01 3.726176685E-03
 1.934077740E-01 3.716362873E-03
 1.955274791E-01 3.706563497E-03
 1.976594776E-01 3.696776228E-03
 1.998037994E-01 3.686998039E-03
 2.019604743E-01 3.677226603E-03
 2.041295022E-01 3.667459358E-03
 2.063109279E-01 3.657693509E-03
 2.085047662E-01 3.647926496E-03
 2.107110322E-01 3.638155060E-03
 2.129297554E-01 3.628376406E-03
 2.151609361E-01 3.618587740E-03
 2.174046040E-01 3.608785570E-03
 2.196607888E-01 3.598967101E-03
 2.219294906E-01 3.589128843E-03
 2.242107242E-01 3.579267533E-03
 2.265045196E-01 3.569379216E-03
 2.288108766E-01 3.559460398E-03
 2.311298251E-01 3.549507586E-03
 2.334613651E-01 3.539516125E-03
 2.358054966E-01 3.529482288E-03
 2.381622493E-01 3.519401886E-03
 2.405316383E-01 3.509270027E-03
 2.429136485E-01 3.499081824E-03
 2.453083098E-01 3.488832619E-03
 2.477156222E-01 3.478516825E-03
 2.501356006E-01 3.468129085E-03
 2.525682449E-01 3.457663115E-03
 2.550135255E-01 3.447112627E-03
 2.574715018E-01 3.436471336E-03
 2.599421442E-01 3.425731556E-03
 2.624254823E-01 3.414886072E-03
 2.649214864E-01 3.403926501E-03
 2.674301565E-01 3.392844228E-03
 2.699515224E-01 3.381629474E-03
 2.724855542E-01 3.370272228E-03
 2.750322521E-01 3.358761314E-03
 2.775916159E-01 3.347084159E-03
 2.801636457E-01 3.335227491E-03
 2.827483416E-01 3.323176410E-03
 2.853456736E-01 3.310913686E-03
 2.879556417E-01 3.298419993E-03
 2.905782461E-01 3.285673913E-03
 2.932134569E-01 3.272657515E-03
 2.958613038E-01 3.259365680E-03
 2.985217273E-01 3.245801432E-03
 3.011947274E-01 3.231907031E-03
 3.038803041E-01 3.217565361E-03
 3.065784574E-01 3.202722175E-03
 3.092890978E-01 3.187400522E-03
 3.120122850E-01 3.171627643E-03
 3.147479594E-01 3.155415412E-03
 3.174961209E-01 3.138772910E-03
 3.202567399E-01 3.121714108E-03
 3.230297565E-01 3.104264848E-03
 3.258152306E-01 3.086461453E-03
 3.286130428E-01 3.068320220E-03
 3.314232230E-01 3.049865598E-03
 3.342457414E-01 3.031223780E-03
 3.370805681E-01 3.012478817E-03
 3.399276435E-01 2.993577626E-03
 3.427869678E-01 2.974504605E-03
 3.456584811E-01 2.955334261E-03
 3.485421836E-01 2.936155302E-03
 3.514380157E-01 2.916996134E-03
 3.543459177E-01 2.897832775E-03
 3.572659194E-01 2.878734842E-03
 3.601979017E-01 2.859815490E-03
 3.631418645E-01 2.841029782E-03
 3.660977483E-01 2.822365379E-03
 3.690654933E-01 2.804092364E-03
 3.720450699E-01 2.786196768E-03
 3.750364482E-01 2.768455539E-03
 3.780395389E-01 2.751272870E-03
 3.810542822E-01 2.734661801E-03
 3.840806186E-01 2.718377160E-03
 3.871185184E-01 2.702833386E-03
 3.901678622E-01 2.687840490E-03
 3.932286203E-01 2.673497889E-03
 3.963007331E-01 2.660061698E-03
 3.993840814E-01 2.647276502E-03
 4.024785757E-01 2.635398880E-03
 4.055841863E-01 2.624403918E-03
 4.087007940E-01 2.614319790E-03
 4.118283093E-01 2.605261281E-03
 4.149666429E-01 2.597206039E-03
 4.181156456E-01 2.590272808E-03
 4.212752879E-01 2.584432950E-03
 4.244453907E-01 2.579798456E-03
 4.276258647E-01 2.576345112E-03
 4.308166206E-01 2.574150218E-03
 4.340174794E-01 2.573282924E-03
 4.372283220E-01 2.573679667E-03
 4.404490292E-01 2.575573977E-03
 4.436794519E-01 2.578791231E-03
 4.469194710E-01 2.583426889E-03
 4.501688778E-01 2.589589916E-03
 4.534275532E-01 2.597134793E-03
 4.566953778E-01 2.606351860E-03
 4.599721134E-01 2.617086750E-03
 4.632576406E-01 2.629271243E-03
 4.665518105E-01 2.643241780E-03
 4.698544145E-01 2.658843296E-03
 4.731652737E-01 2.675938653E-03
 4.764842689E-01 2.694806317E-03
 4.798111618E-01 2.715481445E-03
 4.831458032E-01 2.737709088E-03
 4.864880145E-01 2.761594485E-03
 4.898376465E-01 2.787439618E-03
 4.931944907E-01 2.815054031E-03
 4.965583980E-01 2.844223753E-03
 4.999292195E-01 2.875193721E-03
 5.033067465E-01 2.908153925E-03
 5.066908002E-01 2.942914376E-03
 5.100812912E-01 2.979252255E-03
 5.134780407E-01 3.017349634E-03
 5.168808699E-01 3.057498252E-03
 5.202897191E-01 3.099529771E-03
 5.237043500E-01 3.143228590E-03
 5.271247625E-01 3.188562347E-03
 5.305507779E-01 3.235711716E-03
 5.339823365E-01 3.284859005E-03
 5.374191999E-01 3.335803049E-03
 5.408614874E-01 3.388380166E-03
 5.443089604E-01 3.442572663E-03
 5.477616787E-01 3.498375881E-03
 5.512195230E-01 3.555892268E-03
 5.546824932E-01 3.615166992E-03
 5.581504703E-01 3.676041495E-03
 5.616235137E-01 3.738428699E-03
 5.651015639E-01 3.802307881E-03
 5.685847402E-01 3.867651336E-03
 5.720728636E-01 3.934444394E-03
 5.755661130E-01 4.002657253E-03
 5.790644884E-01 4.072288051E-03
 5.825679898E-01 4.143159837E-03
 5.860767365E-01 4.214686807E-03
 5.895906687E-01 4.285261501E-03
 5.931099653E-01 4.352634773E-03
 5.966346264E-01 4.425496794E-03
 6.001648307E-01 4.514231347E-03
 6.037005186E-01 4.603283014E-03
 6.072419286E-01 4.678482190E-03
 6.107890606E-01 4.750492517E-03
 6.143419743E-01 4.826737568E-03
 6.179008484E-01 4.904906265E-03
 6.214657426E-01 4.983529449E-03
 6.250367761E-01 5.062104203E-03
 6.286140084E-01 5.140406545E-03
 6.321974993E-01 5.218255799E-03
 6.357874274E-01 5.295463372E-03
 6.393837333E-01 5.371825304E-03
 6.429865360E-01 5.447124131E-03
 6.465959549E-01 5.521133542E-03
 6.502119303E-01 5.593617447E-03
 6.538345814E-01 5.664322525E-03
 6.574639082E-01 5.732990801E-03
 6.610997915E-01 5.799360108E-03
 6.647424102E-01 5.863158032E-03
 6.683915854E-01 5.924107973E-03
 6.720473170E-01 5.981928669E-03
 6.757094860E-01 6.036338862E-03
 6.793780923E-01 6.087060086E-03
 6.830529571E-01 6.133828312E-03
 6.867339015E-01 6.176357158E-03
 6.904208660E-01 6.214437541E-03
 6.941135526E-01 6.247740239E-03
 6.978118420E-01 6.275581662E-03
 7.015154362E-01 6.297729444E-03
 7.052240968E-01 6.314492784E-03
 7.089375854E-01 6.325787865E-03
 7.126555443E-01 6.331210025E-03
 7.163776159E-01 6.330580451E-03
 7.201035023E-01 6.323831156E-03
 7.238328457E-01 6.310512777E-03
 7.275652289E-01 6.290151272E-03
 7.313002348E-01 6.263087504E-03
 7.350375056E-01 6.229950581E-03
 7.387765050E-01 6.190683693E-03
 7.425169349E-01 6.145171821E-03
 7.462582588E-01 6.093474105E-03
 7.500000000E-01 6.035035010E-03
 7.537417412E-01 5.969908554E-03
 7.574830651E-01 5.899331532E-03
 7.612234950E-01 5.823825020E-03
 7.649624944E-01 5.743192974E-03
 7.686997652E-01 5.657635164E-03
 7.724347711E-01 5.567197222E-03
 7.761671543E-01 5.471876357E-03
 7.798964977E-01 5.372459535E-03
 7.836223841E-01 5.269854330E-03
 7.873444557E-01 5.164338276E-03
 7.910624146E-01 5.056020804E-03
 7.947759032E-01 4.945307504E-03
 7.984845638E-01 4.832582083E-03
 8.021881580E-01 4.717907403E-03
 8.058864474E-01 4.601641558E-03
 8.095791340E-01 4.484630190E-03
 8.132660985E-01 4.367387388E-03
 8.169470429E-01 4.250035156E-03
 8.206219077E-01 4.132844973E-03
 8.242905140E-01 4.016178194E-03
 8.279526830E-01 3.900349606E-03
 8.316084146E-01 3.785660025E-03
 8.352575898E-01 3.672392806E-03
 8.389002085E-01 3.560804063E-03
 8.425360918E-01 3.451116616E-03
 8.461654186E-01 3.343534889E-03
 8.497880697E-01 3.238249337E-03
 8.534040451E-01 3.135432722E-03
 8.570134640E-01 3.035235684E-03
 8.606162667E-01 2.937793033E-03
 8.642125726E-01 2.843225840E-03
 8.678025007E-01 2.751637017E-03
 8.713859916E-01 2.663115272E-03
 8.749632239E-01 2.577736275E-03
 8.785342574E-01 2.495575929E-03
 8.820991516E-01 2.416776959E-03
 8.856580257E-01 2.341701882E-03
 8.892109394E-01 2.271164674E-03
 8.927580714E-01 2.205834957E-03
 8.962994814E-01 2.141385106E-03
 8.998351693E-01 2.072575269E-03
 9.033653736E-01 2.006380120E-03
 9.068900347E-01 1.950750710E-03
 9.104093313E-01 1.901352196E-03
 9.139232635E-01 1.853609923E-03
 9.174320102E-01 1.807922032E-03
 9.209355116E-01 1.764894463E-03
 9.244338870E-01 1.724743517E-03
 9.279271364E-01 1.687495736E-03
 9.314152598E-01 1.653087791E-03
 9.348984361E-01 1.621448668E-03
 9.383764863E-01 1.592485234E-03
 9.418495297E-01 1.566172461E-03
 9.453175068E-01 1.542487997E-03
 9.487804770E-01 1.521286904E-03
 9.522383213E-01 1.502457540E-03
 9.556910396E-01 1.485913061E-03
 9.591385126E-01 1.471531228E-03
 9.625808001E-01 1.459311461E-03
 9.660176635E-01 1.449270989E-03
 9.694492221E-01 1.441253698E-03
 9.728752375E-01 1.435118844E-03
 9.762956500E-01 1.430738601E-03
 9.797102809E-01 1.428122050E-03
 9.831191301E-01 1.427340088E-03
 9.865219593E-01 1.428231946E-03
 9.899187088E-01 1.430603210E-03
 9.933091998E-01 1.434403704E-03
 9.966932535E-01 1.439719228E-03
 1.000070810E+00 1.446505310E-03
 1.003441572E+00 1.454526326E-03
 1.006805539E+00 1.463736990E-03
 1.010162354E+00 1.474254415E-03
 1.013512015E+00 1.485964516E-03
 1.016854167E+00 1.498661935E-03
 1.020188808E+00 1.512398943E-03
 1.023515701E+00 1.527225715E-03
 1.026834726E+00 1.542904996E-03
 1.030145645E+00 1.559438067E-03
 1.033448219E+00 1.576905721E-03
 1.036742330E+00 1.595073962E-03
 1.040027857E+00 1.613975619E-03
 1.043304682E+00 1.633592299E-03
 1.046572447E+00 1.653773710E-03
 1.049831152E+00 1.674607978E-03
 1.053080559E+00 1.695900806E-03
 1.056320548E+00 1.717667095E-03
 1.059551001E+00 1.739918836E-03
 1.062771678E+00 1.762494096E-03
 1.065982580E+00 1.785454573E-03
 1.069183350E+00 1.808654983E-03
 1.072374105E+00 1.832092879E-03
 1.075554609E+00 1.855720417E-03
 1.078724742E+00 1.879466698E-03
 1.081884384E+00 1.903328230E-03
 1.085033417E+00 1.927206176E-03
 1.088171721E+00 1.951111946E-03
 1.091299176E+00 1.974939834E-03
 1.094415784E+00 1.998704858E-03
 1.097521424E+00 2.022302011E-03
 1.100615978E+00 2.045714296E-03
 1.103699327E+00 2.069020877E-03
 1.106771350E+00 2.091941889E-03
 1.109832168E+00 2.114646602E-03
 1.112881541E+00 2.136997180E-03
 1.115919352E+00 2.158914227E-03
 1.118945718E+00 2.180597046E-03
 1.121960521E+00 2.201681025E-03
 1.124963522E+00 2.222327515E-03
 1.127954960E+00 2.242640359E-03
 1.130934477E+00 2.262282185E-03
 1.133902311E+00 2.281372203E-03
 1.136858106E+00 2.300013788E-03
 1.139802098E+00 2.318044659E-03
 1.142734051E+00 2.335429890E-03
 1.145654082E+00 2.352219773E-03
 1.148561954E+00 2.368401038E-03
 1.151457787E+00 2.383958548E-03
 1.154341459E+00 2.398905810E-03
 1.157212973E+00 2.413231647E-03
 1.160072327E+00 2.426912077E-03
 1.162919402E+00 2.439941280E-03
 1.165754199E+00 2.452373737E-03
 1.168576717E+00 2.464284655E-03
 1.171386957E+00 2.475635149E-03
 1.174184799E+00 2.486359095E-03
 1.176970243E+00 2.496480942E-03
 1.179743290E+00 2.506031422E-03
 1.182503939E+00 2.515021013E-03
 1.185252070E+00 2.523466246E-03
 1.187987685E+00 2.531393198E-03
 1.190710902E+00 2.538833767E-03
 1.193421602E+00 2.545817988E-03
 1.196119666E+00 2.552364720E-03
 1.198805213E+00 2.558493754E-03
 1.201478243E+00 2.564279828E-03
 1.204138756E+00 2.569834702E-03
 1.206786513E+00 2.575206803E-03
 1.209421754E+00 2.580386586E-03
 1.212044358E+00 2.585365437E-03
 1.214654326E+00 2.590148477E-03
 1.217251658E+00 2.594744321E-03
 1.219836354E+00 2.599163679E-03
 1.222408414E+00 2.603415865E-03
 1.224967718E+00 2.607510192E-03
 1.227514505E+00 2.611455042E-03
 1.230048537E+00 2.615258098E-03
 1.232569814E+00 2.618926112E-03
 1.235078573E+00 2.622465603E-03
 1.237574458E+00 2.625883091E-03
 1.240057826E+00 2.629184397E-03
 1.242528439E+00 2.632374642E-03
 1.244986415E+00 2.635458950E-03
 1.247431755E+00 2.638442209E-03
 1.249864459E+00 2.641328843E-03
 1.252284408E+00 2.644122811E-03
 1.254691720E+00 2.646828303E-03
 1.257086396E+00 2.649449278E-03
 1.259468317E+00 2.651988761E-03
 1.261837721E+00 2.654450713E-03
 1.264194489E+00 2.656837692E-03
 1.266538620E+00 2.659152960E-03
 1.268870234E+00 2.661399543E-03
 1.271189094E+00 2.663580235E-03
 1.273495436E+00 2.665697131E-03
 1.275789261E+00 2.667753026E-03
 1.278070450E+00 2.669750014E-03
 1.280339241E+00 2.671690425E-03
 1.282595396E+00 2.673576353E-03
 1.284839034E+00 2.675409894E-03
 1.287070274E+00 2.677193144E-03
 1.289288998E+00 2.678927500E-03
 1.291495204E+00 2.680614823E-03
 1.293689013E+00 2.682256978E-03
 1.295870543E+00 2.683855360E-03
 1.298039556E+00 2.685411600E-03
 1.300196171E+00 2.686927095E-03
 1.302340508E+00 2.688403474E-03
 1.304472566E+00 2.689842135E-03
 1.306592226E+00 2.691243775E-03
 1.308699608E+00 2.692610258E-03
 1.310794830E+00 2.693942515E-03
 1.312877774E+00 2.695241710E-03
 1.314948559E+00 2.696508775E-03
 1.317007184E+00 2.697745105E-03
 1.319053650E+00 2.698951634E-03
 1.321087956E+00 2.700129058E-03
 1.323110223E+00 2.701278776E-03
 1.325120449E+00 2.702401252E-03
 1.327118635E+00 2.703497652E-03
 1.329104900E+00 2.704568673E-03
 1.331079125E+00 2.705615247E-03
 1.333041430E+00 2.706638072E-03
 1.334991932E+00 2.707638079E-03
 1.336930394E+00 2.708615735E-03
 1.338857174E+00 2.709571971E-03
 1.340772152E+00 2.710507251E-03
 1.342675328E+00 2.711422509E-03
 1.344566703E+00 2.712318208E-03
 1.346446514E+00 2.713194815E-03
 1.348314643E+00 2.714053262E-03
 1.350171089E+00 2.714894013E-03
 1.352015972E+00 2.715717535E-03
 1.353849292E+00 2.716524526E-03
 1.355671167E+00 2.717315685E-03
 1.357481599E+00 2.718091011E-03
 1.359280586E+00 2.718851203E-03
 1.361068130E+00 2.719596960E-03
 1.362844348E+00 2.720328746E-03
 1.364609241E+00 2.721046563E-03
 1.366362810E+00 2.721751342E-03
 1.368105292E+00 2.722443547E-03
 1.369836450E+00 2.723123180E-03
 1.371556520E+00 2.723790938E-03
 1.373265505E+00 2.724447288E-03
 1.374963284E+00 2.725092694E-03
 1.376650214E+00 2.725726925E-03
 1.378326058E+00 2.726351144E-03
 1.379991055E+00 2.726965118E-03
 1.381645083E+00 2.727569547E-03
 1.383288264E+00 2.728164429E-03
 1.384920597E+00 2.728750696E-03
 1.386542201E+00 2.729328116E-03
 1.388153076E+00 2.729897387E-03
 1.389753342E+00 2.730458509E-03
 1.391342878E+00 2.731012180E-03
 1.392921805E+00 2.731558401E-03
 1.394490242E+00 2.732097404E-03
 1.396048188E+00 2.732629888E-03
 1.397595763E+00 2.733155619E-03
 1.399132848E+00 2.733675297E-03
 1.400659561E+00 2.734189155E-03
 1.402175903E+00 2.734697191E-03
 1.403681993E+00 2.735200105E-03
 1.405177951E+00 2.735697897E-03
 1.406663656E+00 2.736190800E-03
 1.408139229E+00 2.736679278E-03
 1.409604788E+00 2.737163333E-03
 1.411060214E+00 2.737643663E-03
 1.412505746E+00 2.738120034E-03
 1.413941264E+00 2.738593146E-03
 1.415366888E+00 2.739062998E-03
 1.416782618E+00 2.739529824E-03
 1.418188691E+00 2.739993855E-03
 1.419584870E+00 2.740455559E-03
 1.420971394E+00 2.740914933E-03
 1.422348261E+00 2.741372678E-03
 1.423715472E+00 2.741828561E-03
 1.425073266E+00 2.742283279E-03
 1.426421404E+00 2.742736833E-03
 1.427760124E+00 2.743189456E-03
 1.429089427E+00 2.743641613E-03
 1.430409312E+00 2.744093537E-03
 1.431719899E+00 2.744545229E-03
 1.433021188E+00 2.744997619E-03
 1.434313297E+00 2.745450241E-03
 1.435596228E+00 2.745903796E-03
 1.436869979E+00 2.746358747E-03
 1.438134670E+00 2.746815095E-03
 1.439390421E+00 2.747273305E-03
 1.440637112E+00 2.747733612E-03
 1.441874743E+00 2.748196479E-03
 1.443103671E+00 2.748662373E-03
 1.444323659E+00 2.749131527E-03
 1.445534945E+00 2.749604173E-03
 1.446737409E+00 2.750081243E-03
 1.447931170E+00 2.750562504E-03
 1.449116349E+00 2.751048887E-03
 1.450292826E+00 2.751540858E-03
 1.451460838E+00 2.752038650E-03
 1.452620268E+00 2.752542961E-03
 1.453771353E+00 2.753054257E-03
 1.454913974E+00 2.753573237E-03
 1.456048250E+00 2.754100598E-03
 1.457174182E+00 2.754637040E-03
 1.458291888E+00 2.755183028E-03
 1.459401369E+00 2.755739726E-03
 1.460502625E+00 2.756307833E-03
 1.461595893E+00 2.756888513E-03
 1.462680936E+00 2.757482231E-03
 1.463758111E+00 2.758090617E-03
 1.464827180E+00 2.758714836E-03
 1.465888381E+00 2.759355819E-03
 1.466941714E+00 2.760015428E-03
 1.467987180E+00 2.760695061E-03
 1.469024777E+00 2.761396347E-03
 1.470054746E+00 2.762121381E-03
 1.471076965E+00 2.762872493E-03
 1.472091556E+00 2.763651777E-03
 1.473098636E+00 2.764462261E-03
 1.474098086E+00 2.765306504E-03
 1.475089908E+00 2.766188467E-03
 1.476074457E+00 2.767111873E-03
 1.477051497E+00 2.768081147E-03
 1.478021145E+00 2.769101411E-03
 1.478983521E+00 2.770178486E-03
 1.479938626E+00 2.771319356E-03
 1.480886459E+00 2.772531705E-03
 1.481827140E+00 2.773824614E-03
 1.482760668E+00 2.775209723E-03
 1.483687043E+00 2.776699606E-03
 1.484606385E+00 2.778310562E-03
 1.485518813E+00 2.780061914E-03
 1.486424208E+00 2.781976247E-03
 1.487322688E+00 2.784080105E-03
 1.488214374E+00 2.786403289E-03
 1.489099145E+00 2.788983751E-03
 1.489977121E+00 2.791882027E-03
 1.490848422E+00 2.795215463E-03
 1.491712928E+00 2.799206180E-03
 1.492570877E+00 2.804203890E-03
 1.493422151E+00 2.810562728E-03
 1.494266987E+00 2.818141598E-03
 1.495105147E+00 2.825193806E-03
 1.495936871E+00 2.826567506E-03
 1.496762276E+00 2.811688231E-03
 1.497581124E+00 2.762617776E-03
 1.498393774E+00 2.656455850E-03
 1.499199986E+00 3.214552999E-03
 1.500000000E+00 3.848344553E-03
