VARIABLES = "X","Y","mut"
ZONE T="CFL3D"
 7.500000000E-01 5.000025034E-02 7.315496407E-13
 7.500000000E-01 5.000074208E-02 1.111806272E-10
 7.500000000E-01 5.000124127E-02 2.105785324E-09
 7.500000000E-01 5.000174046E-02 1.529073046E-08
 7.500000000E-01 5.000223219E-02 6.676069120E-08
 7.500000000E-01 5.000273138E-02 2.144516884E-07
 7.500000000E-01 5.000323057E-02 5.623172115E-07
 7.500000000E-01 5.000372976E-02 1.277522188E-06
 7.500000000E-01 5.000422895E-02 2.609733656E-06
 7.500000000E-01 5.000473559E-02 4.912674285E-06
 7.500000000E-01 5.000524223E-02 8.668157534E-06
 7.500000000E-01 5.000574887E-02 1.451287244E-05
 7.500000000E-01 5.000625551E-02 2.326820140E-05
 7.500000000E-01 5.000676960E-02 3.597340401E-05
 7.500000000E-01 5.000728369E-02 5.392252933E-05
 7.500000000E-01 5.000780523E-02 7.870534318E-05
 7.500000000E-01 5.000832677E-02 1.122527901E-04
 7.500000000E-01 5.000884831E-02 1.568871958E-04
 7.500000000E-01 5.000936985E-02 2.153777168E-04
 7.500000000E-01 5.000990629E-02 2.910013427E-04
 7.500000000E-01 5.001044273E-02 3.876097326E-04
 7.500000000E-01 5.001097918E-02 5.097023677E-04
 7.500000000E-01 5.001153052E-02 6.625060923E-04
 7.500000000E-01 5.001208186E-02 8.520608535E-04
 7.500000000E-01 5.001263320E-02 1.085312804E-03
 7.500000000E-01 5.001319200E-02 1.370212995E-03
 7.500000000E-01 5.001375079E-02 1.715823193E-03
 7.500000000E-01 5.001432449E-02 2.132426947E-03
 7.500000000E-01 5.001489818E-02 2.631646581E-03
 7.500000000E-01 5.001547933E-02 3.226561937E-03
 7.500000000E-01 5.001607537E-02 3.931836225E-03
 7.500000000E-01 5.001667142E-02 4.763839766E-03
 7.500000000E-01 5.001726747E-02 5.740773864E-03
 7.500000000E-01 5.001787841E-02 6.882794201E-03
 7.500000000E-01 5.001848936E-02 8.212123998E-03
 7.500000000E-01 5.001911521E-02 9.753165767E-03
 7.500000000E-01 5.001974851E-02 1.153258979E-02
 7.500000000E-01 5.002038181E-02 1.357942540E-02
 7.500000000E-01 5.002103746E-02 1.592510939E-02
 7.500000000E-01 5.002169311E-02 1.860353351E-02
 7.500000000E-01 5.002235621E-02 2.165104821E-02
 7.500000000E-01 5.002303421E-02 2.510644495E-02
 7.500000000E-01 5.002371222E-02 2.901089936E-02
 7.500000000E-01 5.002440512E-02 3.340788558E-02
 7.500000000E-01 5.002510548E-02 3.834304214E-02
 7.500000000E-01 5.002582073E-02 4.386398196E-02
 7.500000000E-01 5.002655089E-02 5.002013966E-02
 7.500000000E-01 5.002728105E-02 5.686245114E-02
 7.500000000E-01 5.002802610E-02 6.444312632E-02
 7.500000000E-01 5.002878606E-02 7.281532139E-02
 7.500000000E-01 5.002955347E-02 8.203278482E-02
 7.500000000E-01 5.003033578E-02 9.214954078E-02
 7.500000000E-01 5.003112555E-02 1.032195017E-01
 7.500000000E-01 5.003193021E-02 1.152961031E-01
 7.500000000E-01 5.003274977E-02 1.284319013E-01
 7.500000000E-01 5.003358424E-02 1.426783949E-01
 7.500000000E-01 5.003443360E-02 1.580857038E-01
 7.500000000E-01 5.003529042E-02 1.747018993E-01
 7.500000000E-01 5.003616214E-02 1.925733984E-01
 7.500000000E-01 5.003705621E-02 2.117443979E-01
 7.500000000E-01 5.003795028E-02 2.322567999E-01
 7.500000000E-01 5.003887415E-02 2.541500032E-01
 7.500000000E-01 5.003981292E-02 2.774612904E-01
 7.500000000E-01 5.004076660E-02 3.022254109E-01
 7.500000000E-01 5.004172772E-02 3.284746110E-01
 7.500000000E-01 5.004271865E-02 3.562391996E-01
 7.500000000E-01 5.004371703E-02 3.855473101E-01
 7.500000000E-01 5.004473776E-02 4.164251983E-01
 7.500000000E-01 5.004577339E-02 4.488972127E-01
 7.500000000E-01 5.004683137E-02 4.829863012E-01
 7.500000000E-01 5.004790425E-02 5.187140107E-01
 7.500000000E-01 5.004900694E-02 5.561004877E-01
 7.500000000E-01 5.005011708E-02 5.951656103E-01
 7.500000000E-01 5.005125701E-02 6.359276772E-01
 7.500000000E-01 5.005240440E-02 6.784049869E-01
 7.500000000E-01 5.005358905E-02 7.226154804E-01
 7.500000000E-01 5.005478859E-02 7.685766220E-01
 7.500000000E-01 5.005601048E-02 8.163059950E-01
 7.500000000E-01 5.005725473E-02 8.658211231E-01
 7.500000000E-01 5.005852133E-02 9.171398282E-01
 7.500000000E-01 5.005981028E-02 9.702802896E-01
 7.500000000E-01 5.006112903E-02 1.025261045E+00
 7.500000000E-01 5.006247014E-02 1.082100987E+00
 7.500000000E-01 5.006383359E-02 1.140820026E+00
 7.500000000E-01 5.006523430E-02 1.201437950E+00
 7.500000000E-01 5.006664991E-02 1.263975978E+00
 7.500000000E-01 5.006809533E-02 1.328454971E+00
 7.500000000E-01 5.006957054E-02 1.394896984E+00
 7.500000000E-01 5.007107556E-02 1.463325977E+00
 7.500000000E-01 5.007259548E-02 1.533764958E+00
 7.500000000E-01 5.007416010E-02 1.606238008E+00
 7.500000000E-01 5.007575452E-02 1.680770993E+00
 7.500000000E-01 5.007737875E-02 1.757388949E+00
 7.500000000E-01 5.007902533E-02 1.836119056E+00
 7.500000000E-01 5.008071661E-02 1.916988969E+00
 7.500000000E-01 5.008243024E-02 2.000025988E+00
 7.500000000E-01 5.008418113E-02 2.085258007E+00
 7.500000000E-01 5.008596182E-02 2.172717094E+00
 7.500000000E-01 5.008778721E-02 2.262432098E+00
 7.500000000E-01 5.008964241E-02 2.354433060E+00
 7.500000000E-01 5.009153485E-02 2.448753119E+00
 7.500000000E-01 5.009346455E-02 2.545423031E+00
 7.500000000E-01 5.009543896E-02 2.644475937E+00
 7.500000000E-01 5.009743571E-02 2.745944977E+00
 7.500000000E-01 5.009949207E-02 2.849864960E+00
 7.500000000E-01 5.010157824E-02 2.956269979E+00
 7.500000000E-01 5.010370165E-02 3.065195084E+00
 7.500000000E-01 5.010586977E-02 3.176676035E+00
 7.500000000E-01 5.010809004E-02 3.290747881E+00
 7.500000000E-01 5.011034012E-02 3.407449007E+00
 7.500000000E-01 5.011264980E-02 3.526815891E+00
 7.500000000E-01 5.011498928E-02 3.648885965E+00
 7.500000000E-01 5.011738837E-02 3.773698092E+00
 7.500000000E-01 5.011983216E-02 3.901288986E+00
 7.500000000E-01 5.012232065E-02 4.031700134E+00
 7.500000000E-01 5.012486875E-02 4.164968014E+00
 7.500000000E-01 5.012746155E-02 4.301135063E+00
 7.500000000E-01 5.013009906E-02 4.440238953E+00
 7.500000000E-01 5.013279617E-02 4.582322121E+00
 7.500000000E-01 5.013555288E-02 4.727424145E+00
 7.500000000E-01 5.013835430E-02 4.875586987E+00
 7.500000000E-01 5.014121532E-02 5.026850224E+00
 7.500000000E-01 5.014413595E-02 5.181255817E+00
 7.500000000E-01 5.014711618E-02 5.338848114E+00
 7.500000000E-01 5.015015602E-02 5.499666214E+00
 7.500000000E-01 5.015325546E-02 5.663753986E+00
 7.500000000E-01 5.015641451E-02 5.831151962E+00
 7.500000000E-01 5.015963316E-02 6.001904011E+00
 7.500000000E-01 5.016292632E-02 6.176053047E+00
 7.500000000E-01 5.016627908E-02 6.353641033E+00
 7.500000000E-01 5.016970634E-02 6.534709930E+00
 7.500000000E-01 5.017320067E-02 6.719305038E+00
 7.500000000E-01 5.017676204E-02 6.907465935E+00
 7.500000000E-01 5.018039793E-02 7.099236965E+00
 7.500000000E-01 5.018410832E-02 7.294661045E+00
 7.500000000E-01 5.018789321E-02 7.493779182E+00
 7.500000000E-01 5.019175261E-02 7.696634769E+00
 7.500000000E-01 5.019569397E-02 7.903271198E+00
 7.500000000E-01 5.019970238E-02 8.113727570E+00
 7.500000000E-01 5.020380765E-02 8.328046799E+00
 7.500000000E-01 5.020798743E-02 8.546270370E+00
 7.500000000E-01 5.021224916E-02 8.768440247E+00
 7.500000000E-01 5.021660775E-02 8.994595528E+00
 7.500000000E-01 5.022104830E-02 9.224777222E+00
 7.500000000E-01 5.022557825E-02 9.459023476E+00
 7.500000000E-01 5.023020506E-02 9.697374344E+00
 7.500000000E-01 5.023491383E-02 9.939868927E+00
 7.500000000E-01 5.023972690E-02 1.018653965E+01
 7.500000000E-01 5.024463683E-02 1.043743992E+01
 7.500000000E-01 5.024965107E-02 1.069258976E+01
 7.500000000E-01 5.025476217E-02 1.095203018E+01
 7.500000000E-01 5.025997013E-02 1.121578979E+01
 7.500000000E-01 5.026528984E-02 1.148390961E+01
 7.500000000E-01 5.027072132E-02 1.175642014E+01
 7.500000000E-01 5.027624965E-02 1.203335953E+01
 7.500000000E-01 5.028190464E-02 1.231474018E+01
 7.500000000E-01 5.028767139E-02 1.260060978E+01
 7.500000000E-01 5.029354990E-02 1.289099026E+01
 7.500000000E-01 5.029955506E-02 1.318591022E+01
 7.500000000E-01 5.030567944E-02 1.348540974E+01
 7.500000000E-01 5.031192303E-02 1.378952026E+01
 7.500000000E-01 5.031830072E-02 1.409825993E+01
 7.500000000E-01 5.032479763E-02 1.441166973E+01
 7.500000000E-01 5.033143610E-02 1.472978020E+01
 7.500000000E-01 5.033820868E-02 1.505261993E+01
 7.500000000E-01 5.034511536E-02 1.538020992E+01
 7.500000000E-01 5.035216361E-02 1.571257973E+01
 7.500000000E-01 5.035935342E-02 1.604976082E+01
 7.500000000E-01 5.036669225E-02 1.639175987E+01
 7.500000000E-01 5.037418008E-02 1.673863029E+01
 7.500000000E-01 5.038182437E-02 1.709037018E+01
 7.500000000E-01 5.038961768E-02 1.744701958E+01
 7.500000000E-01 5.039756745E-02 1.780858994E+01
 7.500000000E-01 5.040568113E-02 1.817510986E+01
 7.500000000E-01 5.041396618E-02 1.854659081E+01
 7.500000000E-01 5.042241514E-02 1.892304039E+01
 7.500000000E-01 5.043102801E-02 1.930450058E+01
 7.500000000E-01 5.043982714E-02 1.969098091E+01
 7.500000000E-01 5.044880509E-02 2.008247948E+01
 7.500000000E-01 5.045795441E-02 2.047903061E+01
 7.500000000E-01 5.046729743E-02 2.088064003E+01
 7.500000000E-01 5.047683418E-02 2.128731918E+01
 7.500000000E-01 5.048656464E-02 2.169908905E+01
 7.500000000E-01 5.049648881E-02 2.211595917E+01
 7.500000000E-01 5.050661415E-02 2.253792953E+01
 7.500000000E-01 5.051694810E-02 2.296501923E+01
 7.500000000E-01 5.052749068E-02 2.339723969E+01
 7.500000000E-01 5.053824186E-02 2.383459091E+01
 7.500000000E-01 5.054922402E-02 2.427709007E+01
 7.500000000E-01 5.056042224E-02 2.472475052E+01
 7.500000000E-01 5.057185143E-02 2.517756081E+01
 7.500000000E-01 5.058351159E-02 2.563554955E+01
 7.500000000E-01 5.059541017E-02 2.609870911E+01
 7.500000000E-01 5.060754716E-02 2.656706047E+01
 7.500000000E-01 5.061994493E-02 2.704060936E+01
 7.500000000E-01 5.063258111E-02 2.751935959E+01
 7.500000000E-01 5.064547062E-02 2.800333023E+01
 7.500000000E-01 5.065863580E-02 2.849251938E+01
 7.500000000E-01 5.067206174E-02 2.898694992E+01
 7.500000000E-01 5.068576336E-02 2.948662949E+01
 7.500000000E-01 5.069974065E-02 2.999157906E+01
 7.500000000E-01 5.071400851E-02 3.050180054E+01
 7.500000000E-01 5.072855949E-02 3.101733017E+01
 7.500000000E-01 5.074341595E-02 3.153817940E+01
 7.500000000E-01 5.075857043E-02 3.206436920E+01
 7.500000000E-01 5.077403039E-02 3.259592819E+01
 7.500000000E-01 5.078980327E-02 3.313288879E+01
 7.500000000E-01 5.080591142E-02 3.367528915E+01
 7.500000000E-01 5.082233250E-02 3.422314835E+01
 7.500000000E-01 5.083909631E-02 3.477653122E+01
 7.500000000E-01 5.085619539E-02 3.533546066E+01
 7.500000000E-01 5.087364465E-02 3.590000916E+01
 7.500000000E-01 5.089145154E-02 3.647021866E+01
 7.500000000E-01 5.090962350E-02 3.704616928E+01
 7.500000000E-01 5.092816055E-02 3.762791061E+01
 7.500000000E-01 5.094707012E-02 3.821554184E+01
 7.500000000E-01 5.096637458E-02 3.880913162E+01
 7.500000000E-01 5.098606646E-02 3.940877914E+01
 7.500000000E-01 5.100616813E-02 4.001457977E+01
 7.500000000E-01 5.102667212E-02 4.062667084E+01
 7.500000000E-01 5.104759336E-02 4.124515152E+01
 7.500000000E-01 5.106893927E-02 4.187015915E+01
 7.500000000E-01 5.109071732E-02 4.250183868E+01
 7.500000000E-01 5.111294985E-02 4.314035034E+01
 7.500000000E-01 5.113562942E-02 4.378585815E+01
 7.500000000E-01 5.115877092E-02 4.443854904E+01
 7.500000000E-01 5.118238181E-02 4.509862137E+01
 7.500000000E-01 5.120646954E-02 4.576626968E+01
 7.500000000E-01 5.123105645E-02 4.644173813E+01
 7.500000000E-01 5.125615001E-02 4.712525940E+01
 7.500000000E-01 5.128173530E-02 4.781710052E+01
 7.500000000E-01 5.130785704E-02 4.851752853E+01
 7.500000000E-01 5.133450776E-02 4.922684097E+01
 7.500000000E-01 5.136169493E-02 4.994533157E+01
 7.500000000E-01 5.138944089E-02 5.067335129E+01
 7.500000000E-01 5.141775310E-02 5.141122055E+01
 7.500000000E-01 5.144664645E-02 5.215932846E+01
 7.500000000E-01 5.147612095E-02 5.291804886E+01
 7.500000000E-01 5.150619894E-02 5.368778992E+01
 7.500000000E-01 5.153688788E-02 5.446895981E+01
 7.500000000E-01 5.156820267E-02 5.526200104E+01
 7.500000000E-01 5.160015821E-02 5.606737900E+01
 7.500000000E-01 5.163276196E-02 5.688555145E+01
 7.500000000E-01 5.166602880E-02 5.771701813E+01
 7.500000000E-01 5.169997364E-02 5.856227112E+01
 7.500000000E-01 5.173461139E-02 5.942184067E+01
 7.500000000E-01 5.176995695E-02 6.029624176E+01
 7.500000000E-01 5.180601776E-02 6.118600845E+01
 7.500000000E-01 5.184280872E-02 6.209170151E+01
 7.500000000E-01 5.188035965E-02 6.301385117E+01
 7.500000000E-01 5.191867054E-02 6.395301056E+01
 7.500000000E-01 5.195776373E-02 6.490972900E+01
 7.500000000E-01 5.199765414E-02 6.588453674E+01
 7.500000000E-01 5.203835666E-02 6.687798309E+01
 7.500000000E-01 5.207988620E-02 6.789053345E+01
 7.500000000E-01 5.212226510E-02 6.892272949E+01
 7.500000000E-01 5.216550082E-02 6.997502136E+01
 7.500000000E-01 5.220961571E-02 7.104783630E+01
 7.500000000E-01 5.225463957E-02 7.214157104E+01
 7.500000000E-01 5.230057240E-02 7.325657654E+01
 7.500000000E-01 5.234745145E-02 7.439315033E+01
 7.500000000E-01 5.239526927E-02 7.555152893E+01
 7.500000000E-01 5.244407058E-02 7.673188782E+01
 7.500000000E-01 5.249387026E-02 7.793433380E+01
 7.500000000E-01 5.254468322E-02 7.915886688E+01
 7.500000000E-01 5.259652436E-02 8.040544128E+01
 7.500000000E-01 5.264942348E-02 8.167386627E+01
 7.500000000E-01 5.270341039E-02 8.296389008E+01
 7.500000000E-01 5.275848508E-02 8.427512360E+01
 7.500000000E-01 5.281468481E-02 8.560709381E+01
 7.500000000E-01 5.287203193E-02 8.695915222E+01
 7.500000000E-01 5.293054879E-02 8.833059692E+01
 7.500000000E-01 5.299025029E-02 8.972055817E+01
 7.500000000E-01 5.305117369E-02 9.112802887E+01
 7.500000000E-01 5.311334133E-02 9.255187225E+01
 7.500000000E-01 5.317676812E-02 9.399083710E+01
 7.500000000E-01 5.324149132E-02 9.544351196E+01
 7.500000000E-01 5.330753326E-02 9.690837097E+01
 7.500000000E-01 5.337491632E-02 9.838374329E+01
 7.500000000E-01 5.344367027E-02 9.986782837E+01
 7.500000000E-01 5.351383239E-02 1.013587036E+02
 7.500000000E-01 5.358542502E-02 1.028544006E+02
 7.500000000E-01 5.365847051E-02 1.043526993E+02
 7.500000000E-01 5.373300612E-02 1.058515015E+02
 7.500000000E-01 5.380906165E-02 1.073481979E+02
 7.500000000E-01 5.388666689E-02 1.088405991E+02
 7.500000000E-01 5.396585166E-02 1.103262024E+02
 7.500000000E-01 5.404664576E-02 1.118023987E+02
 7.500000000E-01 5.412909389E-02 1.132665024E+02
 7.500000000E-01 5.421321094E-02 1.147160034E+02
 7.500000000E-01 5.429904908E-02 1.161481018E+02
 7.500000000E-01 5.438663065E-02 1.175602036E+02
 7.500000000E-01 5.447600782E-02 1.189496002E+02
 7.500000000E-01 5.456719548E-02 1.203134995E+02
 7.500000000E-01 5.466024578E-02 1.216492004E+02
 7.500000000E-01 5.475518852E-02 1.229541016E+02
 7.500000000E-01 5.485206842E-02 1.242255020E+02
 7.500000000E-01 5.495092273E-02 1.254608002E+02
 7.500000000E-01 5.505178869E-02 1.266574020E+02
 7.500000000E-01 5.515471101E-02 1.278127975E+02
 7.500000000E-01 5.525971949E-02 1.289244995E+02
 7.500000000E-01 5.536688119E-02 1.299900970E+02
 7.500000000E-01 5.547621846E-02 1.310070953E+02
 7.500000000E-01 5.558779091E-02 1.319732971E+02
 7.500000000E-01 5.570162833E-02 1.328863068E+02
 7.500000000E-01 5.581779033E-02 1.337440033E+02
 7.500000000E-01 5.593632162E-02 1.345442963E+02
 7.500000000E-01 5.605725944E-02 1.352848969E+02
 7.500000000E-01 5.618066341E-02 1.359636993E+02
 7.500000000E-01 5.630658567E-02 1.365787964E+02
 7.500000000E-01 5.643506348E-02 1.371280975E+02
 7.500000000E-01 5.656617135E-02 1.376094971E+02
 7.500000000E-01 5.669994652E-02 1.380211945E+02
 7.500000000E-01 5.683644116E-02 1.383610992E+02
 7.500000000E-01 5.697572231E-02 1.386271973E+02
 7.500000000E-01 5.711783469E-02 1.388175964E+02
 7.500000000E-01 5.726285279E-02 1.389302063E+02
 7.500000000E-01 5.741082132E-02 1.389627991E+02
 7.500000000E-01 5.756179988E-02 1.389134979E+02
 7.500000000E-01 5.771585554E-02 1.387799988E+02
 7.500000000E-01 5.787305534E-02 1.385599976E+02
 7.500000000E-01 5.803345144E-02 1.382512054E+02
 7.500000000E-01 5.819711089E-02 1.378509979E+02
 7.500000000E-01 5.836411566E-02 1.373569031E+02
 7.500000000E-01 5.853451788E-02 1.367660065E+02
 7.500000000E-01 5.870839208E-02 1.360753937E+02
 7.500000000E-01 5.888581276E-02 1.352816010E+02
 7.500000000E-01 5.906683952E-02 1.343813019E+02
 7.500000000E-01 5.925156176E-02 1.333703003E+02
 7.500000000E-01 5.944004655E-02 1.322442932E+02
 7.500000000E-01 5.963236094E-02 1.309978943E+02
 7.500000000E-01 5.982860923E-02 1.296253052E+02
 7.500000000E-01 6.002884358E-02 1.281194000E+02
 7.500000000E-01 6.023316085E-02 1.264716034E+02
 7.500000000E-01 6.044164300E-02 1.246715012E+02
 7.500000000E-01 6.065437198E-02 1.227060013E+02
 7.500000000E-01 6.087143719E-02 1.205587997E+02
 7.500000000E-01 6.109291315E-02 1.182089996E+02
 7.500000000E-01 6.131891161E-02 1.156296005E+02
 7.500000000E-01 6.154951453E-02 1.127855988E+02
 7.500000000E-01 6.178481132E-02 1.096314011E+02
 7.500000000E-01 6.202490628E-02 1.061078033E+02
 7.500000000E-01 6.226988137E-02 5.531423950E+01
 7.500000000E-01 6.251986325E-02 2.365279007E+01
 7.500000000E-01 6.277492642E-02 1.429533005E+01
 7.500000000E-01 6.303519011E-02 1.121586990E+01
 7.500000000E-01 6.330075860E-02 9.150851250E+00
 7.500000000E-01 6.357173622E-02 6.961594105E+00
 7.500000000E-01 6.384823471E-02 4.879573822E+00
 7.500000000E-01 6.413035840E-02 3.080631971E+00
 7.500000000E-01 6.441824138E-02 1.598885059E+00
 7.500000000E-01 6.471198052E-02 5.192610025E-01
 7.500000000E-01 6.501170993E-02 7.345285267E-02
 7.500000000E-01 6.531754136E-02 5.714300089E-03
 7.500000000E-01 6.562960893E-02 5.152006052E-04
 7.500000000E-01 6.594803184E-02 1.908317208E-04
 7.500000000E-01 6.627293676E-02 1.721784938E-04
 7.500000000E-01 6.660446525E-02 1.713640231E-04
 7.500000000E-01 6.694275141E-02 1.715767867E-04
 7.500000000E-01 6.728792191E-02 1.718781132E-04
 7.500000000E-01 6.764013320E-02 1.722180168E-04
 7.500000000E-01 6.799951196E-02 1.725944021E-04
 7.500000000E-01 6.836621463E-02 1.730075455E-04
 7.500000000E-01 6.874039024E-02 1.734576945E-04
 7.500000000E-01 6.912218779E-02 1.739449508E-04
 7.500000000E-01 6.951176375E-02 1.744692854E-04
 7.500000000E-01 6.990927458E-02 1.750305819E-04
 7.500000000E-01 7.031489164E-02 1.756285637E-04
 7.500000000E-01 7.072876394E-02 1.762629254E-04
 7.500000000E-01 7.115107030E-02 1.769332157E-04
 7.500000000E-01 7.158198208E-02 1.776390563E-04
 7.500000000E-01 7.202167064E-02 1.783799089E-04
 7.500000000E-01 7.247032225E-02 1.791553077E-04
 7.500000000E-01 7.292810827E-02 1.799647289E-04
 7.500000000E-01 7.339522243E-02 1.808076922E-04
 7.500000000E-01 7.387185097E-02 1.816837466E-04
 7.500000000E-01 7.435819507E-02 1.825924555E-04
 7.500000000E-01 7.485444099E-02 1.835334115E-04
 7.500000000E-01 7.536078990E-02 1.845063089E-04
 7.500000000E-01 7.587747276E-02 1.855108421E-04
 7.500000000E-01 7.640467584E-02 1.865467639E-04
 7.500000000E-01 7.694260776E-02 1.876139722E-04
 7.500000000E-01 7.749152184E-02 1.887123217E-04
 7.500000000E-01 7.805161178E-02 1.898418122E-04
 7.500000000E-01 7.862310112E-02 1.910024876E-04
 7.500000000E-01 7.920624316E-02 1.921944204E-04
 7.500000000E-01 7.980124652E-02 1.934177708E-04
 7.500000000E-01 8.040839434E-02 1.946727571E-04
 7.500000000E-01 8.102791011E-02 1.959595829E-04
 7.500000000E-01 8.166003227E-02 1.972785685E-04
 7.500000000E-01 8.230504394E-02 1.986300340E-04
 7.500000000E-01 8.296319842E-02 2.000143431E-04
 7.500000000E-01 8.363474905E-02 2.014318306E-04
 7.500000000E-01 8.431999385E-02 2.028829185E-04
 7.500000000E-01 8.501918614E-02 2.043679269E-04
 7.500000000E-01 8.573263884E-02 2.058871905E-04
 7.500000000E-01 8.646062016E-02 2.074409422E-04
 7.500000000E-01 8.720342815E-02 2.090292692E-04
 7.500000000E-01 8.796137571E-02 2.106519823E-04
 7.500000000E-01 8.873476088E-02 2.123085724E-04
 7.500000000E-01 8.952389657E-02 2.139975841E-04
 7.500000000E-01 9.032912552E-02 2.157142153E-04
 7.500000000E-01 9.115074575E-02 2.174294204E-04
 7.500000000E-01 9.198911488E-02 2.191590320E-04
 7.500000000E-01 9.284456074E-02 2.209357626E-04
 7.500000000E-01 9.371742606E-02 2.227619698E-04
 7.500000000E-01 9.460808337E-02 2.246392833E-04
 7.500000000E-01 9.551687539E-02 2.265693183E-04
 7.500000000E-01 9.644420445E-02 2.285537776E-04
 7.500000000E-01 9.739039838E-02 2.305944508E-04
 7.500000000E-01 9.835587442E-02 2.326931863E-04
 7.500000000E-01 9.934104979E-02 2.348518756E-04
 7.500000000E-01 1.003462970E-01 2.370725415E-04
 7.500000000E-01 1.013720036E-01 2.393572358E-04
 7.500000000E-01 1.024186015E-01 2.417081269E-04
 7.500000000E-01 1.034865007E-01 2.441274410E-04
 7.500000000E-01 1.045762002E-01 2.466175065E-04
 7.500000000E-01 1.056881025E-01 2.491807682E-04
 7.500000000E-01 1.068226025E-01 2.518197289E-04
 7.500000000E-01 1.079801992E-01 2.545370371E-04
 7.500000000E-01 1.091615036E-01 2.573353704E-04
 7.500000000E-01 1.103667021E-01 2.602176392E-04
 7.500000000E-01 1.115965992E-01 2.631867537E-04
 7.500000000E-01 1.128515005E-01 2.662457991E-04
 7.500000000E-01 1.141320020E-01 2.693979768E-04
 7.500000000E-01 1.154384986E-01 2.726466919E-04
 7.500000000E-01 1.167716980E-01 2.759953495E-04
 7.500000000E-01 1.181320995E-01 2.794476168E-04
 7.500000000E-01 1.195200980E-01 2.830072772E-04
 7.500000000E-01 1.209364012E-01 2.866782597E-04
 7.500000000E-01 1.223815978E-01 2.904646681E-04
 7.500000000E-01 1.238562986E-01 2.943708678E-04
 7.500000000E-01 1.253609061E-01 2.984012535E-04
 7.500000000E-01 1.268962026E-01 3.025605401E-04
 7.500000000E-01 1.284628958E-01 3.068535880E-04
 7.500000000E-01 1.300614029E-01 3.112855193E-04
 7.500000000E-01 1.316924989E-01 3.158616018E-04
 7.500000000E-01 1.333567947E-01 3.205874818E-04
 7.500000000E-01 1.350550056E-01 3.254688636E-04
 7.500000000E-01 1.367878020E-01 3.305118589E-04
 7.500000000E-01 1.385560036E-01 3.357228125E-04
 7.500000000E-01 1.403601021E-01 3.411083599E-04
 7.500000000E-01 1.422010064E-01 3.466753988E-04
 7.500000000E-01 1.440794021E-01 3.524312051E-04
 7.500000000E-01 1.459960938E-01 3.583833459E-04
 7.500000000E-01 1.479517967E-01 3.645397956E-04
 7.500000000E-01 1.499474049E-01 3.709088778E-04
 7.500000000E-01 1.519836038E-01 3.774992074E-04
 7.500000000E-01 1.540613025E-01 3.843199520E-04
 7.500000000E-01 1.561813951E-01 3.913806868E-04
 7.500000000E-01 1.583445966E-01 3.986913071E-04
 7.500000000E-01 1.605519056E-01 4.062623484E-04
 7.500000000E-01 1.628042012E-01 4.141047830E-04
 7.500000000E-01 1.651023030E-01 4.222301650E-04
 7.500000000E-01 1.674472988E-01 4.306504852E-04
 7.500000000E-01 1.698400974E-01 4.393784329E-04
 7.500000000E-01 1.722815931E-01 4.484272504E-04
 7.500000000E-01 1.747727990E-01 4.578109074E-04
 7.500000000E-01 1.773148030E-01 4.675440141E-04
 7.500000000E-01 1.799086034E-01 4.776419373E-04
 7.500000000E-01 1.825551987E-01 4.881207133E-04
 7.500000000E-01 1.852557957E-01 4.989973386E-04
 7.500000000E-01 1.880113035E-01 5.102895666E-04
 7.500000000E-01 1.908230036E-01 5.220160238E-04
 7.500000000E-01 1.936919987E-01 5.341963843E-04
 7.500000000E-01 1.966194063E-01 5.468512536E-04
 7.500000000E-01 1.996064931E-01 5.600022851E-04
 7.500000000E-01 2.026544064E-01 5.736723542E-04
 7.500000000E-01 2.057645023E-01 5.878852680E-04
 7.500000000E-01 2.089377940E-01 6.026664050E-04
 7.500000000E-01 2.121759057E-01 6.180421915E-04
 7.500000000E-01 2.154798955E-01 6.340405089E-04
 7.500000000E-01 2.188511938E-01 6.506908103E-04
 7.500000000E-01 2.222912014E-01 6.680240040E-04
 7.500000000E-01 2.258013040E-01 6.860725698E-04
 7.500000000E-01 2.293829024E-01 7.048709085E-04
 7.500000000E-01 2.330373973E-01 7.244550507E-04
 7.500000000E-01 2.367665023E-01 7.448630058E-04
 7.500000000E-01 2.405714989E-01 7.661348791E-04
 7.500000000E-01 2.444539964E-01 7.883129292E-04
 7.500000000E-01 2.484154999E-01 8.114415687E-04
 7.500000000E-01 2.524578869E-01 8.355677710E-04
 7.500000000E-01 2.565825880E-01 8.607410127E-04
 7.500000000E-01 2.607912123E-01 8.870133897E-04
 7.500000000E-01 2.650856972E-01 9.144397918E-04
 7.500000000E-01 2.694677114E-01 9.430784266E-04
 7.500000000E-01 2.739388049E-01 9.729902958E-04
 7.500000000E-01 2.785012126E-01 1.004240010E-03
 7.500000000E-01 2.831563950E-01 1.036895555E-03
 7.500000000E-01 2.879064977E-01 1.071028877E-03
 7.500000000E-01 2.927533090E-01 1.106715761E-03
 7.500000000E-01 2.976990044E-01 1.144036418E-03
 7.500000000E-01 3.027453125E-01 1.183075132E-03
 7.500000000E-01 3.078944981E-01 1.223921077E-03
 7.500000000E-01 3.131485879E-01 1.266668318E-03
 7.500000000E-01 3.185096979E-01 1.311416505E-03
 7.500000000E-01 3.239800036E-01 1.358270529E-03
 7.500000000E-01 3.295617998E-01 1.407340984E-03
 7.500000000E-01 3.352574110E-01 1.458745101E-03
 7.500000000E-01 3.410688937E-01 1.512606163E-03
 7.500000000E-01 3.469988108E-01 1.569055021E-03
 7.500000000E-01 3.530496061E-01 1.628229162E-03
 7.500000000E-01 3.592236042E-01 1.690274104E-03
 7.500000000E-01 3.655233979E-01 1.755343517E-03
 7.500000000E-01 3.719514906E-01 1.823599217E-03
 7.500000000E-01 3.785107136E-01 1.895212801E-03
 7.500000000E-01 3.852033913E-01 1.970364247E-03
 7.500000000E-01 3.920325041E-01 2.049244475E-03
 7.500000000E-01 3.990007043E-01 2.132053953E-03
 7.500000000E-01 4.061109126E-01 2.219003625E-03
 7.500000000E-01 4.133659005E-01 2.310316078E-03
 7.500000000E-01 4.207687974E-01 2.406224143E-03
 7.500000000E-01 4.283224046E-01 2.506970661E-03
 7.500000000E-01 4.360300004E-01 2.612808254E-03
 7.500000000E-01 4.438945949E-01 2.723991871E-03
 7.500000000E-01 4.519194067E-01 2.840762027E-03
 7.500000000E-01 4.601075947E-01 2.897096332E-03
 7.500000000E-01 4.684627950E-01 2.894893521E-03
 7.500000000E-01 4.769881070E-01 2.892841585E-03
 7.500000000E-01 4.856871068E-01 2.890932374E-03
 7.500000000E-01 4.945634007E-01 2.889157040E-03
 7.500000000E-01 5.036203861E-01 2.887507435E-03
 7.500000000E-01 5.128620267E-01 2.885975409E-03
 7.500000000E-01 5.222918987E-01 2.884553745E-03
 7.500000000E-01 5.319138765E-01 2.883235458E-03
 7.500000000E-01 5.417320132E-01 2.882014029E-03
 7.500000000E-01 5.517498851E-01 2.880882705E-03
 7.500000000E-01 5.619720817E-01 2.879836131E-03
 7.500000000E-01 5.724024773E-01 2.878868487E-03
 7.500000000E-01 5.830454230E-01 2.877973951E-03
 7.500000000E-01 5.939052105E-01 2.877148334E-03
 7.500000000E-01 6.049860716E-01 2.876386745E-03
 7.500000000E-01 6.162927747E-01 2.875684295E-03
 7.500000000E-01 6.278299093E-01 2.875037258E-03
 7.500000000E-01 6.396020055E-01 2.874441678E-03
 7.500000000E-01 6.516140103E-01 2.873893827E-03
 7.500000000E-01 6.638705730E-01 2.873389982E-03
 7.500000000E-01 6.763769984E-01 2.872927580E-03
 7.500000000E-01 6.891381741E-01 2.872503130E-03
 7.500000000E-01 7.021592855E-01 2.872114070E-03
 7.500000000E-01 7.154458165E-01 2.871757373E-03
 7.500000000E-01 7.290027738E-01 2.871430945E-03
 7.500000000E-01 7.428361773E-01 2.871132456E-03
 7.500000000E-01 7.569512725E-01 2.870859578E-03
 7.500000000E-01 7.713540196E-01 2.870610915E-03
 7.500000000E-01 7.860500813E-01 2.870383905E-03
 7.500000000E-01 8.010457158E-01 2.870176919E-03
 7.500000000E-01 8.163467050E-01 2.869988792E-03
 7.500000000E-01 8.319594264E-01 2.869817894E-03
 7.500000000E-01 8.478903174E-01 2.869662596E-03
 7.500000000E-01 8.641456962E-01 2.869521733E-03
 7.500000000E-01 8.807321787E-01 2.869394375E-03
 7.500000000E-01 8.976566792E-01 2.869279124E-03
 7.500000000E-01 9.149261117E-01 2.869174816E-03
 7.500000000E-01 9.325472116E-01 2.869081218E-03
 7.500000000E-01 9.505273104E-01 2.868996467E-03
 7.500000000E-01 9.688736796E-01 2.868920797E-03
 7.500000000E-01 9.875938296E-01 2.868852578E-03
 7.500000000E-01 1.006695986E+00 2.868791809E-03
 7.500000000E-01 1.026185989E+00 2.868737560E-03
 7.500000000E-01 1.046074033E+00 2.868689131E-03
 7.500000000E-01 1.066367030E+00 2.868646290E-03
 7.500000000E-01 1.087074041E+00 2.868608339E-03
 7.500000000E-01 1.108201981E+00 2.868574811E-03
 7.500000000E-01 1.129760981E+00 2.868545242E-03
 7.500000000E-01 1.151757956E+00 2.868519630E-03
 7.500000000E-01 1.174204946E+00 2.868497279E-03
 7.500000000E-01 1.197108030E+00 2.868478186E-03
 7.500000000E-01 1.220478058E+00 2.868461423E-03
 7.500000000E-01 1.244323969E+00 2.868447453E-03
 7.500000000E-01 1.268656015E+00 2.868435346E-03
 7.500000000E-01 1.293483973E+00 2.868425567E-03
 7.500000000E-01 1.318817019E+00 2.868417650E-03
 7.500000000E-01 1.344666958E+00 2.868411131E-03
 7.500000000E-01 1.371042967E+00 2.868406475E-03
 7.500000000E-01 1.397956014E+00 2.868402749E-03
 7.500000000E-01 1.425418019E+00 2.868400188E-03
 7.500000000E-01 1.453439951E+00 2.868398558E-03
 7.500000000E-01 1.482031941E+00 2.868398093E-03
 7.500000000E-01 1.511206985E+00 2.868398558E-03
 7.500000000E-01 1.540976048E+00 2.868399490E-03
 7.500000000E-01 1.571352005E+00 2.868400887E-03
 7.500000000E-01 1.602345943E+00 2.868402982E-03
 7.500000000E-01 1.633972049E+00 2.868405543E-03
 7.500000000E-01 1.666242003E+00 2.868408570E-03
 7.500000000E-01 1.699169993E+00 2.868412063E-03
 7.500000000E-01 1.732768059E+00 2.868415555E-03
 7.500000000E-01 1.767050982E+00 2.868419513E-03
 7.500000000E-01 1.802032948E+00 2.868423704E-03
 7.500000000E-01 1.837726951E+00 2.868427895E-03
 7.500000000E-01 1.874148011E+00 2.868432319E-03
 7.500000000E-01 1.911311030E+00 2.868436743E-03
 7.500000000E-01 1.949231982E+00 2.868441399E-03
 7.500000000E-01 1.987925053E+00 2.868446056E-03
 7.500000000E-01 2.027405977E+00 2.868450712E-03
 7.500000000E-01 2.067692041E+00 2.868455369E-03
 7.500000000E-01 2.108798027E+00 2.868460026E-03
 7.500000000E-01 2.150742054E+00 2.868464682E-03
 7.500000000E-01 2.193540096E+00 2.868469339E-03
 7.500000000E-01 2.237210989E+00 2.868473995E-03
 7.500000000E-01 2.281770945E+00 2.868478652E-03
 7.500000000E-01 2.327239037E+00 2.868482843E-03
 7.500000000E-01 2.373632908E+00 2.868487500E-03
 7.500000000E-01 2.420972109E+00 2.868491691E-03
 7.500000000E-01 2.469275951E+00 2.868495882E-03
 7.500000000E-01 2.518563986E+00 2.868500073E-03
 7.500000000E-01 2.568856001E+00 2.868504263E-03
 7.500000000E-01 2.620172024E+00 2.868507989E-03
 7.500000000E-01 2.672533989E+00 2.868511714E-03
 7.500000000E-01 2.725963116E+00 2.868515439E-03
 7.500000000E-01 2.780479908E+00 2.868519165E-03
 7.500000000E-01 2.836107969E+00 2.868522890E-03
 7.500000000E-01 2.892869949E+00 2.868526150E-03
 7.500000000E-01 2.950787067E+00 2.868529409E-03
 7.500000000E-01 3.009885073E+00 2.868532669E-03
 7.500000000E-01 3.070187092E+00 2.868535928E-03
 7.500000000E-01 3.131716967E+00 2.868538722E-03
 7.500000000E-01 3.194500923E+00 2.868541749E-03
 7.500000000E-01 3.258563995E+00 2.868544543E-03
 7.500000000E-01 3.323930979E+00 2.868547104E-03
 7.500000000E-01 3.390630960E+00 2.868549665E-03
 7.500000000E-01 3.458689928E+00 2.868552227E-03
 7.500000000E-01 3.528135061E+00 2.868554555E-03
 7.500000000E-01 3.598994970E+00 2.868556650E-03
 7.500000000E-01 3.671298981E+00 2.868558746E-03
 7.500000000E-01 3.745074987E+00 2.868560841E-03
 7.500000000E-01 3.820354939E+00 2.868562704E-03
 7.500000000E-01 3.897167921E+00 2.868564567E-03
 7.500000000E-01 3.975547075E+00 2.868566196E-03
 7.500000000E-01 4.055521011E+00 2.868567593E-03
 7.500000000E-01 4.137125969E+00 2.868568990E-03
 7.500000000E-01 4.220393181E+00 2.868570387E-03
 7.500000000E-01 4.305356026E+00 2.868571552E-03
 7.500000000E-01 4.392049789E+00 2.868572716E-03
 7.500000000E-01 4.480511189E+00 2.868573647E-03
 7.500000000E-01 4.570774078E+00 2.868574345E-03
 7.500000000E-01 4.662875175E+00 2.868575044E-03
 7.500000000E-01 4.756853104E+00 2.868575510E-03
 7.500000000E-01 4.852746010E+00 2.868575975E-03
 7.500000000E-01 4.950592041E+00 2.868575975E-03
ZONE T="FUN3D"
 7.500000000E-01 5.000000075E-02 0.000000000E+00
 7.500000000E-01 5.000049621E-02 1.973407548E-11
 7.500000000E-01 5.000099167E-02 7.263611379E-10
 7.500000000E-01 5.000148714E-02 7.265506419E-09
 7.500000000E-01 5.000198260E-02 3.791213388E-08
 7.500000000E-01 5.000247806E-02 1.361198088E-07
 7.500000000E-01 5.000297725E-02 3.848635686E-07
 7.500000000E-01 5.000347644E-02 9.230074625E-07
 7.500000000E-01 5.000397563E-02 1.963718205E-06
 7.500000000E-01 5.000447854E-02 3.815058790E-06
 7.500000000E-01 5.000498146E-02 6.902961559E-06
 7.500000000E-01 5.000548810E-02 1.179682749E-05
 7.500000000E-01 5.000599846E-02 1.923803029E-05
 7.500000000E-01 5.000650883E-02 3.017163181E-05
 7.500000000E-01 5.000702292E-02 4.578166045E-05
 7.500000000E-01 5.000753701E-02 6.753030175E-05
 7.500000000E-01 5.000805855E-02 9.720132948E-05
 7.500000000E-01 5.000858009E-02 1.369482343E-04
 7.500000000E-01 5.000910535E-02 1.893473673E-04
 7.500000000E-01 5.000963807E-02 2.574564714E-04
 7.500000000E-01 5.001017079E-02 3.448789066E-04
 7.500000000E-01 5.001070723E-02 4.558340297E-04
 7.500000000E-01 5.001125112E-02 5.952338106E-04
 7.500000000E-01 5.001179874E-02 7.687659236E-04
 7.500000000E-01 5.001235008E-02 9.829833871E-04
 7.500000000E-01 5.001290515E-02 1.245400868E-03
 7.500000000E-01 5.001346767E-02 1.564597245E-03
 7.500000000E-01 5.001403391E-02 1.950324047E-03
 7.500000000E-01 5.001460761E-02 2.413620008E-03
 7.500000000E-01 5.001518503E-02 2.966928994E-03
 7.500000000E-01 5.001576990E-02 3.624222241E-03
 7.500000000E-01 5.001636222E-02 4.401123617E-03
 7.500000000E-01 5.001696199E-02 5.315031856E-03
 7.500000000E-01 5.001756549E-02 6.385245360E-03
 7.500000000E-01 5.001818016E-02 7.633079775E-03
 7.500000000E-01 5.001879856E-02 9.081979282E-03
 7.500000000E-01 5.001942441E-02 1.075761672E-02
 7.500000000E-01 5.002006143E-02 1.268798020E-02
 7.500000000E-01 5.002070591E-02 1.490344387E-02
 7.500000000E-01 5.002135783E-02 1.743681356E-02
 7.500000000E-01 5.002201721E-02 2.032335289E-02
 7.500000000E-01 5.002268776E-02 2.360076830E-02
 7.500000000E-01 5.002336577E-02 2.730917558E-02
 7.500000000E-01 5.002405494E-02 3.149102628E-02
 7.500000000E-01 5.002475157E-02 3.619099036E-02
 7.500000000E-01 5.002545938E-02 4.145579413E-02
 7.500000000E-01 5.002617836E-02 4.733405262E-02
 7.500000000E-01 5.002690852E-02 5.387601629E-02
 7.500000000E-01 5.002764612E-02 6.113331020E-02
 7.500000000E-01 5.002839863E-02 6.915865093E-02
 7.500000000E-01 5.002916232E-02 7.800548524E-02
 7.500000000E-01 5.002993718E-02 8.772768825E-02
 7.500000000E-01 5.003072321E-02 9.837917238E-02
 7.500000000E-01 5.003152043E-02 1.100135520E-01
 7.500000000E-01 5.003233254E-02 1.226837561E-01
 7.500000000E-01 5.003315955E-02 1.364417076E-01
 7.500000000E-01 5.003399774E-02 1.513380259E-01
 7.500000000E-01 5.003485084E-02 1.674216688E-01
 7.500000000E-01 5.003571883E-02 1.847397834E-01
 7.500000000E-01 5.003659800E-02 2.033374161E-01
 7.500000000E-01 5.003749579E-02 2.232574075E-01
 7.500000000E-01 5.003840849E-02 2.445402741E-01
 7.500000000E-01 5.003933236E-02 2.672241330E-01
 7.500000000E-01 5.004027858E-02 2.913447618E-01
 7.500000000E-01 5.004123598E-02 3.169355392E-01
 7.500000000E-01 5.004221201E-02 3.440276384E-01
 7.500000000E-01 5.004320666E-02 3.726499975E-01
 7.500000000E-01 5.004421622E-02 4.028296471E-01
 7.500000000E-01 5.004524812E-02 4.345917404E-01
 7.500000000E-01 5.004629493E-02 4.679598510E-01
 7.500000000E-01 5.004736036E-02 5.029560328E-01
 7.500000000E-01 5.004844442E-02 5.396011472E-01
 7.500000000E-01 5.004955083E-02 5.779150724E-01
 7.500000000E-01 5.005067587E-02 6.179167628E-01
 7.500000000E-01 5.005182326E-02 6.596246958E-01
 7.500000000E-01 5.005298927E-02 7.030567527E-01
 7.500000000E-01 5.005417764E-02 7.482306361E-01
 7.500000000E-01 5.005538836E-02 7.951638103E-01
 7.500000000E-01 5.005662143E-02 8.438739777E-01
 7.500000000E-01 5.005787686E-02 8.943787813E-01
 7.500000000E-01 5.005915835E-02 9.466962218E-01
 7.500000000E-01 5.006046221E-02 1.000844717E+00
 7.500000000E-01 5.006178841E-02 1.056843042E+00
 7.500000000E-01 5.006314442E-02 1.114710450E+00
 7.500000000E-01 5.006452277E-02 1.174466968E+00
 7.500000000E-01 5.006592721E-02 1.236132979E+00
 7.500000000E-01 5.006736144E-02 1.299729824E+00
 7.500000000E-01 5.006882176E-02 1.365279198E+00
 7.500000000E-01 5.007030815E-02 1.432803869E+00
 7.500000000E-01 5.007182434E-02 1.502327204E+00
 7.500000000E-01 5.007337034E-02 1.573873043E+00
 7.500000000E-01 5.007494614E-02 1.647466421E+00
 7.500000000E-01 5.007655174E-02 1.723132730E+00
 7.500000000E-01 5.007818714E-02 1.800898433E+00
 7.500000000E-01 5.007985607E-02 1.880790472E+00
 7.500000000E-01 5.008155853E-02 1.962836623E+00
 7.500000000E-01 5.008329079E-02 2.047065258E+00
 7.500000000E-01 5.008506030E-02 2.133505821E+00
 7.500000000E-01 5.008686334E-02 2.222188234E+00
 7.500000000E-01 5.008869991E-02 2.313142538E+00
 7.500000000E-01 5.009057745E-02 2.406400681E+00
 7.500000000E-01 5.009248853E-02 2.501993895E+00
 7.500000000E-01 5.009443685E-02 2.599955320E+00
 7.500000000E-01 5.009642243E-02 2.700317383E+00
 7.500000000E-01 5.009844899E-02 2.803114414E+00
 7.500000000E-01 5.010051653E-02 2.908380508E+00
 7.500000000E-01 5.010262504E-02 3.016150475E+00
 7.500000000E-01 5.010477081E-02 3.126459599E+00
 7.500000000E-01 5.010696501E-02 3.239344120E+00
 7.500000000E-01 5.010920018E-02 3.354840517E+00
 7.500000000E-01 5.011148006E-02 3.472985744E+00
 7.500000000E-01 5.011380464E-02 3.593816996E+00
 7.500000000E-01 5.011617392E-02 3.717372179E+00
 7.500000000E-01 5.011859536E-02 3.843690157E+00
 7.500000000E-01 5.012106150E-02 3.972809076E+00
 7.500000000E-01 5.012357607E-02 4.104768753E+00
 7.500000000E-01 5.012614280E-02 4.239608288E+00
 7.500000000E-01 5.012876168E-02 4.377367496E+00
 7.500000000E-01 5.013142899E-02 4.518086910E+00
 7.500000000E-01 5.013415590E-02 4.661807537E+00
 7.500000000E-01 5.013693124E-02 4.808569908E+00
 7.500000000E-01 5.013976619E-02 4.958415031E+00
 7.500000000E-01 5.014265701E-02 5.111384869E+00
 7.500000000E-01 5.014560372E-02 5.267520428E+00
 7.500000000E-01 5.014861375E-02 5.426864624E+00
 7.500000000E-01 5.015167966E-02 5.589458942E+00
 7.500000000E-01 5.015481263E-02 5.755345821E+00
 7.500000000E-01 5.015800521E-02 5.924567699E+00
 7.500000000E-01 5.016126111E-02 6.097167015E+00
 7.500000000E-01 5.016458407E-02 6.273187160E+00
 7.500000000E-01 5.016797408E-02 6.452669621E+00
 7.500000000E-01 5.017143115E-02 6.635658264E+00
 7.500000000E-01 5.017495900E-02 6.822195053E+00
 7.500000000E-01 5.017855763E-02 7.012323380E+00
 7.500000000E-01 5.018223077E-02 7.206085205E+00
 7.500000000E-01 5.018597469E-02 7.403523445E+00
 7.500000000E-01 5.018979684E-02 7.604680538E+00
 7.500000000E-01 5.019369721E-02 7.809598923E+00
 7.500000000E-01 5.019767210E-02 8.018320084E+00
 7.500000000E-01 5.020173267E-02 8.230886459E+00
 7.500000000E-01 5.020587146E-02 8.447339058E+00
 7.500000000E-01 5.021009594E-02 8.667718887E+00
 7.500000000E-01 5.021440238E-02 8.892066956E+00
 7.500000000E-01 5.021880195E-02 9.120423317E+00
 7.500000000E-01 5.022328719E-02 9.352828026E+00
 7.500000000E-01 5.022786185E-02 9.589321136E+00
 7.500000000E-01 5.023252964E-02 9.829939842E+00
 7.500000000E-01 5.023729429E-02 1.007472420E+01
 7.500000000E-01 5.024215579E-02 1.032370949E+01
 7.500000000E-01 5.024711415E-02 1.057693291E+01
 7.500000000E-01 5.025217310E-02 1.083443165E+01
 7.500000000E-01 5.025733262E-02 1.109623909E+01
 7.500000000E-01 5.026260018E-02 1.136239052E+01
 7.500000000E-01 5.026797205E-02 1.163291740E+01
 7.500000000E-01 5.027345568E-02 1.190785313E+01
 7.500000000E-01 5.027904734E-02 1.218722725E+01
 7.500000000E-01 5.028475448E-02 1.247107029E+01
 7.500000000E-01 5.029057711E-02 1.275940990E+01
 7.500000000E-01 5.029651895E-02 1.305227566E+01
 7.500000000E-01 5.030258000E-02 1.334969997E+01
 7.500000000E-01 5.030876398E-02 1.365171623E+01
 7.500000000E-01 5.031507462E-02 1.395835495E+01
 7.500000000E-01 5.032151192E-02 1.426964664E+01
 7.500000000E-01 5.032807961E-02 1.458562183E+01
 7.500000000E-01 5.033478141E-02 1.490630817E+01
 7.500000000E-01 5.034162104E-02 1.523173523E+01
 7.500000000E-01 5.034859851E-02 1.556192780E+01
 7.500000000E-01 5.035571754E-02 1.589691544E+01
 7.500000000E-01 5.036298186E-02 1.623672104E+01
 7.500000000E-01 5.037039518E-02 1.658136940E+01
 7.500000000E-01 5.037795752E-02 1.693088341E+01
 7.500000000E-01 5.038567260E-02 1.728528786E+01
 7.500000000E-01 5.039354786E-02 1.764460182E+01
 7.500000000E-01 5.040157959E-02 1.800884819E+01
 7.500000000E-01 5.040977523E-02 1.837804413E+01
 7.500000000E-01 5.041813850E-02 1.875220871E+01
 7.500000000E-01 5.042667314E-02 1.913136101E+01
 7.500000000E-01 5.043537915E-02 1.951551628E+01
 7.500000000E-01 5.044426396E-02 1.990469170E+01
 7.500000000E-01 5.045332760E-02 2.029890251E+01
 7.500000000E-01 5.046257749E-02 2.069815826E+01
 7.500000000E-01 5.047201365E-02 2.110247803E+01
 7.500000000E-01 5.048164353E-02 2.151186943E+01
 7.500000000E-01 5.049146712E-02 2.192634583E+01
 7.500000000E-01 5.050149187E-02 2.234591866E+01
 7.500000000E-01 5.051172152E-02 2.277059555E+01
 7.500000000E-01 5.052215979E-02 2.320038795E+01
 7.500000000E-01 5.053281039E-02 2.363530350E+01
 7.500000000E-01 5.054367334E-02 2.407535172E+01
 7.500000000E-01 5.055476353E-02 2.452054024E+01
 7.500000000E-01 5.056607723E-02 2.497087669E+01
 7.500000000E-01 5.057761818E-02 2.542636681E+01
 7.500000000E-01 5.058939755E-02 2.588702202E+01
 7.500000000E-01 5.060141534E-02 2.635284615E+01
 7.500000000E-01 5.061367899E-02 2.682384872E+01
 7.500000000E-01 5.062619224E-02 2.730003738E+01
 7.500000000E-01 5.063895881E-02 2.778142166E+01
 7.500000000E-01 5.065198615E-02 2.826801109E+01
 7.500000000E-01 5.066527799E-02 2.875981522E+01
 7.500000000E-01 5.067883804E-02 2.925684547E+01
 7.500000000E-01 5.069267750E-02 2.975911713E+01
 7.500000000E-01 5.070680007E-02 3.026664162E+01
 7.500000000E-01 5.072120577E-02 3.077943611E+01
 7.500000000E-01 5.073590949E-02 3.129752159E+01
 7.500000000E-01 5.075091124E-02 3.182091713E+01
 7.500000000E-01 5.076621473E-02 3.234964752E+01
 7.500000000E-01 5.078183487E-02 3.288373566E+01
 7.500000000E-01 5.079777166E-02 3.342321777E+01
 7.500000000E-01 5.081402883E-02 3.396812820E+01
 7.500000000E-01 5.083062127E-02 3.451850128E+01
 7.500000000E-01 5.084755272E-02 3.507437897E+01
 7.500000000E-01 5.086482689E-02 3.563581467E+01
 7.500000000E-01 5.088245124E-02 3.620285797E+01
 7.500000000E-01 5.090043694E-02 3.677556992E+01
 7.500000000E-01 5.091878772E-02 3.735401917E+01
 7.500000000E-01 5.093751475E-02 3.793827438E+01
 7.500000000E-01 5.095662177E-02 3.852841568E+01
 7.500000000E-01 5.097611621E-02 3.912453842E+01
 7.500000000E-01 5.099600926E-02 3.972673035E+01
 7.500000000E-01 5.101630464E-02 4.033510971E+01
 7.500000000E-01 5.103701726E-02 4.094978333E+01
 7.500000000E-01 5.105815083E-02 4.157088089E+01
 7.500000000E-01 5.107971281E-02 4.219854355E+01
 7.500000000E-01 5.110171810E-02 4.283291626E+01
 7.500000000E-01 5.112416670E-02 4.347416687E+01
 7.500000000E-01 5.114707351E-02 4.412246704E+01
 7.500000000E-01 5.117044970E-02 4.477800751E+01
 7.500000000E-01 5.119429901E-02 4.544099045E+01
 7.500000000E-01 5.121863633E-02 4.611163712E+01
 7.500000000E-01 5.124346912E-02 4.679018021E+01
 7.500000000E-01 5.126880854E-02 4.747686768E+01
 7.500000000E-01 5.129466206E-02 4.817197037E+01
 7.500000000E-01 5.132104084E-02 4.887577057E+01
 7.500000000E-01 5.134795979E-02 4.958856964E+01
 7.500000000E-01 5.137542635E-02 5.031069183E+01
 7.500000000E-01 5.140345171E-02 5.104247284E+01
 7.500000000E-01 5.143205076E-02 5.178427505E+01
 7.500000000E-01 5.146122724E-02 5.253646851E+01
 7.500000000E-01 5.149100348E-02 5.329944992E+01
 7.500000000E-01 5.152138323E-02 5.407363892E+01
 7.500000000E-01 5.155238137E-02 5.485946274E+01
 7.500000000E-01 5.158401281E-02 5.565737534E+01
 7.500000000E-01 5.161628872E-02 5.646784210E+01
 7.500000000E-01 5.164922029E-02 5.729135132E+01
 7.500000000E-01 5.168282241E-02 5.812839890E+01
 7.500000000E-01 5.171710998E-02 5.897950363E+01
 7.500000000E-01 5.175209790E-02 5.984519196E+01
 7.500000000E-01 5.178779736E-02 6.072600174E+01
 7.500000000E-01 5.182422325E-02 6.162247849E+01
 7.500000000E-01 5.186139047E-02 6.253517532E+01
 7.500000000E-01 5.189931393E-02 6.346464539E+01
 7.500000000E-01 5.193801224E-02 6.441144562E+01
 7.500000000E-01 5.197750032E-02 6.537612152E+01
 7.500000000E-01 5.201778933E-02 6.635921478E+01
 7.500000000E-01 5.205890164E-02 6.736125183E+01
 7.500000000E-01 5.210085213E-02 6.838275146E+01
 7.500000000E-01 5.214365572E-02 6.942419434E+01
 7.500000000E-01 5.218733102E-02 7.048603821E+01
 7.500000000E-01 5.223189294E-02 7.156870270E+01
 7.500000000E-01 5.227736756E-02 7.267256927E+01
 7.500000000E-01 5.232376605E-02 7.379797363E+01
 7.500000000E-01 5.237111077E-02 7.494518280E+01
 7.500000000E-01 5.241942033E-02 7.611441040E+01
 7.500000000E-01 5.246871337E-02 7.730580139E+01
 7.500000000E-01 5.251901224E-02 7.851941681E+01
 7.500000000E-01 5.257033557E-02 7.975523376E+01
 7.500000000E-01 5.262270197E-02 8.101313782E+01
 7.500000000E-01 5.267613754E-02 8.229291534E+01
 7.500000000E-01 5.273066089E-02 8.359423828E+01
 7.500000000E-01 5.278629437E-02 8.491667938E+01
 7.500000000E-01 5.284306034E-02 8.625967407E+01
 7.500000000E-01 5.290098488E-02 8.762254333E+01
 7.500000000E-01 5.296008661E-02 8.900449371E+01
 7.500000000E-01 5.302039534E-02 9.040458679E+01
 7.500000000E-01 5.308193341E-02 9.182173920E+01
 7.500000000E-01 5.314472318E-02 9.325474548E+01
 7.500000000E-01 5.320879072E-02 9.470227814E+01
 7.500000000E-01 5.327416584E-02 9.616283417E+01
 7.500000000E-01 5.334087461E-02 9.763482666E+01
 7.500000000E-01 5.340893939E-02 9.911650085E+01
 7.500000000E-01 5.347838998E-02 1.006059952E+02
 7.500000000E-01 5.354925618E-02 1.021013260E+02
 7.500000000E-01 5.362156779E-02 1.036003952E+02
 7.500000000E-01 5.369535089E-02 1.051009903E+02
 7.500000000E-01 5.377063900E-02 1.066008224E+02
 7.500000000E-01 5.384745821E-02 1.080974884E+02
 7.500000000E-01 5.392584577E-02 1.095885315E+02
 7.500000000E-01 5.400582775E-02 1.110714035E+02
 7.500000000E-01 5.408744141E-02 1.125435257E+02
 7.500000000E-01 5.417071283E-02 1.140022430E+02
 7.500000000E-01 5.425568670E-02 1.154449005E+02
 7.500000000E-01 5.434238911E-02 1.168687820E+02
 7.500000000E-01 5.443085730E-02 1.182711868E+02
 7.500000000E-01 5.452112854E-02 1.196493988E+02
 7.500000000E-01 5.461324006E-02 1.210007095E+02
 7.500000000E-01 5.470722541E-02 1.223224182E+02
 7.500000000E-01 5.480312556E-02 1.236118698E+02
 7.500000000E-01 5.490098149E-02 1.248664246E+02
 7.500000000E-01 5.500083044E-02 1.260834732E+02
 7.500000000E-01 5.510271341E-02 1.272604752E+02
 7.500000000E-01 5.520667136E-02 1.283949127E+02
 7.500000000E-01 5.531274900E-02 1.294843292E+02
 7.500000000E-01 5.542098731E-02 1.305263214E+02
 7.500000000E-01 5.553143099E-02 1.315185394E+02
 7.500000000E-01 5.564412102E-02 1.324586945E+02
 7.500000000E-01 5.575910956E-02 1.333445282E+02
 7.500000000E-01 5.587644130E-02 1.341738586E+02
 7.500000000E-01 5.599616468E-02 1.349445496E+02
 7.500000000E-01 5.611832440E-02 1.356544952E+02
 7.500000000E-01 5.624297261E-02 1.363016205E+02
 7.500000000E-01 5.637016147E-02 1.368838959E+02
 7.500000000E-01 5.649994314E-02 1.373993225E+02
 7.500000000E-01 5.663236603E-02 1.378459015E+02
 7.500000000E-01 5.676748976E-02 1.382216492E+02
 7.500000000E-01 5.690536276E-02 1.385246124E+02
 7.500000000E-01 5.704604834E-02 1.387527618E+02
 7.500000000E-01 5.718959868E-02 1.389041290E+02
 7.500000000E-01 5.733607337E-02 1.389766388E+02
 7.500000000E-01 5.748553202E-02 1.389682159E+02
 7.500000000E-01 5.763803422E-02 1.388767395E+02
 7.500000000E-01 5.779364333E-02 1.386999969E+02
 7.500000000E-01 5.795242637E-02 1.384356842E+02
 7.500000000E-01 5.811443925E-02 1.380814056E+02
 7.500000000E-01 5.827975646E-02 1.376346588E+02
 7.500000000E-01 5.844844133E-02 1.370927582E+02
 7.500000000E-01 5.862056091E-02 1.364528503E+02
 7.500000000E-01 5.879618600E-02 1.357118530E+02
 7.500000000E-01 5.897539482E-02 1.348664398E+02
 7.500000000E-01 5.915825069E-02 1.339128876E+02
 7.500000000E-01 5.934483185E-02 1.328470764E+02
 7.500000000E-01 5.953521281E-02 1.316643372E+02
 7.500000000E-01 5.972947553E-02 1.303592377E+02
 7.500000000E-01 5.992769450E-02 1.289254761E+02
 7.500000000E-01 6.012995169E-02 1.273554382E+02
 7.500000000E-01 6.033632904E-02 1.256399307E+02
 7.500000000E-01 6.054691225E-02 1.237675781E+02
 7.500000000E-01 6.076178327E-02 1.217241135E+02
 7.500000000E-01 6.098103523E-02 1.194914017E+02
 7.500000000E-01 6.120475009E-02 1.170461960E+02
 7.500000000E-01 6.143302470E-02 1.143584366E+02
 7.500000000E-01 6.166595221E-02 1.113890381E+02
 7.500000000E-01 6.190362200E-02 1.080870132E+02
 7.500000000E-01 6.214613467E-02 8.885616302E+01
 7.500000000E-01 6.239358708E-02 3.480585098E+01
 7.500000000E-01 6.264608353E-02 1.750372505E+01
 7.500000000E-01 6.290372461E-02 1.244018078E+01
 7.500000000E-01 6.316661090E-02 1.024441624E+01
 7.500000000E-01 6.343485415E-02 8.132895470E+00
 7.500000000E-01 6.370855868E-02 5.958253384E+00
 7.500000000E-01 6.398784369E-02 4.007773876E+00
 7.500000000E-01 6.427282095E-02 2.360860825E+00
 7.500000000E-01 6.456360221E-02 1.045843959E+00
 7.500000000E-01 6.486030668E-02 2.385749966E-01
 7.500000000E-01 6.516305357E-02 2.281994373E-02
 7.500000000E-01 6.547196954E-02 1.533535193E-03
 7.500000000E-01 6.578718126E-02 2.359646460E-04
 7.500000000E-01 6.610881537E-02 1.684066665E-04
 7.500000000E-01 6.643699855E-02 1.656936656E-04
 7.500000000E-01 6.677187234E-02 1.661723363E-04
 7.500000000E-01 6.711356342E-02 1.668140758E-04
 7.500000000E-01 6.746221334E-02 1.674774830E-04
 7.500000000E-01 6.781797111E-02 1.681565336E-04
 7.500000000E-01 6.818097830E-02 1.688513294E-04
 7.500000000E-01 6.855138391E-02 1.695622195E-04
 7.500000000E-01 6.892932951E-02 1.702895970E-04
 7.500000000E-01 6.931497902E-02 1.710338402E-04
 7.500000000E-01 6.970848143E-02 1.717953710E-04
 7.500000000E-01 7.011000067E-02 1.725745969E-04
 7.500000000E-01 7.051970065E-02 1.733719400E-04
 7.500000000E-01 7.093774527E-02 1.741878514E-04
 7.500000000E-01 7.136431336E-02 1.750227384E-04
 7.500000000E-01 7.179956883E-02 1.758771105E-04
 7.500000000E-01 7.224369049E-02 1.767513895E-04
 7.500000000E-01 7.269686460E-02 1.776460849E-04
 7.500000000E-01 7.315926254E-02 1.785616769E-04
 7.500000000E-01 7.363108546E-02 1.794986892E-04
 7.500000000E-01 7.411251962E-02 1.804576023E-04
 7.500000000E-01 7.460376620E-02 1.814389689E-04
 7.500000000E-01 7.510501891E-02 1.824432984E-04
 7.500000000E-01 7.561648637E-02 1.834711584E-04
 7.500000000E-01 7.613836974E-02 1.845230727E-04
 7.500000000E-01 7.667088509E-02 1.855995943E-04
 7.500000000E-01 7.721424848E-02 1.867013052E-04
 7.500000000E-01 7.776868343E-02 1.878287585E-04
 7.500000000E-01 7.833441347E-02 1.889825071E-04
 7.500000000E-01 7.891167700E-02 1.901631185E-04
 7.500000000E-01 7.950069010E-02 1.913711749E-04
 7.500000000E-01 8.010170609E-02 1.926072437E-04
 7.500000000E-01 8.071497083E-02 1.938718924E-04
 7.500000000E-01 8.134072274E-02 1.951657177E-04
 7.500000000E-01 8.197923005E-02 1.964892872E-04
 7.500000000E-01 8.263073862E-02 1.978431392E-04
 7.500000000E-01 8.329552412E-02 1.992277685E-04
 7.500000000E-01 8.397385478E-02 2.006436407E-04
 7.500000000E-01 8.466600627E-02 2.020911779E-04
 7.500000000E-01 8.537225425E-02 2.035707003E-04
 7.500000000E-01 8.609288931E-02 2.050823969E-04
 7.500000000E-01 8.682820946E-02 2.066262678E-04
 7.500000000E-01 8.757851273E-02 2.082018182E-04
 7.500000000E-01 8.834409714E-02 2.098076948E-04
 7.500000000E-01 8.912528306E-02 2.114390663E-04
 7.500000000E-01 8.992238343E-02 2.130675857E-04
 7.500000000E-01 9.073571861E-02 2.147100458E-04
 7.500000000E-01 9.156563133E-02 2.163969330E-04
 7.500000000E-01 9.241244197E-02 2.181304590E-04
 7.500000000E-01 9.327650815E-02 2.199121082E-04
 7.500000000E-01 9.415818006E-02 2.217434230E-04
 7.500000000E-01 9.505781531E-02 2.236260334E-04
 7.500000000E-01 9.597577900E-02 2.255615691E-04
 7.500000000E-01 9.691244364E-02 2.275517909E-04
 7.500000000E-01 9.786818922E-02 2.295984741E-04
 7.500000000E-01 9.884340316E-02 2.317034814E-04
 7.500000000E-01 9.983849525E-02 2.338687773E-04
 7.500000000E-01 1.008538529E-01 2.360963699E-04
 7.500000000E-01 1.018898934E-01 2.383883402E-04
 7.500000000E-01 1.029470488E-01 2.407468710E-04
 7.500000000E-01 1.040257365E-01 2.431742178E-04
 7.500000000E-01 1.051264033E-01 2.456727671E-04
 7.500000000E-01 1.062494889E-01 2.482449054E-04
 7.500000000E-01 1.073954627E-01 2.508932084E-04
 7.500000000E-01 1.085647792E-01 2.536203538E-04
 7.500000000E-01 1.097579151E-01 2.564290189E-04
 7.500000000E-01 1.109753624E-01 2.593221434E-04
 7.500000000E-01 1.122176126E-01 2.623026376E-04
 7.500000000E-01 1.134851724E-01 2.653736447E-04
 7.500000000E-01 1.147785485E-01 2.685384243E-04
 7.500000000E-01 1.160982847E-01 2.718002943E-04
 7.500000000E-01 1.174449027E-01 2.751627762E-04
 7.500000000E-01 1.188189536E-01 2.786295663E-04
 7.500000000E-01 1.202210039E-01 2.822044771E-04
 7.500000000E-01 1.216516122E-01 2.858914668E-04
 7.500000000E-01 1.231113747E-01 2.896946971E-04
 7.500000000E-01 1.246008649E-01 2.936185338E-04
 7.500000000E-01 1.261207163E-01 2.976674878E-04
 7.500000000E-01 1.276715100E-01 3.018462448E-04
 7.500000000E-01 1.292539090E-01 3.061597236E-04
 7.500000000E-01 1.308685541E-01 3.106131044E-04
 7.500000000E-01 1.325160861E-01 3.152117424E-04
 7.500000000E-01 1.341971904E-01 3.199611965E-04
 7.500000000E-01 1.359125376E-01 3.248673747E-04
 7.500000000E-01 1.376628280E-01 3.299363598E-04
 7.500000000E-01 1.394487768E-01 3.351745836E-04
 7.500000000E-01 1.412711143E-01 3.405887401E-04
 7.500000000E-01 1.431305856E-01 3.461858141E-04
 7.500000000E-01 1.450279355E-01 3.519731690E-04
 7.500000000E-01 1.469639242E-01 3.579584300E-04
 7.500000000E-01 1.489393711E-01 3.641496587E-04
 7.500000000E-01 1.509550661E-01 3.705552081E-04
 7.500000000E-01 1.530118138E-01 3.771839547E-04
 7.500000000E-01 1.551104784E-01 3.840450663E-04
 7.500000000E-01 1.572518945E-01 3.911481763E-04
 7.500000000E-01 1.594369262E-01 3.985034418E-04
 7.500000000E-01 1.616664827E-01 4.061214859E-04
 7.500000000E-01 1.639414728E-01 4.140133387E-04
 7.500000000E-01 1.662627906E-01 4.221907584E-04
 7.500000000E-01 1.686314195E-01 4.306658811E-04
 7.500000000E-01 1.710482836E-01 4.394515418E-04
 7.500000000E-01 1.735143960E-01 4.485612153E-04
 7.500000000E-01 1.760307550E-01 4.580089881E-04
 7.500000000E-01 1.785983741E-01 4.678096448E-04
 7.500000000E-01 1.812183112E-01 4.779786977E-04
 7.500000000E-01 1.838916242E-01 4.885324743E-04
 7.500000000E-01 1.866193861E-01 4.994881456E-04
 7.500000000E-01 1.894027293E-01 5.108636105E-04
 7.500000000E-01 1.922427863E-01 5.226777866E-04
 7.500000000E-01 1.951406896E-01 5.349505227E-04
 7.500000000E-01 1.980976462E-01 5.477027153E-04
 7.500000000E-01 2.011148334E-01 5.609563086E-04
 7.500000000E-01 2.041934878E-01 5.747342366E-04
 7.500000000E-01 2.073348761E-01 5.890608882E-04
 7.500000000E-01 2.105402499E-01 6.039617583E-04
 7.500000000E-01 2.138109356E-01 6.194636808E-04
 7.500000000E-01 2.171482444E-01 6.355948863E-04
 7.500000000E-01 2.205535620E-01 6.523851771E-04
 7.500000000E-01 2.240282446E-01 6.698657526E-04
 7.500000000E-01 2.275737077E-01 6.880697329E-04
 7.500000000E-01 2.311914265E-01 7.070316933E-04
 7.500000000E-01 2.348828316E-01 7.267883047E-04
 7.500000000E-01 2.386494428E-01 7.473780424E-04
 7.500000000E-01 2.424927950E-01 7.688415353E-04
 7.500000000E-01 2.464144379E-01 7.912215660E-04
 7.500000000E-01 2.504159808E-01 8.145632455E-04
 7.500000000E-01 2.544990480E-01 8.389140130E-04
 7.500000000E-01 2.586653233E-01 8.643239853E-04
 7.500000000E-01 2.629164457E-01 8.908460732E-04
 7.500000000E-01 2.672542036E-01 9.185359813E-04
 7.500000000E-01 2.716802955E-01 9.474523831E-04
 7.500000000E-01 2.761965990E-01 9.776573861E-04
 7.500000000E-01 2.808049023E-01 1.009216299E-03
 7.500000000E-01 2.855070829E-01 1.042198157E-03
 7.500000000E-01 2.903050482E-01 1.076675835E-03
 7.500000000E-01 2.952007949E-01 1.112726051E-03
 7.500000000E-01 3.001962602E-01 1.150430064E-03
 7.500000000E-01 3.052935004E-01 1.189873321E-03
 7.500000000E-01 3.104945719E-01 1.231146278E-03
 7.500000000E-01 3.158016503E-01 1.274344278E-03
 7.500000000E-01 3.212168217E-01 1.319568139E-03
 7.500000000E-01 3.267422915E-01 1.366924145E-03
 7.500000000E-01 3.323803544E-01 1.416524523E-03
 7.500000000E-01 3.381333053E-01 1.468488015E-03
 7.500000000E-01 3.440034389E-01 1.522939652E-03
 7.500000000E-01 3.499931395E-01 1.580011682E-03
 7.500000000E-01 3.561049104E-01 1.639843569E-03
 7.500000000E-01 3.623411655E-01 1.702582813E-03
 7.500000000E-01 3.687044978E-01 1.768384827E-03
 7.500000000E-01 3.751974404E-01 1.837413874E-03
 7.500000000E-01 3.818227053E-01 1.909843180E-03
 7.500000000E-01 3.885829151E-01 1.985855633E-03
 7.500000000E-01 3.954808414E-01 2.065643668E-03
 7.500000000E-01 4.025193155E-01 2.149410313E-03
 7.500000000E-01 4.097011983E-01 2.237369074E-03
 7.500000000E-01 4.170293808E-01 2.329744166E-03
 7.500000000E-01 4.245068729E-01 2.426770050E-03
 7.500000000E-01 4.321366847E-01 2.528690267E-03
 7.500000000E-01 4.399219453E-01 2.635755111E-03
 7.500000000E-01 4.478658140E-01 2.748214873E-03
 7.500000000E-01 4.559715390E-01 2.858812222E-03
 7.500000000E-01 4.642423689E-01 2.856583335E-03
 7.500000000E-01 4.726817310E-01 2.854468068E-03
 7.500000000E-01 4.812930226E-01 2.852497390E-03
 7.500000000E-01 4.900797307E-01 2.850662684E-03
 7.500000000E-01 4.990454614E-01 2.848955337E-03
 7.500000000E-01 5.081938505E-01 2.847367898E-03
 7.500000000E-01 5.175286531E-01 2.845892450E-03
 7.500000000E-01 5.270535946E-01 2.844522242E-03
 7.500000000E-01 5.367726088E-01 2.843250288E-03
 7.500000000E-01 5.466895700E-01 2.842070302E-03
 7.500000000E-01 5.568086505E-01 2.840976464E-03
 7.500000000E-01 5.671338439E-01 2.839962719E-03
 7.500000000E-01 5.776693821E-01 2.839023946E-03
 7.500000000E-01 5.884196162E-01 2.838155255E-03
 7.500000000E-01 5.993887782E-01 2.837351523E-03
 7.500000000E-01 6.105814576E-01 2.836608328E-03
 7.500000000E-01 6.220021844E-01 2.835921710E-03
 7.500000000E-01 6.336556077E-01 2.835287480E-03
 7.500000000E-01 6.455463767E-01 2.834701911E-03
 7.500000000E-01 6.576794386E-01 2.834161744E-03
 7.500000000E-01 6.700596809E-01 2.833663486E-03
 7.500000000E-01 6.826921701E-01 2.833204111E-03
 7.500000000E-01 6.955819726E-01 2.832781058E-03
 7.500000000E-01 7.087343931E-01 2.832391066E-03
 7.500000000E-01 7.221547961E-01 2.832032274E-03
 7.500000000E-01 7.358485460E-01 2.831701888E-03
 7.500000000E-01 7.498213649E-01 2.831397811E-03
 7.500000000E-01 7.640787959E-01 2.831118414E-03
 7.500000000E-01 7.786266804E-01 2.830861369E-03
 7.500000000E-01 7.934709787E-01 2.830625046E-03
 7.500000000E-01 8.086177111E-01 2.830407815E-03
 7.500000000E-01 8.240730166E-01 2.830208279E-03
 7.500000000E-01 8.398432136E-01 2.830024809E-03
 7.500000000E-01 8.559346199E-01 2.829856472E-03
 7.500000000E-01 8.723539114E-01 2.829701640E-03
 7.500000000E-01 8.891077042E-01 2.829559613E-03
 7.500000000E-01 9.062028527E-01 2.829428995E-03
 7.500000000E-01 9.236462712E-01 2.829309087E-03
 7.500000000E-01 9.414450526E-01 2.829198726E-03
 7.500000000E-01 9.596064091E-01 2.829097444E-03
 7.500000000E-01 9.781377912E-01 2.829004312E-03
 7.500000000E-01 9.970467687E-01 2.828918397E-03
 7.500000000E-01 1.016340852E+00 2.828839468E-03
 7.500000000E-01 1.036028147E+00 2.828766825E-03
 7.500000000E-01 1.056116462E+00 2.828700002E-03
 7.500000000E-01 1.076614022E+00 2.828638302E-03
 7.500000000E-01 1.097529292E+00 2.828581259E-03
 7.500000000E-01 1.118870497E+00 2.828528639E-03
 7.500000000E-01 1.140646577E+00 2.828479977E-03
 7.500000000E-01 1.162866354E+00 2.828434808E-03
 7.500000000E-01 1.185538769E+00 2.828392899E-03
 7.500000000E-01 1.208673000E+00 2.828354016E-03
 7.500000000E-01 1.232278705E+00 2.828317927E-03
 7.500000000E-01 1.256365180E+00 2.828284400E-03
 7.500000000E-01 1.280942440E+00 2.828252967E-03
 7.500000000E-01 1.306020379E+00 2.828223631E-03
 7.500000000E-01 1.331609249E+00 2.828196157E-03
 7.500000000E-01 1.357719421E+00 2.828170545E-03
 7.500000000E-01 1.384361625E+00 2.828146331E-03
 7.500000000E-01 1.411546588E+00 2.828123514E-03
 7.500000000E-01 1.439285278E+00 2.828101860E-03
 7.500000000E-01 1.467589140E+00 2.828081604E-03
 7.500000000E-01 1.496469736E+00 2.828062279E-03
 7.500000000E-01 1.525938630E+00 2.828044118E-03
 7.500000000E-01 1.556007862E+00 2.828026656E-03
 7.500000000E-01 1.586689711E+00 2.828010125E-03
 7.500000000E-01 1.617996693E+00 2.827994525E-03
 7.500000000E-01 1.649941444E+00 2.827979391E-03
 7.500000000E-01 1.682536960E+00 2.827964956E-03
 7.500000000E-01 1.715796590E+00 2.827951219E-03
 7.500000000E-01 1.749733806E+00 2.827938180E-03
 7.500000000E-01 1.784362435E+00 2.827925375E-03
 7.500000000E-01 1.819696665E+00 2.827913268E-03
 7.500000000E-01 1.855750561E+00 2.827901859E-03
 7.500000000E-01 1.892539144E+00 2.827890683E-03
 7.500000000E-01 1.930077076E+00 2.827879973E-03
 7.500000000E-01 1.968379855E+00 2.827869728E-03
 7.500000000E-01 2.007462978E+00 2.827859949E-03
 7.500000000E-01 2.047342300E+00 2.827850403E-03
 7.500000000E-01 2.088034153E+00 2.827841556E-03
 7.500000000E-01 2.129554987E+00 2.827832941E-03
 7.500000000E-01 2.171921730E+00 2.827824792E-03
 7.500000000E-01 2.215151548E+00 2.827817108E-03
 7.500000000E-01 2.259262085E+00 2.827809891E-03
 7.500000000E-01 2.304271460E+00 2.827802906E-03
 7.500000000E-01 2.350197554E+00 2.827796619E-03
 7.500000000E-01 2.397059441E+00 2.827790566E-03
 7.500000000E-01 2.444876194E+00 2.827784978E-03
 7.500000000E-01 2.493666887E+00 2.827779856E-03
 7.500000000E-01 2.543451548E+00 2.827775199E-03
 7.500000000E-01 2.594250679E+00 2.827771008E-03
 7.500000000E-01 2.646084547E+00 2.827767283E-03
 7.500000000E-01 2.698974609E+00 2.827764023E-03
 7.500000000E-01 2.752942085E+00 2.827761229E-03
 7.500000000E-01 2.808009148E+00 2.827759134E-03
 7.500000000E-01 2.864197969E+00 2.827757504E-03
 7.500000000E-01 2.921531439E+00 2.827756340E-03
 7.500000000E-01 2.980033159E+00 2.827755874E-03
 7.500000000E-01 3.039726734E+00 2.827755874E-03
 7.500000000E-01 3.100636244E+00 2.827756573E-03
 7.500000000E-01 3.162786722E+00 2.827757737E-03
 7.500000000E-01 3.226203680E+00 2.827759599E-03
 7.500000000E-01 3.290912390E+00 2.827762160E-03
 7.500000000E-01 3.356939316E+00 2.827765420E-03
 7.500000000E-01 3.424311638E+00 2.827769378E-03
 7.500000000E-01 3.493056297E+00 2.827773802E-03
 7.500000000E-01 3.563201666E+00 2.827779157E-03
 7.500000000E-01 3.634775877E+00 2.827785211E-03
 7.500000000E-01 3.707808495E+00 2.827791963E-03
 7.500000000E-01 3.782329082E+00 2.827799413E-03
 7.500000000E-01 3.858367682E+00 2.827807795E-03
 7.500000000E-01 3.935955524E+00 2.827817108E-03
 7.500000000E-01 4.015123844E+00 2.827826887E-03
 7.500000000E-01 4.095905304E+00 2.827837830E-03
 7.500000000E-01 4.178332329E+00 2.827849472E-03
 7.500000000E-01 4.262438774E+00 2.827862045E-03
 7.500000000E-01 4.348258972E+00 2.827875549E-03
 7.500000000E-01 4.435827255E+00 2.827889752E-03
 7.500000000E-01 4.525179386E+00 2.827905118E-03
 7.500000000E-01 4.616352081E+00 2.827921417E-03
 7.500000000E-01 4.709382534E+00 2.827938646E-03
 7.500000000E-01 4.804307938E+00 2.827956807E-03
 7.500000000E-01 4.901167393E+00 2.827975899E-03
 7.500000000E-01 5.000000000E+00 2.827992197E-03
