VARIABLES = "X","Y","omega","k"
ZONE T="CFL3D"
 7.500000000E-01 5.000025034E-02 5.263348103E+00 3.949854332E-12
 7.500000000E-01 5.000074208E-02 9.813141823E-01 1.119211876E-10
 7.500000000E-01 5.000124127E-02 3.468061984E-01 7.491621767E-10
 7.500000000E-01 5.000174046E-02 1.683849990E-01 2.641230124E-09
 7.500000000E-01 5.000223219E-02 9.766429663E-02 6.688532395E-09
 7.500000000E-01 5.000273138E-02 6.325620413E-02 1.391573790E-08
 7.500000000E-01 5.000323057E-02 4.412375391E-02 2.545229449E-08
 7.500000000E-01 5.000372976E-02 3.244853020E-02 4.252417085E-08
 7.500000000E-01 5.000422895E-02 2.482175082E-02 6.645078798E-08
 7.500000000E-01 5.000473559E-02 1.957429573E-02 9.864492512E-08
 7.500000000E-01 5.000524223E-02 1.581371203E-02 1.406145458E-07
 7.500000000E-01 5.000574887E-02 1.302878559E-02 1.939660876E-07
 7.500000000E-01 5.000625551E-02 1.091002207E-02 2.604088252E-07
 7.500000000E-01 5.000676960E-02 9.261339903E-03 3.417600283E-07
 7.500000000E-01 5.000728369E-02 7.953709923E-03 4.399511226E-07
 7.500000000E-01 5.000780523E-02 6.899452768E-03 5.570340704E-07
 7.500000000E-01 5.000832677E-02 6.037322339E-03 6.951887030E-07
 7.500000000E-01 5.000884831E-02 5.323499441E-03 8.567303098E-07
 7.500000000E-01 5.000936985E-02 4.725971725E-03 1.044117425E-06
 7.500000000E-01 5.000990629E-02 4.220914096E-03 1.259960527E-06
 7.500000000E-01 5.001044273E-02 3.790302901E-03 1.507029765E-06
 7.500000000E-01 5.001097918E-02 3.420299385E-03 1.788264399E-06
 7.500000000E-01 5.001153052E-02 3.100137226E-03 2.106780357E-06
 7.500000000E-01 5.001208186E-02 2.821339294E-03 2.465879788E-06
 7.500000000E-01 5.001263320E-02 2.577157924E-03 2.869056971E-06
 7.500000000E-01 5.001319200E-02 2.362167463E-03 3.320007636E-06
 7.500000000E-01 5.001375079E-02 2.171965549E-03 3.822634881E-06
 7.500000000E-01 5.001432449E-02 2.002950525E-03 4.381053714E-06
 7.500000000E-01 5.001489818E-02 1.852151589E-03 4.999596058E-06
 7.500000000E-01 5.001547933E-02 1.717101433E-03 5.682812116E-06
 7.500000000E-01 5.001607537E-02 1.595736714E-03 6.435471732E-06
 7.500000000E-01 5.001667142E-02 1.486321096E-03 7.262558938E-06
 7.500000000E-01 5.001726747E-02 1.387384604E-03 8.169268767E-06
 7.500000000E-01 5.001787841E-02 1.297676004E-03 9.160996342E-06
 7.500000000E-01 5.001848936E-02 1.216124510E-03 1.024332232E-05
 7.500000000E-01 5.001911521E-02 1.141809626E-03 1.142199471E-05
 7.500000000E-01 5.001974851E-02 1.073935651E-03 1.270290613E-05
 7.500000000E-01 5.002038181E-02 1.011812594E-03 1.409205834E-05
 7.500000000E-01 5.002103746E-02 9.548384114E-04 1.559552766E-05
 7.500000000E-01 5.002169311E-02 9.024869069E-04 1.721942681E-05
 7.500000000E-01 5.002235621E-02 8.542954456E-04 1.896984031E-05
 7.500000000E-01 5.002303421E-02 8.098562248E-04 2.085277629E-05
 7.500000000E-01 5.002371222E-02 7.688083570E-04 2.287409370E-05
 7.500000000E-01 5.002440512E-02 7.308315253E-04 2.503943506E-05
 7.500000000E-01 5.002510548E-02 6.956404541E-04 2.735413182E-05
 7.500000000E-01 5.002582073E-02 6.629802519E-04 2.982313526E-05
 7.500000000E-01 5.002655089E-02 6.326223956E-04 3.245091648E-05
 7.500000000E-01 5.002728105E-02 6.043620524E-04 3.524136991E-05
 7.500000000E-01 5.002802610E-02 5.780144129E-04 3.819772974E-05
 7.500000000E-01 5.002878606E-02 5.534128868E-04 4.132246977E-05
 7.500000000E-01 5.002955347E-02 5.304068909E-04 4.461722710E-05
 7.500000000E-01 5.003033578E-02 5.088599864E-04 4.808269296E-05
 7.500000000E-01 5.003112555E-02 4.886485985E-04 5.171859812E-05
 7.500000000E-01 5.003193021E-02 4.696603282E-04 5.552359653E-05
 7.500000000E-01 5.003274977E-02 4.517933121E-04 5.949525803E-05
 7.500000000E-01 5.003358424E-02 4.349547089E-04 6.363005377E-05
 7.500000000E-01 5.003443360E-02 4.190602922E-04 6.792331988E-05
 7.500000000E-01 5.003529042E-02 4.040334024E-04 7.236931560E-05
 7.500000000E-01 5.003616214E-02 3.898042487E-04 7.696120883E-05
 7.500000000E-01 5.003705621E-02 3.763095010E-04 8.169119246E-05
 7.500000000E-01 5.003795028E-02 3.634915920E-04 8.655051352E-05
 7.500000000E-01 5.003887415E-02 3.512983094E-04 9.152961138E-05
 7.500000000E-01 5.003981292E-02 3.396821849E-04 9.661818331E-05
 7.500000000E-01 5.004076660E-02 3.286002611E-04 1.018053226E-04
 7.500000000E-01 5.004172772E-02 3.180135391E-04 1.070796279E-04
 7.500000000E-01 5.004271865E-02 3.078868613E-04 1.124293776E-04
 7.500000000E-01 5.004371703E-02 2.981881844E-04 1.178426464E-04
 7.500000000E-01 5.004473776E-02 2.888887539E-04 1.233073708E-04
 7.500000000E-01 5.004577339E-02 2.799623471E-04 1.288115454E-04
 7.500000000E-01 5.004683137E-02 2.713853901E-04 1.343433541E-04
 7.500000000E-01 5.004790425E-02 2.631364623E-04 1.398911845E-04
 7.500000000E-01 5.004900694E-02 2.551962389E-04 1.454437879E-04
 7.500000000E-01 5.005011708E-02 2.475470537E-04 1.509903814E-04
 7.500000000E-01 5.005125701E-02 2.401730453E-04 1.565206330E-04
 7.500000000E-01 5.005240440E-02 2.330596471E-04 1.620248222E-04
 7.500000000E-01 5.005358905E-02 2.261936315E-04 1.674937666E-04
 7.500000000E-01 5.005478859E-02 2.195629349E-04 1.729189826E-04
 7.500000000E-01 5.005601048E-02 2.131564688E-04 1.782925683E-04
 7.500000000E-01 5.005725473E-02 2.069640323E-04 1.836073352E-04
 7.500000000E-01 5.005852133E-02 2.009762684E-04 1.888566912E-04
 7.500000000E-01 5.005981028E-02 1.951845043E-04 1.940347429E-04
 7.500000000E-01 5.006112903E-02 1.895806490E-04 1.991362369E-04
 7.500000000E-01 5.006247014E-02 1.841572230E-04 2.041564730E-04
 7.500000000E-01 5.006383359E-02 1.789072267E-04 2.090914204E-04
 7.500000000E-01 5.006523430E-02 1.738240826E-04 2.139375429E-04
 7.500000000E-01 5.006664991E-02 1.689015771E-04 2.186918573E-04
 7.500000000E-01 5.006809533E-02 1.641339331E-04 2.233519044E-04
 7.500000000E-01 5.006957054E-02 1.595155773E-04 2.279156324E-04
 7.500000000E-01 5.007107556E-02 1.550412853E-04 2.323814697E-04
 7.500000000E-01 5.007259548E-02 1.507060806E-04 2.367482230E-04
 7.500000000E-01 5.007416010E-02 1.465051901E-04 2.410150482E-04
 7.500000000E-01 5.007575452E-02 1.424340589E-04 2.451814653E-04
 7.500000000E-01 5.007737875E-02 1.384883653E-04 2.492472704E-04
 7.500000000E-01 5.007902533E-02 1.346639037E-04 2.532125218E-04
 7.500000000E-01 5.008071661E-02 1.309566724E-04 2.570775105E-04
 7.500000000E-01 5.008243024E-02 1.273628150E-04 2.608428476E-04
 7.500000000E-01 5.008418113E-02 1.238786062E-04 2.645091736E-04
 7.500000000E-01 5.008596182E-02 1.205004664E-04 2.680773905E-04
 7.500000000E-01 5.008778721E-02 1.172249613E-04 2.715485753E-04
 7.500000000E-01 5.008964241E-02 1.140487366E-04 2.749238047E-04
 7.500000000E-01 5.009153485E-02 1.109685836E-04 2.782044467E-04
 7.500000000E-01 5.009346455E-02 1.079813883E-04 2.813917818E-04
 7.500000000E-01 5.009543896E-02 1.050841383E-04 2.844872652E-04
 7.500000000E-01 5.009743571E-02 1.022739525E-04 2.874924103E-04
 7.500000000E-01 5.009949207E-02 9.954797861E-05 2.904087596E-04
 7.500000000E-01 5.010157824E-02 9.690353909E-05 2.932378848E-04
 7.500000000E-01 5.010370165E-02 9.433799278E-05 2.959813864E-04
 7.500000000E-01 5.010586977E-02 9.184879309E-05 2.986409236E-04
 7.500000000E-01 5.010809004E-02 8.943348803E-05 3.012181551E-04
 7.500000000E-01 5.011034012E-02 8.708969108E-05 3.037146525E-04
 7.500000000E-01 5.011264980E-02 8.481511031E-05 3.061321040E-04
 7.500000000E-01 5.011498928E-02 8.260752656E-05 3.084721393E-04
 7.500000000E-01 5.011738837E-02 8.046476432E-05 3.107363591E-04
 7.500000000E-01 5.011983216E-02 7.838476449E-05 3.129263932E-04
 7.500000000E-01 5.012232065E-02 7.636550436E-05 3.150437842E-04
 7.500000000E-01 5.012486875E-02 7.440504851E-05 3.170900745E-04
 7.500000000E-01 5.012746155E-02 7.250149065E-05 3.190668067E-04
 7.500000000E-01 5.013009906E-02 7.065303362E-05 3.209754650E-04
 7.500000000E-01 5.013279617E-02 6.885790208E-05 3.228175046E-04
 7.500000000E-01 5.013555288E-02 6.711440801E-05 3.245943517E-04
 7.500000000E-01 5.013835430E-02 6.542089250E-05 3.263073741E-04
 7.500000000E-01 5.014121532E-02 6.377577665E-05 3.279579687E-04
 7.500000000E-01 5.014413595E-02 6.217751798E-05 3.295473871E-04
 7.500000000E-01 5.014711618E-02 6.062463217E-05 3.310769389E-04
 7.500000000E-01 5.015015602E-02 5.911567860E-05 3.325478174E-04
 7.500000000E-01 5.015325546E-02 5.764928210E-05 3.339612740E-04
 7.500000000E-01 5.015641451E-02 5.622408207E-05 3.353184438E-04
 7.500000000E-01 5.015963316E-02 5.483879795E-05 3.366203746E-04
 7.500000000E-01 5.016292632E-02 5.349216735E-05 3.378682304E-04
 7.500000000E-01 5.016627908E-02 5.218298611E-05 3.390630009E-04
 7.500000000E-01 5.016970634E-02 5.091007188E-05 3.402056755E-04
 7.500000000E-01 5.017320067E-02 4.967230780E-05 3.412972437E-04
 7.500000000E-01 5.017676204E-02 4.846859156E-05 3.423385788E-04
 7.500000000E-01 5.018039793E-02 4.729787179E-05 3.433305828E-04
 7.500000000E-01 5.018410832E-02 4.615912258E-05 3.442741290E-04
 7.500000000E-01 5.018789321E-02 4.505135803E-05 3.451699740E-04
 7.500000000E-01 5.019175261E-02 4.397362500E-05 3.460189328E-04
 7.500000000E-01 5.019569397E-02 4.292500307E-05 3.468217328E-04
 7.500000000E-01 5.019970238E-02 4.190459731E-05 3.475790145E-04
 7.500000000E-01 5.020380765E-02 4.091155279E-05 3.482915345E-04
 7.500000000E-01 5.020798743E-02 3.994502913E-05 3.489598748E-04
 7.500000000E-01 5.021224916E-02 3.900422598E-05 3.495846177E-04
 7.500000000E-01 5.021660775E-02 3.808835754E-05 3.501664032E-04
 7.500000000E-01 5.022104830E-02 3.719668166E-05 3.507056972E-04
 7.500000000E-01 5.022557825E-02 3.632846710E-05 3.512030235E-04
 7.500000000E-01 5.023020506E-02 3.548300447E-05 3.516588768E-04
 7.500000000E-01 5.023491383E-02 3.465962436E-05 3.520736936E-04
 7.500000000E-01 5.023972690E-02 3.385765740E-05 3.524478816E-04
 7.500000000E-01 5.024463683E-02 3.307647785E-05 3.527818189E-04
 7.500000000E-01 5.024965107E-02 3.231545998E-05 3.530759132E-04
 7.500000000E-01 5.025476217E-02 3.157401807E-05 3.533304553E-04
 7.500000000E-01 5.025997013E-02 3.085156641E-05 3.535457654E-04
 7.500000000E-01 5.026528984E-02 3.014755384E-05 3.537221637E-04
 7.500000000E-01 5.027072132E-02 2.946144014E-05 3.538598539E-04
 7.500000000E-01 5.027624965E-02 2.879270505E-05 3.539590980E-04
 7.500000000E-01 5.028190464E-02 2.814084291E-05 3.540200996E-04
 7.500000000E-01 5.028767139E-02 2.750536441E-05 3.540430625E-04
 7.500000000E-01 5.029354990E-02 2.688579116E-05 3.540281323E-04
 7.500000000E-01 5.029955506E-02 2.628165748E-05 3.539754543E-04
 7.500000000E-01 5.030567944E-02 2.569251046E-05 3.538851743E-04
 7.500000000E-01 5.031192303E-02 2.511790808E-05 3.537573502E-04
 7.500000000E-01 5.031830072E-02 2.455742288E-05 3.535920987E-04
 7.500000000E-01 5.032479763E-02 2.401064012E-05 3.533894778E-04
 7.500000000E-01 5.033143610E-02 2.347716327E-05 3.531495167E-04
 7.500000000E-01 5.033820868E-02 2.295660670E-05 3.528722445E-04
 7.500000000E-01 5.034511536E-02 2.244859206E-05 3.525576903E-04
 7.500000000E-01 5.035216361E-02 2.195276102E-05 3.522057959E-04
 7.500000000E-01 5.035935342E-02 2.146876432E-05 3.518165904E-04
 7.500000000E-01 5.036669225E-02 2.099625817E-05 3.513899865E-04
 7.500000000E-01 5.037418008E-02 2.053491698E-05 3.509259841E-04
 7.500000000E-01 5.038182437E-02 2.008442243E-05 3.504244378E-04
 7.500000000E-01 5.038961768E-02 1.964446710E-05 3.498853184E-04
 7.500000000E-01 5.039756745E-02 1.921474905E-05 3.493085387E-04
 7.500000000E-01 5.040568113E-02 1.879498450E-05 3.486939240E-04
 7.500000000E-01 5.041396618E-02 1.838488970E-05 3.480413579E-04
 7.500000000E-01 5.042241514E-02 1.798419180E-05 3.473507822E-04
 7.500000000E-01 5.043102801E-02 1.759262886E-05 3.466219932E-04
 7.500000000E-01 5.043982714E-02 1.720994806E-05 3.458548454E-04
 7.500000000E-01 5.044880509E-02 1.683590017E-05 3.450491931E-04
 7.500000000E-01 5.045795441E-02 1.647024328E-05 3.442048328E-04
 7.500000000E-01 5.046729743E-02 1.611275002E-05 3.433215898E-04
 7.500000000E-01 5.047683418E-02 1.576319119E-05 3.423992894E-04
 7.500000000E-01 5.048656464E-02 1.542134851E-05 3.414377570E-04
 7.500000000E-01 5.049648881E-02 1.508701098E-05 3.404367890E-04
 7.500000000E-01 5.050661415E-02 1.475997215E-05 3.393961815E-04
 7.500000000E-01 5.051694810E-02 1.444003465E-05 3.383157018E-04
 7.500000000E-01 5.052749068E-02 1.412700112E-05 3.371952043E-04
 7.500000000E-01 5.053824186E-02 1.382068876E-05 3.360344563E-04
 7.500000000E-01 5.054922402E-02 1.352091112E-05 3.348332248E-04
 7.500000000E-01 5.056042224E-02 1.322749358E-05 3.335913643E-04
 7.500000000E-01 5.057185143E-02 1.294026515E-05 3.323086130E-04
 7.500000000E-01 5.058351159E-02 1.265905939E-05 3.309848253E-04
 7.500000000E-01 5.059541017E-02 1.238371442E-05 3.296197974E-04
 7.500000000E-01 5.060754716E-02 1.211407471E-05 3.282133257E-04
 7.500000000E-01 5.061994493E-02 1.184998655E-05 3.267652355E-04
 7.500000000E-01 5.063258111E-02 1.159130443E-05 3.252753522E-04
 7.500000000E-01 5.064547062E-02 1.133788555E-05 3.237435594E-04
 7.500000000E-01 5.065863580E-02 1.108959077E-05 3.221696825E-04
 7.500000000E-01 5.067206174E-02 1.084628730E-05 3.205535759E-04
 7.500000000E-01 5.068576336E-02 1.060784325E-05 3.188951523E-04
 7.500000000E-01 5.069974065E-02 1.037413313E-05 3.171942662E-04
 7.500000000E-01 5.071400851E-02 1.014503414E-05 3.154509468E-04
 7.500000000E-01 5.072855949E-02 9.920428056E-06 3.136649902E-04
 7.500000000E-01 5.074341595E-02 9.700200280E-06 3.118364257E-04
 7.500000000E-01 5.075857043E-02 9.484239854E-06 3.099652822E-04
 7.500000000E-01 5.077403039E-02 9.272437637E-06 3.080515307E-04
 7.500000000E-01 5.078980327E-02 9.064690857E-06 3.060952295E-04
 7.500000000E-01 5.080591142E-02 8.860897651E-06 3.040964075E-04
 7.500000000E-01 5.082233250E-02 8.660962521E-06 3.020552394E-04
 7.500000000E-01 5.083909631E-02 8.464789062E-06 2.999718417E-04
 7.500000000E-01 5.085619539E-02 8.272287232E-06 2.978463890E-04
 7.500000000E-01 5.087364465E-02 8.083368812E-06 2.956790850E-04
 7.500000000E-01 5.089145154E-02 7.897948308E-06 2.934702206E-04
 7.500000000E-01 5.090962350E-02 7.715946595E-06 2.912201453E-04
 7.500000000E-01 5.092816055E-02 7.537281817E-06 2.889291500E-04
 7.500000000E-01 5.094707012E-02 7.361879398E-06 2.865976421E-04
 7.500000000E-01 5.096637458E-02 7.189667485E-06 2.842261165E-04
 7.500000000E-01 5.098606646E-02 7.020574230E-06 2.818150679E-04
 7.500000000E-01 5.100616813E-02 6.854533240E-06 2.793650783E-04
 7.500000000E-01 5.102667212E-02 6.691480394E-06 2.768767299E-04
 7.500000000E-01 5.104759336E-02 6.531353392E-06 2.743508085E-04
 7.500000000E-01 5.106893927E-02 6.374093573E-06 2.717879834E-04
 7.500000000E-01 5.109071732E-02 6.219645002E-06 2.691891277E-04
 7.500000000E-01 5.111294985E-02 6.067953109E-06 2.665551146E-04
 7.500000000E-01 5.113562942E-02 5.918967872E-06 2.638869337E-04
 7.500000000E-01 5.115877092E-02 5.772640179E-06 2.611855743E-04
 7.500000000E-01 5.118238181E-02 5.628924555E-06 2.584521717E-04
 7.500000000E-01 5.120646954E-02 5.487776434E-06 2.556879190E-04
 7.500000000E-01 5.123105645E-02 5.349155799E-06 2.528940677E-04
 7.500000000E-01 5.125615001E-02 5.213024451E-06 2.500719856E-04
 7.500000000E-01 5.128173530E-02 5.079345101E-06 2.472230699E-04
 7.500000000E-01 5.130785704E-02 4.948084097E-06 2.443488629E-04
 7.500000000E-01 5.133450776E-02 4.819210062E-06 2.414508781E-04
 7.500000000E-01 5.136169493E-02 4.692692983E-06 2.385308326E-04
 7.500000000E-01 5.138944089E-02 4.568506029E-06 2.355904435E-04
 7.500000000E-01 5.141775310E-02 4.446623734E-06 2.326315152E-04
 7.500000000E-01 5.144664645E-02 4.327022452E-06 2.296559542E-04
 7.500000000E-01 5.147612095E-02 4.209680810E-06 2.266657393E-04
 7.500000000E-01 5.150619894E-02 4.094579253E-06 2.236628934E-04
 7.500000000E-01 5.153688788E-02 3.981699592E-06 2.206495265E-04
 7.500000000E-01 5.156820267E-02 3.871025910E-06 2.176278067E-04
 7.500000000E-01 5.160015821E-02 3.762543201E-06 2.145999752E-04
 7.500000000E-01 5.163276196E-02 3.656237823E-06 2.115682873E-04
 7.500000000E-01 5.166602880E-02 3.552097496E-06 2.085350861E-04
 7.500000000E-01 5.169997364E-02 3.450111308E-06 2.055027871E-04
 7.500000000E-01 5.173461139E-02 3.350269253E-06 2.024737478E-04
 7.500000000E-01 5.176995695E-02 3.252561328E-06 1.994504128E-04
 7.500000000E-01 5.180601776E-02 3.156979801E-06 1.964352705E-04
 7.500000000E-01 5.184280872E-02 3.063516033E-06 1.934307802E-04
 7.500000000E-01 5.188035965E-02 2.972162065E-06 1.904393866E-04
 7.500000000E-01 5.191867054E-02 2.882910849E-06 1.874635636E-04
 7.500000000E-01 5.195776373E-02 2.795754199E-06 1.845057704E-04
 7.500000000E-01 5.199765414E-02 2.710684839E-06 1.815683790E-04
 7.500000000E-01 5.203835666E-02 2.627694585E-06 1.786538196E-04
 7.500000000E-01 5.207988620E-02 2.546774795E-06 1.757643477E-04
 7.500000000E-01 5.212226510E-02 2.467916147E-06 1.729022770E-04
 7.500000000E-01 5.216550082E-02 2.391108865E-06 1.700697176E-04
 7.500000000E-01 5.220961571E-02 2.316341352E-06 1.672688231E-04
 7.500000000E-01 5.225463957E-02 2.243601784E-06 1.645015727E-04
 7.500000000E-01 5.230057240E-02 2.172876520E-06 1.617698290E-04
 7.500000000E-01 5.234745145E-02 2.104150781E-06 1.590753673E-04
 7.500000000E-01 5.239526927E-02 2.037407739E-06 1.564198465E-04
 7.500000000E-01 5.244407058E-02 1.972629889E-06 1.538047218E-04
 7.500000000E-01 5.249387026E-02 1.909797220E-06 1.512313902E-04
 7.500000000E-01 5.254468322E-02 1.848888019E-06 1.487009868E-04
 7.500000000E-01 5.259652436E-02 1.789878979E-06 1.462146029E-04
 7.500000000E-01 5.264942348E-02 1.732744863E-06 1.437730680E-04
 7.500000000E-01 5.270341039E-02 1.677458499E-06 1.413770660E-04
 7.500000000E-01 5.275848508E-02 1.623990784E-06 1.390271354E-04
 7.500000000E-01 5.281468481E-02 1.572311021E-06 1.367235382E-04
 7.500000000E-01 5.287203193E-02 1.522386128E-06 1.344665070E-04
 7.500000000E-01 5.293054879E-02 1.474182000E-06 1.322559547E-04
 7.500000000E-01 5.299025029E-02 1.427662255E-06 1.300916483E-04
 7.500000000E-01 5.305117369E-02 1.382789151E-06 1.279732387E-04
 7.500000000E-01 5.311334133E-02 1.339523351E-06 1.259001147E-04
 7.500000000E-01 5.317676812E-02 1.297824042E-06 1.238715195E-04
 7.500000000E-01 5.324149132E-02 1.257649387E-06 1.218865727E-04
 7.500000000E-01 5.330753326E-02 1.218956186E-06 1.199441322E-04
 7.500000000E-01 5.337491632E-02 1.181700213E-06 1.180429826E-04
 7.500000000E-01 5.344367027E-02 1.145836450E-06 1.161817272E-04
 7.500000000E-01 5.351383239E-02 1.111319079E-06 1.143588233E-04
 7.500000000E-01 5.358542502E-02 1.078101718E-06 1.125725830E-04
 7.500000000E-01 5.365847051E-02 1.046137413E-06 1.108211873E-04
 7.500000000E-01 5.373300612E-02 1.015379098E-06 1.091027370E-04
 7.500000000E-01 5.380906165E-02 9.857792520E-07 1.074151514E-04
 7.500000000E-01 5.388666689E-02 9.572903537E-07 1.057563131E-04
 7.500000000E-01 5.396585166E-02 9.298648820E-07 1.041239302E-04
 7.500000000E-01 5.404664576E-02 9.034557706E-07 1.025157108E-04
 7.500000000E-01 5.412909389E-02 8.780157827E-07 1.009292173E-04
 7.500000000E-01 5.421321094E-02 8.534982499E-07 9.936197603E-05
 7.500000000E-01 5.429904908E-02 8.298569583E-07 9.781142580E-05
 7.500000000E-01 5.438663065E-02 8.070460353E-07 9.627497639E-05
 7.500000000E-01 5.447600782E-02 7.850204611E-07 9.474995022E-05
 7.500000000E-01 5.456719548E-02 7.637356703E-07 9.323367703E-05
 7.500000000E-01 5.466024578E-02 7.431478366E-07 9.172342834E-05
 7.500000000E-01 5.475518852E-02 7.232139296E-07 9.021647566E-05
 7.500000000E-01 5.485206842E-02 7.038916010E-07 8.871006139E-05
 7.500000000E-01 5.495092273E-02 6.851395256E-07 8.720141341E-05
 7.500000000E-01 5.505178869E-02 6.669172308E-07 8.568779594E-05
 7.500000000E-01 5.515471101E-02 6.491849831E-07 8.416648052E-05
 7.500000000E-01 5.525971949E-02 6.319040722E-07 8.263475320E-05
 7.500000000E-01 5.536688119E-02 6.150369245E-07 8.108995826E-05
 7.500000000E-01 5.547621846E-02 5.985466487E-07 7.952947635E-05
 7.500000000E-01 5.558779091E-02 5.823977176E-07 7.795076817E-05
 7.500000000E-01 5.570162833E-02 5.665555136E-07 7.635136717E-05
 7.500000000E-01 5.581779033E-02 5.509865559E-07 7.472891593E-05
 7.500000000E-01 5.593632162E-02 5.356586144E-07 7.308117347E-05
 7.500000000E-01 5.605725944E-02 5.205407092E-07 7.140602975E-05
 7.500000000E-01 5.618066341E-02 5.056031114E-07 6.970155664E-05
 7.500000000E-01 5.630658567E-02 4.908175697E-07 6.796597881E-05
 7.500000000E-01 5.643506348E-02 4.761571972E-07 6.619776104E-05
 7.500000000E-01 5.656617135E-02 4.615968692E-07 6.439560821E-05
 7.500000000E-01 5.669994652E-02 4.471131660E-07 6.255848712E-05
 7.500000000E-01 5.683644116E-02 4.326844589E-07 6.068568473E-05
 7.500000000E-01 5.697572231E-02 4.182912789E-07 5.877682270E-05
 7.500000000E-01 5.711783469E-02 4.039163173E-07 5.683190830E-05
 7.500000000E-01 5.726285279E-02 3.895447094E-07 5.485138536E-05
 7.500000000E-01 5.741082132E-02 3.751641202E-07 5.283613791E-05
 7.500000000E-01 5.756179988E-02 3.607652843E-07 5.078757385E-05
 7.500000000E-01 5.771585554E-02 3.463418352E-07 4.870763587E-05
 7.500000000E-01 5.787305534E-02 3.318908739E-07 4.659886690E-05
 7.500000000E-01 5.803345144E-02 3.174131393E-07 4.446442836E-05
 7.500000000E-01 5.819711089E-02 3.029131790E-07 4.230813647E-05
 7.500000000E-01 5.836411566E-02 2.883998036E-07 4.013449507E-05
 7.500000000E-01 5.853451788E-02 2.738860303E-07 3.794871373E-05
 7.500000000E-01 5.870839208E-02 2.593895658E-07 3.575670780E-05
 7.500000000E-01 5.888581276E-02 2.449327781E-07 3.356509842E-05
 7.500000000E-01 5.906683952E-02 2.305428950E-07 3.138117609E-05
 7.500000000E-01 5.925156176E-02 2.162518626E-07 2.921287887E-05
 7.500000000E-01 5.944004655E-02 2.020964729E-07 2.706869964E-05
 7.500000000E-01 5.963236094E-02 1.881179230E-07 2.495761873E-05
 7.500000000E-01 5.982860923E-02 1.743615883E-07 2.288896758E-05
 7.500000000E-01 6.002884358E-02 1.608764677E-07 2.087229041E-05
 7.500000000E-01 6.023316085E-02 1.477144735E-07 1.891717329E-05
 7.500000000E-01 6.044164300E-02 1.349295786E-07 1.703304588E-05
 7.500000000E-01 6.065437198E-02 1.225767789E-07 1.522896491E-05
 7.500000000E-01 6.087143719E-02 1.107108929E-07 1.351339688E-05
 7.500000000E-01 6.109291315E-02 9.938521828E-08 1.189397699E-05
 7.500000000E-01 6.131891161E-02 8.865025336E-08 1.037729271E-05
 7.500000000E-01 6.154951453E-02 7.855214079E-08 8.968676411E-06
 7.500000000E-01 6.178481132E-02 6.913138861E-08 7.672028005E-06
 7.500000000E-01 6.202490628E-02 6.042161260E-08 6.489698080E-06
 7.500000000E-01 6.226988137E-02 5.243906642E-08 5.420857633E-06
 7.500000000E-01 6.251986325E-02 4.516910934E-08 4.459749562E-06
 7.500000000E-01 6.277492642E-02 3.857035580E-08 3.597344858E-06
 7.500000000E-01 6.303519011E-02 3.261721915E-08 2.828430297E-06
 7.500000000E-01 6.330075860E-02 2.731382764E-08 2.152755997E-06
 7.500000000E-01 6.357173622E-02 2.266200383E-08 1.569349706E-06
 7.500000000E-01 6.384823471E-02 1.865010368E-08 1.074955662E-06
 7.500000000E-01 6.413035840E-02 1.526096050E-08 6.653236824E-07
 7.500000000E-01 6.441824138E-02 1.249318426E-08 3.378289080E-07
 7.500000000E-01 6.471198052E-02 1.050983656E-08 1.066495372E-07
 7.500000000E-01 6.501170993E-02 9.724027805E-09 1.464070465E-08
 7.500000000E-01 6.531754136E-02 9.596030637E-09 1.117072990E-09
 7.500000000E-01 6.562960893E-02 9.572486803E-09 9.988586347E-11
 7.500000000E-01 6.594803184E-02 9.557464153E-09 3.682494240E-11
 7.500000000E-01 6.627293676E-02 9.543263957E-09 3.307447372E-11
 7.500000000E-01 6.660446525E-02 9.529388834E-09 3.276499211E-11
 7.500000000E-01 6.694275141E-02 9.515813026E-09 3.265031301E-11
 7.500000000E-01 6.728792191E-02 9.502533871E-09 3.254989334E-11
 7.500000000E-01 6.764013320E-02 9.489548702E-09 3.245403946E-11
 7.500000000E-01 6.799951196E-02 9.476848639E-09 3.236223789E-11
 7.500000000E-01 6.836621463E-02 9.464425688E-09 3.227441231E-11
 7.500000000E-01 6.874039024E-02 9.452268301E-09 3.219047945E-11
 7.500000000E-01 6.912218779E-02 9.440361382E-09 3.211032135E-11
 7.500000000E-01 6.951176375E-02 9.428692493E-09 3.203380616E-11
 7.500000000E-01 6.990927458E-02 9.417241209E-09 3.196076737E-11
 7.500000000E-01 7.031489164E-02 9.405992429E-09 3.189102107E-11
 7.500000000E-01 7.072876394E-02 9.394927503E-09 3.182436953E-11
 7.500000000E-01 7.115107030E-02 9.384025113E-09 3.176060109E-11
 7.500000000E-01 7.158198208E-02 9.373268384E-09 3.169949025E-11
 7.500000000E-01 7.202167064E-02 9.362636888E-09 3.164081497E-11
 7.500000000E-01 7.247032225E-02 9.352112862E-09 3.158434278E-11
 7.500000000E-01 7.292810827E-02 9.341676765E-09 3.152984818E-11
 7.500000000E-01 7.339522243E-02 9.331310835E-09 3.147710217E-11
 7.500000000E-01 7.387185097E-02 9.320999972E-09 3.142588273E-11
 7.500000000E-01 7.435819507E-02 9.310726412E-09 3.137598514E-11
 7.500000000E-01 7.485444099E-02 9.300475057E-09 3.132718737E-11
 7.500000000E-01 7.536078990E-02 9.290232583E-09 3.127930553E-11
 7.500000000E-01 7.587747276E-02 9.279986557E-09 3.123214187E-11
 7.500000000E-01 7.640467584E-02 9.269722767E-09 3.118552291E-11
 7.500000000E-01 7.694260776E-02 9.259434108E-09 3.113928559E-11
 7.500000000E-01 7.749152184E-02 9.249108146E-09 3.109327379E-11
 7.500000000E-01 7.805161178E-02 9.238736887E-09 3.104734525E-11
 7.500000000E-01 7.862310112E-02 9.228313225E-09 3.100136120E-11
 7.500000000E-01 7.920624316E-02 9.217830055E-09 3.095520021E-11
 7.500000000E-01 7.980124652E-02 9.207282048E-09 3.090874778E-11
 7.500000000E-01 8.040839434E-02 9.196662987E-09 3.086188596E-11
 7.500000000E-01 8.102791011E-02 9.185969319E-09 3.081451760E-11
 7.500000000E-01 8.166003227E-02 9.175199267E-09 3.076654209E-11
 7.500000000E-01 8.230504394E-02 9.164346615E-09 3.071786575E-11
 7.500000000E-01 8.296319842E-02 9.153412250E-09 3.066839838E-11
 7.500000000E-01 8.363474905E-02 9.142391733E-09 3.061804976E-11
 7.500000000E-01 8.431999385E-02 9.131285950E-09 3.056672970E-11
 7.500000000E-01 8.501918614E-02 9.120092237E-09 3.051434452E-11
 7.500000000E-01 8.573263884E-02 9.108811483E-09 3.046078667E-11
 7.500000000E-01 8.646062016E-02 9.097442799E-09 3.040594859E-11
 7.500000000E-01 8.720342815E-02 9.085987074E-09 3.034969151E-11
 7.500000000E-01 8.796137571E-02 9.074443419E-09 3.029184542E-11
 7.500000000E-01 8.873476088E-02 9.062812723E-09 3.023217787E-11
 7.500000000E-01 8.952389657E-02 9.051097649E-09 3.017035233E-11
 7.500000000E-01 9.032912552E-02 9.039295534E-09 3.010556388E-11
 7.500000000E-01 9.115074575E-02 9.027411707E-09 3.003368387E-11
 7.500000000E-01 9.198911488E-02 9.015444391E-09 2.995689113E-11
 7.500000000E-01 9.284456074E-02 9.003396251E-09 2.987957104E-11
 7.500000000E-01 9.371742606E-02 8.991269063E-09 2.980184155E-11
 7.500000000E-01 9.460808337E-02 8.979063715E-09 2.972372001E-11
 7.500000000E-01 9.551687539E-02 8.966782872E-09 2.964521684E-11
 7.500000000E-01 9.644420445E-02 8.954428310E-09 2.956634937E-11
 7.500000000E-01 9.739039838E-02 8.942000918E-09 2.948712802E-11
 7.500000000E-01 9.835587442E-02 8.929504247E-09 2.940757360E-11
 7.500000000E-01 9.934104979E-02 8.916940075E-09 2.932768958E-11
 7.500000000E-01 1.003462970E-01 8.904310178E-09 2.924750026E-11
 7.500000000E-01 1.013720036E-01 8.891618108E-09 2.916702296E-11
 7.500000000E-01 1.024186015E-01 8.878863866E-09 2.908626465E-11
 7.500000000E-01 1.034865007E-01 8.866052781E-09 2.900525306E-11
 7.500000000E-01 1.045762002E-01 8.853184852E-09 2.892400208E-11
 7.500000000E-01 1.056881025E-01 8.840265409E-09 2.884252732E-11
 7.500000000E-01 1.068226025E-01 8.827294451E-09 2.876084960E-11
 7.500000000E-01 1.079801992E-01 8.814277308E-09 2.867898627E-11
 7.500000000E-01 1.091615036E-01 8.801213980E-09 2.859695640E-11
 7.500000000E-01 1.103667021E-01 8.788109795E-09 2.851477908E-11
 7.500000000E-01 1.115965992E-01 8.774966531E-09 2.843247512E-11
 7.500000000E-01 1.128515005E-01 8.761786852E-09 2.835006188E-11
 7.500000000E-01 1.141320020E-01 8.748575198E-09 2.826756190E-11
 7.500000000E-01 1.154384986E-01 8.735332457E-09 2.818499253E-11
 7.500000000E-01 1.167716980E-01 8.722063960E-09 2.810237806E-11
 7.500000000E-01 1.181320995E-01 8.708772370E-09 2.801973584E-11
 7.500000000E-01 1.195200980E-01 8.695460352E-09 2.793709014E-11
 7.500000000E-01 1.209364012E-01 8.682132346E-09 2.785445659E-11
 7.500000000E-01 1.223815978E-01 8.668790130E-09 2.777186120E-11
 7.500000000E-01 1.238562986E-01 8.655437256E-09 2.768932306E-11
 7.500000000E-01 1.253609061E-01 8.642079052E-09 2.760686124E-11
 7.500000000E-01 1.268962026E-01 8.628717296E-09 2.752450351E-11
 7.500000000E-01 1.284628958E-01 8.615355540E-09 2.744226547E-11
 7.500000000E-01 1.300614029E-01 8.601997337E-09 2.736017142E-11
 7.500000000E-01 1.316924989E-01 8.588646239E-09 2.727824043E-11
 7.500000000E-01 1.333567947E-01 8.575307575E-09 2.719649679E-11
 7.500000000E-01 1.350550056E-01 8.561981346E-09 2.711495958E-11
 7.500000000E-01 1.367878020E-01 8.548674657E-09 2.703365309E-11
 7.500000000E-01 1.385560036E-01 8.535388396E-09 2.695259640E-11
 7.500000000E-01 1.403601021E-01 8.522127892E-09 2.687181033E-11
 7.500000000E-01 1.422010064E-01 8.508896698E-09 2.679131916E-11
 7.500000000E-01 1.440794021E-01 8.495696591E-09 2.671114198E-11
 7.500000000E-01 1.459960938E-01 8.482532898E-09 2.663129786E-11
 7.500000000E-01 1.479517967E-01 8.469408286E-09 2.655180936E-11
 7.500000000E-01 1.499474049E-01 8.456328082E-09 2.647269903E-11
 7.500000000E-01 1.519836038E-01 8.443294064E-09 2.639398422E-11
 7.500000000E-01 1.540613025E-01 8.430309784E-09 2.631568574E-11
 7.500000000E-01 1.561813951E-01 8.417378794E-09 2.623782441E-11
 7.500000000E-01 1.583445966E-01 8.404506424E-09 2.616041758E-11
 7.500000000E-01 1.605519056E-01 8.391694450E-09 2.608348607E-11
 7.500000000E-01 1.628042012E-01 8.378945537E-09 2.600704721E-11
 7.500000000E-01 1.651023030E-01 8.366264126E-09 2.593112183E-11
 7.500000000E-01 1.674472988E-01 8.353654657E-09 2.585572902E-11
 7.500000000E-01 1.698400974E-01 8.341118019E-09 2.578088437E-11
 7.500000000E-01 1.722815931E-01 8.328660428E-09 2.570660351E-11
 7.500000000E-01 1.747727990E-01 8.316281885E-09 2.563290899E-11
 7.500000000E-01 1.773148030E-01 8.303987720E-09 2.555981121E-11
 7.500000000E-01 1.799086034E-01 8.291779707E-09 2.548733100E-11
 7.500000000E-01 1.825551987E-01 8.279662289E-09 2.541548222E-11
 7.500000000E-01 1.852557957E-01 8.267637241E-09 2.534428223E-11
 7.500000000E-01 1.880113035E-01 8.255708117E-09 2.527374143E-11
 7.500000000E-01 1.908230036E-01 8.243876692E-09 2.520387718E-11
 7.500000000E-01 1.936919987E-01 8.232146520E-09 2.513470335E-11
 7.500000000E-01 1.966194063E-01 8.220521153E-09 2.506623034E-11
 7.500000000E-01 1.996064931E-01 8.209000590E-09 2.499847204E-11
 7.500000000E-01 2.026544064E-01 8.197590162E-09 2.493144233E-11
 7.500000000E-01 2.057645023E-01 8.186289868E-09 2.486515160E-11
 7.500000000E-01 2.089377940E-01 8.175103261E-09 2.479961028E-11
 7.500000000E-01 2.121759057E-01 8.164033005E-09 2.473482877E-11
 7.500000000E-01 2.154798955E-01 8.153079101E-09 2.467081400E-11
 7.500000000E-01 2.188511938E-01 8.142245989E-09 2.460757986E-11
 7.500000000E-01 2.222912014E-01 8.131534557E-09 2.454512982E-11
 7.500000000E-01 2.258013040E-01 8.120945694E-09 2.448347775E-11
 7.500000000E-01 2.293829024E-01 8.110481176E-09 2.442262365E-11
 7.500000000E-01 2.330373973E-01 8.100144555E-09 2.436257793E-11
 7.500000000E-01 2.367665023E-01 8.089935832E-09 2.430334406E-11
 7.500000000E-01 2.405714989E-01 8.079855895E-09 2.424493072E-11
 7.500000000E-01 2.444539964E-01 8.069906521E-09 2.418733963E-11
 7.500000000E-01 2.484154999E-01 8.060089485E-09 2.413057427E-11
 7.500000000E-01 2.524578869E-01 8.050404787E-09 2.407463812E-11
 7.500000000E-01 2.565825880E-01 8.040853317E-09 2.401953289E-11
 7.500000000E-01 2.607912123E-01 8.031435073E-09 2.396526380E-11
 7.500000000E-01 2.650856972E-01 8.022153608E-09 2.391182564E-11
 7.500000000E-01 2.694677114E-01 8.013005370E-09 2.385922362E-11
 7.500000000E-01 2.739388049E-01 8.003993912E-09 2.380745254E-11
 7.500000000E-01 2.785012126E-01 7.995117457E-09 2.375651585E-11
 7.500000000E-01 2.831563950E-01 7.986376893E-09 2.370640663E-11
 7.500000000E-01 2.879064977E-01 7.977771332E-09 2.365712487E-11
 7.500000000E-01 2.927533090E-01 7.969303439E-09 2.360866710E-11
 7.500000000E-01 2.976990044E-01 7.960967885E-09 2.356102813E-11
 7.500000000E-01 3.027453125E-01 7.952768222E-09 2.351420100E-11
 7.500000000E-01 3.078944981E-01 7.944701785E-09 2.346818226E-11
 7.500000000E-01 3.131485879E-01 7.936768576E-09 2.342296149E-11
 7.500000000E-01 3.185096979E-01 7.928966816E-09 2.337853175E-11
 7.500000000E-01 3.239800036E-01 7.921295619E-09 2.333488611E-11
 7.500000000E-01 3.295617998E-01 7.913753208E-09 2.329200895E-11
 7.500000000E-01 3.352574110E-01 7.906337807E-09 2.324989333E-11
 7.500000000E-01 3.410688937E-01 7.899048526E-09 2.320852364E-11
 7.500000000E-01 3.469988108E-01 7.891881815E-09 2.316788775E-11
 7.500000000E-01 3.530496061E-01 7.884835895E-09 2.312797003E-11
 7.500000000E-01 3.592236042E-01 7.877908104E-09 2.308875313E-11
 7.500000000E-01 3.655233979E-01 7.871095775E-09 2.305021625E-11
 7.500000000E-01 3.719514906E-01 7.864393581E-09 2.301234030E-11
 7.500000000E-01 3.785107136E-01 7.857799744E-09 2.297510099E-11
 7.500000000E-01 3.852033913E-01 7.851310713E-09 2.293847404E-11
 7.500000000E-01 3.920325041E-01 7.844917604E-09 2.290242648E-11
 7.500000000E-01 3.990007043E-01 7.838616867E-09 2.286692190E-11
 7.500000000E-01 4.061109126E-01 7.832400506E-09 2.283192038E-11
 7.500000000E-01 4.133659005E-01 7.826259640E-09 2.279736989E-11
 7.500000000E-01 4.207687974E-01 7.820182724E-09 2.276320452E-11
 7.500000000E-01 4.283224046E-01 7.814154657E-09 2.272933751E-11
 7.500000000E-01 4.360300004E-01 7.808154123E-09 2.269564744E-11
 7.500000000E-01 4.438945949E-01 7.802142932E-09 2.266192962E-11
 7.500000000E-01 4.519194067E-01 7.796048251E-09 2.262776772E-11
 7.500000000E-01 4.601075947E-01 7.789582313E-09 2.259156751E-11
 7.500000000E-01 4.684627950E-01 7.782936073E-09 2.255438718E-11
 7.500000000E-01 4.769881070E-01 7.776735700E-09 2.251972220E-11
 7.500000000E-01 4.856871068E-01 7.770954547E-09 2.248742859E-11
 7.500000000E-01 4.945634007E-01 7.765567744E-09 2.245735889E-11
 7.500000000E-01 5.036203861E-01 7.760553089E-09 2.242937260E-11
 7.500000000E-01 5.128620267E-01 7.755884823E-09 2.240334133E-11
 7.500000000E-01 5.222918987E-01 7.751543407E-09 2.237914021E-11
 7.500000000E-01 5.319138765E-01 7.747508413E-09 2.235665472E-11
 7.500000000E-01 5.417320132E-01 7.743758523E-09 2.233577212E-11
 7.500000000E-01 5.517498851E-01 7.740277752E-09 2.231638832E-11
 7.500000000E-01 5.619720817E-01 7.737046559E-09 2.229840618E-11
 7.500000000E-01 5.724024773E-01 7.734049845E-09 2.228172855E-11
 7.500000000E-01 5.830454230E-01 7.731271623E-09 2.226627563E-11
 7.500000000E-01 5.939052105E-01 7.728697682E-09 2.225196069E-11
 7.500000000E-01 6.049860716E-01 7.726313811E-09 2.223870393E-11
 7.500000000E-01 6.162927747E-01 7.724107576E-09 2.222643597E-11
 7.500000000E-01 6.278299093E-01 7.722066542E-09 2.221509088E-11
 7.500000000E-01 6.396020055E-01 7.720180051E-09 2.220459927E-11
 7.500000000E-01 6.516140103E-01 7.718435668E-09 2.219490564E-11
 7.500000000E-01 6.638705730E-01 7.716824513E-09 2.218594926E-11
 7.500000000E-01 6.763769984E-01 7.715335926E-09 2.217768157E-11
 7.500000000E-01 6.891381741E-01 7.713963690E-09 2.217005225E-11
 7.500000000E-01 7.021592855E-01 7.712698036E-09 2.216301448E-11
 7.500000000E-01 7.154458165E-01 7.711530081E-09 2.215652488E-11
 7.500000000E-01 7.290027738E-01 7.710454497E-09 2.215054529E-11
 7.500000000E-01 7.428361773E-01 7.709463290E-09 2.214503581E-11
 7.500000000E-01 7.569512725E-01 7.708551131E-09 2.213996347E-11
 7.500000000E-01 7.713540196E-01 7.707711802E-09 2.213529360E-11
 7.500000000E-01 7.860500813E-01 7.706939087E-09 2.213099842E-11
 7.500000000E-01 8.010457158E-01 7.706228544E-09 2.212704672E-11
 7.500000000E-01 8.163467050E-01 7.705576621E-09 2.212341595E-11
 7.500000000E-01 8.319594264E-01 7.704976213E-09 2.212008007E-11
 7.500000000E-01 8.478903174E-01 7.704426430E-09 2.211701482E-11
 7.500000000E-01 8.641456962E-01 7.703921057E-09 2.211419936E-11
 7.500000000E-01 8.807321787E-01 7.703457428E-09 2.211161809E-11
 7.500000000E-01 8.976566792E-01 7.703032878E-09 2.210924846E-11
 7.500000000E-01 9.149261117E-01 7.702643856E-09 2.210707659E-11
 7.500000000E-01 9.325472116E-01 7.702285920E-09 2.210508512E-11
 7.500000000E-01 9.505273104E-01 7.701959959E-09 2.210326019E-11
 7.500000000E-01 9.688736796E-01 7.701659754E-09 2.210158792E-11
 7.500000000E-01 9.875938296E-01 7.701386195E-09 2.210005789E-11
 7.500000000E-01 1.006695986E+00 7.701135729E-09 2.209865797E-11
 7.500000000E-01 1.026185989E+00 7.700907467E-09 2.209737601E-11
 7.500000000E-01 1.046074033E+00 7.700698745E-09 2.209620507E-11
 7.500000000E-01 1.066367030E+00 7.700507787E-09 2.209513475E-11
 7.500000000E-01 1.087074041E+00 7.700332816E-09 2.209415637E-11
 7.500000000E-01 1.108201981E+00 7.700174720E-09 2.209326298E-11
 7.500000000E-01 1.129760981E+00 7.700029947E-09 2.209244766E-11
 7.500000000E-01 1.151757956E+00 7.699897608E-09 2.209170347E-11
 7.500000000E-01 1.174204946E+00 7.699777704E-09 2.209102692E-11
 7.500000000E-01 1.197108030E+00 7.699668458E-09 2.209040589E-11
 7.500000000E-01 1.220478058E+00 7.699568982E-09 2.208984384E-11
 7.500000000E-01 1.244323969E+00 7.699478388E-09 2.208933036E-11
 7.500000000E-01 1.268656015E+00 7.699396676E-09 2.208886372E-11
 7.500000000E-01 1.293483973E+00 7.699322069E-09 2.208843872E-11
 7.500000000E-01 1.318817019E+00 7.699254567E-09 2.208805361E-11
 7.500000000E-01 1.344666958E+00 7.699194171E-09 2.208770319E-11
 7.500000000E-01 1.371042967E+00 7.699139104E-09 2.208738401E-11
 7.500000000E-01 1.397956014E+00 7.699088478E-09 2.208709604E-11
 7.500000000E-01 1.425418019E+00 7.699043181E-09 2.208683410E-11
 7.500000000E-01 1.453439951E+00 7.699003213E-09 2.208659644E-11
 7.500000000E-01 1.482031941E+00 7.698966797E-09 2.208638133E-11
 7.500000000E-01 1.511206985E+00 7.698933047E-09 2.208618878E-11
 7.500000000E-01 1.540976048E+00 7.698904625E-09 2.208601357E-11
 7.500000000E-01 1.571352005E+00 7.698877980E-09 2.208585745E-11
 7.500000000E-01 1.602345943E+00 7.698853999E-09 2.208571520E-11
 7.500000000E-01 1.633972049E+00 7.698833571E-09 2.208558683E-11
 7.500000000E-01 1.666242003E+00 7.698814919E-09 2.208547234E-11
 7.500000000E-01 1.699169993E+00 7.698798044E-09 2.208536826E-11
 7.500000000E-01 1.732768059E+00 7.698783833E-09 2.208527805E-11
 7.500000000E-01 1.767050982E+00 7.698771398E-09 2.208519478E-11
 7.500000000E-01 1.802032948E+00 7.698759852E-09 2.208512193E-11
 7.500000000E-01 1.837726951E+00 7.698750082E-09 2.208505774E-11
 7.500000000E-01 1.874148011E+00 7.698741200E-09 2.208500050E-11
 7.500000000E-01 1.911311030E+00 7.698734095E-09 2.208495019E-11
 7.500000000E-01 1.949231982E+00 7.698728766E-09 2.208490682E-11
 7.500000000E-01 1.987925053E+00 7.698723437E-09 2.208486692E-11
 7.500000000E-01 2.027405977E+00 7.698719884E-09 2.208483396E-11
 7.500000000E-01 2.067692041E+00 7.698716331E-09 2.208480447E-11
 7.500000000E-01 2.108798027E+00 7.698712778E-09 2.208477845E-11
 7.500000000E-01 2.150742054E+00 7.698711002E-09 2.208475763E-11
 7.500000000E-01 2.193540096E+00 7.698710114E-09 2.208474029E-11
 7.500000000E-01 2.237210989E+00 7.698709226E-09 2.208472641E-11
 7.500000000E-01 2.281770945E+00 7.698709226E-09 2.208471600E-11
 7.500000000E-01 2.327239037E+00 7.698709226E-09 2.208470559E-11
 7.500000000E-01 2.373632908E+00 7.698709226E-09 2.208469865E-11
 7.500000000E-01 2.420972109E+00 7.698711002E-09 2.208469518E-11
 7.500000000E-01 2.469275951E+00 7.698711890E-09 2.208469171E-11
 7.500000000E-01 2.518563986E+00 7.698712778E-09 2.208469171E-11
 7.500000000E-01 2.568856001E+00 7.698714555E-09 2.208469171E-11
 7.500000000E-01 2.620172024E+00 7.698717219E-09 2.208469171E-11
 7.500000000E-01 2.672533989E+00 7.698719884E-09 2.208469518E-11
 7.500000000E-01 2.725963116E+00 7.698721660E-09 2.208469865E-11
 7.500000000E-01 2.780479908E+00 7.698723437E-09 2.208470559E-11
 7.500000000E-01 2.836107969E+00 7.698726989E-09 2.208471080E-11
 7.500000000E-01 2.892869949E+00 7.698728766E-09 2.208471600E-11
 7.500000000E-01 2.950787067E+00 7.698732318E-09 2.208472294E-11
 7.500000000E-01 3.009885073E+00 7.698735871E-09 2.208473161E-11
 7.500000000E-01 3.070187092E+00 7.698737647E-09 2.208474029E-11
 7.500000000E-01 3.131716967E+00 7.698741200E-09 2.208474723E-11
 7.500000000E-01 3.194500923E+00 7.698743865E-09 2.208475590E-11
 7.500000000E-01 3.258563995E+00 7.698746529E-09 2.208476457E-11
 7.500000000E-01 3.323930979E+00 7.698750082E-09 2.208477498E-11
 7.500000000E-01 3.390630960E+00 7.698752746E-09 2.208478192E-11
 7.500000000E-01 3.458689928E+00 7.698755411E-09 2.208479233E-11
 7.500000000E-01 3.528135061E+00 7.698758964E-09 2.208480100E-11
 7.500000000E-01 3.598994970E+00 7.698761628E-09 2.208480968E-11
 7.500000000E-01 3.671298981E+00 7.698764293E-09 2.208481835E-11
 7.500000000E-01 3.745074987E+00 7.698766957E-09 2.208482702E-11
 7.500000000E-01 3.820354939E+00 7.698769622E-09 2.208483743E-11
 7.500000000E-01 3.897167921E+00 7.698771398E-09 2.208484437E-11
 7.500000000E-01 3.975547075E+00 7.698774951E-09 2.208485131E-11
 7.500000000E-01 4.055521011E+00 7.698776727E-09 2.208485825E-11
 7.500000000E-01 4.137125969E+00 7.698778504E-09 2.208486692E-11
 7.500000000E-01 4.220393181E+00 7.698780280E-09 2.208487386E-11
 7.500000000E-01 4.305356026E+00 7.698782056E-09 2.208487906E-11
 7.500000000E-01 4.392049789E+00 7.698783833E-09 2.208488600E-11
 7.500000000E-01 4.480511189E+00 7.698785609E-09 2.208488947E-11
 7.500000000E-01 4.570774078E+00 7.698786497E-09 2.208489294E-11
 7.500000000E-01 4.662875175E+00 7.698787385E-09 2.208489815E-11
 7.500000000E-01 4.756853104E+00 7.698789162E-09 2.208490162E-11
 7.500000000E-01 4.852746010E+00 7.698789162E-09 2.208490335E-11
 7.500000000E-01 4.950592041E+00 7.698789162E-09 2.208490509E-11
ZONE T="FUN3D"
 7.500000000E-01 5.000000075E-02 1.496726513E+01 0.000000000E+00
 7.500000000E-01 5.000049621E-02 1.775080323E+00 3.594342532E-11
 7.500000000E-01 5.000099167E-02 5.085231662E-01 3.790071035E-10
 7.500000000E-01 5.000148714E-02 2.215116173E-01 1.651374593E-09
 7.500000000E-01 5.000198260E-02 1.206262559E-01 4.692479738E-09
 7.500000000E-01 5.000247806E-02 7.504408807E-02 1.048139708E-08
 7.500000000E-01 5.000297725E-02 5.091978982E-02 2.010822442E-08
 7.500000000E-01 5.000347644E-02 3.670484945E-02 3.476224464E-08
 7.500000000E-01 5.000397563E-02 2.765724808E-02 5.572703898E-08
 7.500000000E-01 5.000447854E-02 2.155550569E-02 8.437929466E-08
 7.500000000E-01 5.000498146E-02 1.725141890E-02 1.221899026E-07
 7.500000000E-01 5.000548810E-02 1.410466153E-02 1.707266364E-07
 7.500000000E-01 5.000599846E-02 1.173587143E-02 2.316581629E-07
 7.500000000E-01 5.000650883E-02 9.908966720E-03 3.067587784E-07
 7.500000000E-01 5.000702292E-02 8.470908739E-03 3.979142491E-07
 7.500000000E-01 5.000753701E-02 7.319022436E-03 5.071279929E-07
 7.500000000E-01 5.000805855E-02 6.382367574E-03 6.365282275E-07
 7.500000000E-01 5.000858009E-02 5.610675085E-03 7.883751323E-07
 7.500000000E-01 5.000910535E-02 4.967525136E-03 9.650688071E-07
 7.500000000E-01 5.000963807E-02 4.426014610E-03 1.169157599E-06
 7.500000000E-01 5.001017079E-02 3.965924494E-03 1.403346005E-06
 7.500000000E-01 5.001070723E-02 3.571822075E-03 1.670503707E-06
 7.500000000E-01 5.001125112E-02 3.231765237E-03 1.973673534E-06
 7.500000000E-01 5.001179874E-02 2.936396981E-03 2.316080781E-06
 7.500000000E-01 5.001235008E-02 2.678300720E-03 2.701139692E-06
 7.500000000E-01 5.001290515E-02 2.451538341E-03 3.132463007E-06
 7.500000000E-01 5.001346767E-02 2.251308877E-03 3.613867193E-06
 7.500000000E-01 5.001403391E-02 2.073697979E-03 4.149379038E-06
 7.500000000E-01 5.001460761E-02 1.915487577E-03 4.743240424E-06
 7.500000000E-01 5.001518503E-02 1.774012228E-03 5.399910606E-06
 7.500000000E-01 5.001576990E-02 1.647049445E-03 6.124068022E-06
 7.500000000E-01 5.001636222E-02 1.532733324E-03 6.920608485E-06
 7.500000000E-01 5.001696199E-02 1.429488300E-03 7.794638805E-06
 7.500000000E-01 5.001756549E-02 1.335976529E-03 8.751471796E-06
 7.500000000E-01 5.001818016E-02 1.251055044E-03 9.796611266E-06
 7.500000000E-01 5.001879856E-02 1.173743512E-03 1.093573974E-05
 7.500000000E-01 5.001942441E-02 1.103196410E-03 1.217468889E-05
 7.500000000E-01 5.002006143E-02 1.038681017E-03 1.351941864E-05
 7.500000000E-01 5.002070591E-02 9.795603110E-04 1.497597987E-05
 7.500000000E-01 5.002135783E-02 9.252774762E-04 1.655047345E-05
 7.500000000E-01 5.002201721E-02 8.753441507E-04 1.824900210E-05
 7.500000000E-01 5.002268776E-02 8.293305291E-04 2.007761395E-05
 7.500000000E-01 5.002336577E-02 7.868566317E-04 2.204223892E-05
 7.500000000E-01 5.002405494E-02 7.475858438E-04 2.414861774E-05
 7.500000000E-01 5.002475157E-02 7.112185122E-04 2.640222374E-05
 7.500000000E-01 5.002545938E-02 6.774874055E-04 2.880818101E-05
 7.500000000E-01 5.002617836E-02 6.461534067E-04 3.137117528E-05
 7.500000000E-01 5.002690852E-02 6.170019042E-04 3.409535566E-05
 7.500000000E-01 5.002764612E-02 5.898398231E-04 3.698425280E-05
 7.500000000E-01 5.002839863E-02 5.644932971E-04 4.004067159E-05
 7.500000000E-01 5.002916232E-02 5.408050492E-04 4.326661292E-05
 7.500000000E-01 5.002993718E-02 5.186328781E-04 4.666319364E-05
 7.500000000E-01 5.003072321E-02 4.978479119E-04 5.023055564E-05
 7.500000000E-01 5.003152043E-02 4.783331242E-04 5.396782217E-05
 7.500000000E-01 5.003233254E-02 4.599823151E-04 5.787303235E-05
 7.500000000E-01 5.003315955E-02 4.426988889E-04 6.194313755E-05
 7.500000000E-01 5.003399774E-02 4.263950686E-04 6.617395411E-05
 7.500000000E-01 5.003485084E-02 4.109909933E-04 7.056019967E-05
 7.500000000E-01 5.003571883E-02 3.964140487E-04 7.509550778E-05
 7.500000000E-01 5.003659800E-02 3.825982567E-04 7.977250061E-05
 7.500000000E-01 5.003749579E-02 3.694836050E-04 8.458281081E-05
 7.500000000E-01 5.003840849E-02 3.570156114E-04 8.951721247E-05
 7.500000000E-01 5.003933236E-02 3.451448574E-04 9.456570842E-05
 7.500000000E-01 5.004027858E-02 3.338265233E-04 9.971763211E-05
 7.500000000E-01 5.004123598E-02 3.230198927E-04 1.049618004E-04
 7.500000000E-01 5.004221201E-02 3.126882366E-04 1.102866154E-04
 7.500000000E-01 5.004320666E-02 3.027982311E-04 1.156801954E-04
 7.500000000E-01 5.004421622E-02 2.933196665E-04 1.211305280E-04
 7.500000000E-01 5.004524812E-02 2.842253016E-04 1.266255713E-04
 7.500000000E-01 5.004629493E-02 2.754904563E-04 1.321534219E-04
 7.500000000E-01 5.004736036E-02 2.670928079E-04 1.377023291E-04
 7.500000000E-01 5.004844442E-02 2.590121294E-04 1.432608988E-04
 7.500000000E-01 5.004955083E-02 2.512300853E-04 1.488181151E-04
 7.500000000E-01 5.005067587E-02 2.437300427E-04 1.543634571E-04
 7.500000000E-01 5.005182326E-02 2.364968968E-04 1.598868985E-04
 7.500000000E-01 5.005298927E-02 2.295168524E-04 1.653790387E-04
 7.500000000E-01 5.005417764E-02 2.227773512E-04 1.708310592E-04
 7.500000000E-01 5.005538836E-02 2.162668970E-04 1.762347965E-04
 7.500000000E-01 5.005662143E-02 2.099749399E-04 1.815827418E-04
 7.500000000E-01 5.005787686E-02 2.038917446E-04 1.868680556E-04
 7.500000000E-01 5.005915835E-02 1.980083471E-04 1.920845389E-04
 7.500000000E-01 5.006046221E-02 1.923164236E-04 1.972266182E-04
 7.500000000E-01 5.006178841E-02 1.868082472E-04 2.022893750E-04
 7.500000000E-01 5.006314442E-02 1.814766147E-04 2.072684729E-04
 7.500000000E-01 5.006452277E-02 1.763147447E-04 2.121601719E-04
 7.500000000E-01 5.006592721E-02 1.713163074E-04 2.169612271E-04
 7.500000000E-01 5.006736144E-02 1.664753072E-04 2.216689609E-04
 7.500000000E-01 5.006882176E-02 1.617861126E-04 2.262811322E-04
 7.500000000E-01 5.007030815E-02 1.572433393E-04 2.307959658E-04
 7.500000000E-01 5.007182434E-02 1.528418943E-04 2.352121082E-04
 7.500000000E-01 5.007337034E-02 1.485769462E-04 2.395285410E-04
 7.500000000E-01 5.007494614E-02 1.444438240E-04 2.437446528E-04
 7.500000000E-01 5.007655174E-02 1.404381183E-04 2.478600945E-04
 7.500000000E-01 5.007818714E-02 1.365555654E-04 2.518748224E-04
 7.500000000E-01 5.007985607E-02 1.327920909E-04 2.557890548E-04
 7.500000000E-01 5.008155853E-02 1.291437511E-04 2.596032282E-04
 7.500000000E-01 5.008329079E-02 1.256067917E-04 2.633179538E-04
 7.500000000E-01 5.008506030E-02 1.221775601E-04 2.669340756E-04
 7.500000000E-01 5.008686334E-02 1.188525421E-04 2.704525541E-04
 7.500000000E-01 5.008869991E-02 1.156283615E-04 2.738744952E-04
 7.500000000E-01 5.009057745E-02 1.125017516E-04 2.772011212E-04
 7.500000000E-01 5.009248853E-02 1.094695472E-04 2.804337419E-04
 7.500000000E-01 5.009443685E-02 1.065286997E-04 2.835737832E-04
 7.500000000E-01 5.009642243E-02 1.036762624E-04 2.866227005E-04
 7.500000000E-01 5.009844899E-02 1.009093758E-04 2.895820362E-04
 7.500000000E-01 5.010051653E-02 9.822528955E-05 2.924533328E-04
 7.500000000E-01 5.010262504E-02 9.562132618E-05 2.952382201E-04
 7.500000000E-01 5.010477081E-02 9.309491725E-05 2.979382989E-04
 7.500000000E-01 5.010696501E-02 9.064355982E-05 3.005552280E-04
 7.500000000E-01 5.010920018E-02 8.826483827E-05 3.030906664E-04
 7.500000000E-01 5.011148006E-02 8.595641702E-05 3.055461857E-04
 7.500000000E-01 5.011380464E-02 8.371604054E-05 3.079235030E-04
 7.500000000E-01 5.011617392E-02 8.154152601E-05 3.102242190E-04
 7.500000000E-01 5.011859536E-02 7.943075616E-05 3.124499344E-04
 7.500000000E-01 5.012106150E-02 7.738167915E-05 3.146022500E-04
 7.500000000E-01 5.012357607E-02 7.539233047E-05 3.166826791E-04
 7.500000000E-01 5.012614280E-02 7.346079656E-05 3.186928225E-04
 7.500000000E-01 5.012876168E-02 7.158522203E-05 3.206341644E-04
 7.500000000E-01 5.013142899E-02 6.976382429E-05 3.225081891E-04
 7.500000000E-01 5.013415590E-02 6.799487164E-05 3.243162937E-04
 7.500000000E-01 5.013693124E-02 6.627669791E-05 3.260599333E-04
 7.500000000E-01 5.013976619E-02 6.460768054E-05 3.277404467E-04
 7.500000000E-01 5.014265701E-02 6.298626249E-05 3.293591726E-04
 7.500000000E-01 5.014560372E-02 6.141093036E-05 3.309173917E-04
 7.500000000E-01 5.014861375E-02 5.988023258E-05 3.324163845E-04
 7.500000000E-01 5.015167966E-02 5.839275036E-05 3.338573442E-04
 7.500000000E-01 5.015481263E-02 5.694712672E-05 3.352414351E-04
 7.500000000E-01 5.015800521E-02 5.554204108E-05 3.365697921E-04
 7.500000000E-01 5.016126111E-02 5.417621651E-05 3.378435504E-04
 7.500000000E-01 5.016458407E-02 5.284843064E-05 3.390636994E-04
 7.500000000E-01 5.016797408E-02 5.155748659E-05 3.402312868E-04
 7.500000000E-01 5.017143115E-02 5.030223838E-05 3.413473023E-04
 7.500000000E-01 5.017495900E-02 4.908157280E-05 3.424126771E-04
 7.500000000E-01 5.017855763E-02 4.789441664E-05 3.434282844E-04
 7.500000000E-01 5.018223077E-02 4.673973672E-05 3.443950263E-04
 7.500000000E-01 5.018597469E-02 4.561652167E-05 3.453136887E-04
 7.500000000E-01 5.018979684E-02 4.452380381E-05 3.461850865E-04
 7.500000000E-01 5.019369721E-02 4.346065180E-05 3.470099473E-04
 7.500000000E-01 5.019767210E-02 4.242615614E-05 3.477890277E-04
 7.500000000E-01 5.020173267E-02 4.141943646E-05 3.485229972E-04
 7.500000000E-01 5.020587146E-02 4.043965600E-05 3.492124961E-04
 7.500000000E-01 5.021009594E-02 3.948598896E-05 3.498581355E-04
 7.500000000E-01 5.021440238E-02 3.855764589E-05 3.504604974E-04
 7.500000000E-01 5.021880195E-02 3.765386282E-05 3.510201641E-04
 7.500000000E-01 5.022328719E-02 3.677390123E-05 3.515376011E-04
 7.500000000E-01 5.022786185E-02 3.591704444E-05 3.520133614E-04
 7.500000000E-01 5.023252964E-02 3.508260124E-05 3.524478816E-04
 7.500000000E-01 5.023729429E-02 3.426990224E-05 3.528415691E-04
 7.500000000E-01 5.024215579E-02 3.347829988E-05 3.531948605E-04
 7.500000000E-01 5.024711415E-02 3.270717207E-05 3.535081341E-04
 7.500000000E-01 5.025217310E-02 3.195591489E-05 3.537816810E-04
 7.500000000E-01 5.025733262E-02 3.122393537E-05 3.540158796E-04
 7.500000000E-01 5.026260018E-02 3.051067324E-05 3.542110207E-04
 7.500000000E-01 5.026797205E-02 2.981558100E-05 3.543673665E-04
 7.500000000E-01 5.027345568E-02 2.913812568E-05 3.544851497E-04
 7.500000000E-01 5.027904734E-02 2.847779433E-05 3.545645741E-04
 7.500000000E-01 5.028475448E-02 2.783409218E-05 3.546059015E-04
 7.500000000E-01 5.029057711E-02 2.720653902E-05 3.546092485E-04
 7.500000000E-01 5.029651895E-02 2.659466190E-05 3.545747895E-04
 7.500000000E-01 5.030258000E-02 2.599799882E-05 3.545026702E-04
 7.500000000E-01 5.030876398E-02 2.541610047E-05 3.543929779E-04
 7.500000000E-01 5.031507462E-02 2.484853394E-05 3.542458289E-04
 7.500000000E-01 5.032151192E-02 2.429487722E-05 3.540612815E-04
 7.500000000E-01 5.032807961E-02 2.375472468E-05 3.538393648E-04
 7.500000000E-01 5.033478141E-02 2.322768523E-05 3.535801370E-04
 7.500000000E-01 5.034162104E-02 2.271337871E-05 3.532836272E-04
 7.500000000E-01 5.034859851E-02 2.221143404E-05 3.529497772E-04
 7.500000000E-01 5.035571754E-02 2.172149834E-05 3.525786451E-04
 7.500000000E-01 5.036298186E-02 2.124322418E-05 3.521701146E-04
 7.500000000E-01 5.037039518E-02 2.077627869E-05 3.517241857E-04
 7.500000000E-01 5.037795752E-02 2.032033808E-05 3.512407711E-04
 7.500000000E-01 5.038567260E-02 1.987509131E-05 3.507198126E-04
 7.500000000E-01 5.039354786E-02 1.944023279E-05 3.501611936E-04
 7.500000000E-01 5.040157959E-02 1.901546784E-05 3.495647979E-04
 7.500000000E-01 5.040977523E-02 1.860051270E-05 3.489305382E-04
 7.500000000E-01 5.041813850E-02 1.819509271E-05 3.482582688E-04
 7.500000000E-01 5.042667314E-02 1.779893864E-05 3.475478152E-04
 7.500000000E-01 5.043537915E-02 1.741179221E-05 3.467990900E-04
 7.500000000E-01 5.044426396E-02 1.703340240E-05 3.460118605E-04
 7.500000000E-01 5.045332760E-02 1.666352546E-05 3.451860102E-04
 7.500000000E-01 5.046257749E-02 1.630192310E-05 3.443213354E-04
 7.500000000E-01 5.047201365E-02 1.594836976E-05 3.434176324E-04
 7.500000000E-01 5.048164353E-02 1.560263991E-05 3.424747556E-04
 7.500000000E-01 5.049146712E-02 1.526452070E-05 3.414924722E-04
 7.500000000E-01 5.050149187E-02 1.493380296E-05 3.404706076E-04
 7.500000000E-01 5.051172152E-02 1.461028387E-05 3.394088999E-04
 7.500000000E-01 5.052215979E-02 1.429376607E-05 3.383072035E-04
 7.500000000E-01 5.053281039E-02 1.398405948E-05 3.371652856E-04
 7.500000000E-01 5.054367334E-02 1.368097855E-05 3.359829425E-04
 7.500000000E-01 5.055476353E-02 1.338434504E-05 3.347599704E-04
 7.500000000E-01 5.056607723E-02 1.309398431E-05 3.334961366E-04
 7.500000000E-01 5.057761818E-02 1.280972810E-05 3.321912372E-04
 7.500000000E-01 5.058939755E-02 1.253141090E-05 3.308450978E-04
 7.500000000E-01 5.060141534E-02 1.225887536E-05 3.294575145E-04
 7.500000000E-01 5.061367899E-02 1.199196686E-05 3.280282835E-04
 7.500000000E-01 5.062619224E-02 1.173053624E-05 3.265572595E-04
 7.500000000E-01 5.063895881E-02 1.147443709E-05 3.250442387E-04
 7.500000000E-01 5.065198615E-02 1.122352933E-05 3.234891046E-04
 7.500000000E-01 5.066527799E-02 1.097767745E-05 3.218916536E-04
 7.500000000E-01 5.067883804E-02 1.073674775E-05 3.202517983E-04
 7.500000000E-01 5.069267750E-02 1.050061292E-05 3.185694222E-04
 7.500000000E-01 5.070680007E-02 1.026914833E-05 3.168444091E-04
 7.500000000E-01 5.072120577E-02 1.004223304E-05 3.150767006E-04
 7.500000000E-01 5.073590949E-02 9.819750630E-06 3.132662096E-04
 7.500000000E-01 5.075091124E-02 9.601587408E-06 3.114129649E-04
 7.500000000E-01 5.076621473E-02 9.387635146E-06 3.095169086E-04
 7.500000000E-01 5.078183487E-02 9.177786524E-06 3.075780987E-04
 7.500000000E-01 5.079777166E-02 8.971939678E-06 3.055965644E-04
 7.500000000E-01 5.081402883E-02 8.769995475E-06 3.035723930E-04
 7.500000000E-01 5.083062127E-02 8.571856597E-06 3.015057009E-04
 7.500000000E-01 5.084755272E-02 8.377432096E-06 2.993966627E-04
 7.500000000E-01 5.086482689E-02 8.186631021E-06 2.972454822E-04
 7.500000000E-01 5.088245124E-02 7.999367881E-06 2.950523631E-04
 7.500000000E-01 5.090043694E-02 7.815559002E-06 2.928175963E-04
 7.500000000E-01 5.091878772E-02 7.635124348E-06 2.905415022E-04
 7.500000000E-01 5.093751475E-02 7.457985703E-06 2.882244880E-04
 7.500000000E-01 5.095662177E-02 7.284069397E-06 2.858669613E-04
 7.500000000E-01 5.097611621E-02 7.113303582E-06 2.834694169E-04
 7.500000000E-01 5.099600926E-02 6.945620044E-06 2.810323786E-04
 7.500000000E-01 5.101630464E-02 6.780952390E-06 2.785564284E-04
 7.500000000E-01 5.103701726E-02 6.619237865E-06 2.760422649E-04
 7.500000000E-01 5.105815083E-02 6.460415534E-06 2.734905866E-04
 7.500000000E-01 5.107971281E-02 6.304428553E-06 2.709022083E-04
 7.500000000E-01 5.110171810E-02 6.151221442E-06 2.682779450E-04
 7.500000000E-01 5.112416670E-02 6.000742360E-06 2.656187571E-04
 7.500000000E-01 5.114707351E-02 5.852940831E-06 2.629256633E-04
 7.500000000E-01 5.117044970E-02 5.707770015E-06 2.601996821E-04
 7.500000000E-01 5.119429901E-02 5.565185802E-06 2.574420359E-04
 7.500000000E-01 5.121863633E-02 5.425144991E-06 2.546538890E-04
 7.500000000E-01 5.124346912E-02 5.287608928E-06 2.518366091E-04
 7.500000000E-01 5.126880854E-02 5.152539416E-06 2.489915350E-04
 7.500000000E-01 5.129466206E-02 5.019901892E-06 2.461201511E-04
 7.500000000E-01 5.132104084E-02 4.889663614E-06 2.432240435E-04
 7.500000000E-01 5.134795979E-02 4.761794116E-06 2.403048129E-04
 7.500000000E-01 5.137542635E-02 4.636264748E-06 2.373641764E-04
 7.500000000E-01 5.140345171E-02 4.513050499E-06 2.344039240E-04
 7.500000000E-01 5.143205076E-02 4.392125902E-06 2.314259327E-04
 7.500000000E-01 5.146122724E-02 4.273469585E-06 2.284321235E-04
 7.500000000E-01 5.149100348E-02 4.157061085E-06 2.254245483E-04
 7.500000000E-01 5.152138323E-02 4.042881756E-06 2.224052878E-04
 7.500000000E-01 5.155238137E-02 3.930914772E-06 2.193764958E-04
 7.500000000E-01 5.158401281E-02 3.821145128E-06 2.163403842E-04
 7.500000000E-01 5.161628872E-02 3.713558726E-06 2.132992377E-04
 7.500000000E-01 5.164922029E-02 3.608143061E-06 2.102553990E-04
 7.500000000E-01 5.168282241E-02 3.504886990E-06 2.072112402E-04
 7.500000000E-01 5.171710998E-02 3.403780056E-06 2.041691769E-04
 7.500000000E-01 5.175209790E-02 3.304813390E-06 2.011316537E-04
 7.500000000E-01 5.178779736E-02 3.207977898E-06 1.981011592E-04
 7.500000000E-01 5.182422325E-02 3.113265848E-06 1.950801670E-04
 7.500000000E-01 5.186139047E-02 3.020669737E-06 1.920711802E-04
 7.500000000E-01 5.189931393E-02 2.930182063E-06 1.890767016E-04
 7.500000000E-01 5.193801224E-02 2.841796231E-06 1.860992052E-04
 7.500000000E-01 5.197750032E-02 2.755504283E-06 1.831411355E-04
 7.500000000E-01 5.201778933E-02 2.671299399E-06 1.802049228E-04
 7.500000000E-01 5.205890164E-02 2.589173164E-06 1.772929245E-04
 7.500000000E-01 5.210085213E-02 2.509117394E-06 1.744074689E-04
 7.500000000E-01 5.214365572E-02 2.431122539E-06 1.715507824E-04
 7.500000000E-01 5.218733102E-02 2.355178594E-06 1.687250333E-04
 7.500000000E-01 5.223189294E-02 2.281273964E-06 1.659322734E-04
 7.500000000E-01 5.227736756E-02 2.209396371E-06 1.631744672E-04
 7.500000000E-01 5.232376605E-02 2.139531489E-06 1.604534627E-04
 7.500000000E-01 5.237111077E-02 2.071664312E-06 1.577709772E-04
 7.500000000E-01 5.241942033E-02 2.005777787E-06 1.551285823E-04
 7.500000000E-01 5.246871337E-02 1.941852815E-06 1.525277330E-04
 7.500000000E-01 5.251901224E-02 1.879869046E-06 1.499696664E-04
 7.500000000E-01 5.257033557E-02 1.819803970E-06 1.474555465E-04
 7.500000000E-01 5.262270197E-02 1.761633484E-06 1.449862903E-04
 7.500000000E-01 5.267613754E-02 1.705331329E-06 1.425626833E-04
 7.500000000E-01 5.273066089E-02 1.650869308E-06 1.401853224E-04
 7.500000000E-01 5.278629437E-02 1.598217523E-06 1.378546149E-04
 7.500000000E-01 5.284306034E-02 1.547343800E-06 1.355707936E-04
 7.500000000E-01 5.290098488E-02 1.498214601E-06 1.333339169E-04
 7.500000000E-01 5.296008661E-02 1.450794343E-06 1.311438245E-04
 7.500000000E-01 5.302039534E-02 1.405045850E-06 1.290001965E-04
 7.500000000E-01 5.308193341E-02 1.360930241E-06 1.269025524E-04
 7.500000000E-01 5.314472318E-02 1.318407385E-06 1.248501794E-04
 7.500000000E-01 5.320879072E-02 1.277435558E-06 1.228422334E-04
 7.500000000E-01 5.327416584E-02 1.237971901E-06 1.208776885E-04
 7.500000000E-01 5.334087461E-02 1.199972303E-06 1.189553586E-04
 7.500000000E-01 5.340893939E-02 1.163392085E-06 1.170738906E-04
 7.500000000E-01 5.347838998E-02 1.128185204E-06 1.152317927E-04
 7.500000000E-01 5.354925618E-02 1.094305503E-06 1.134274353E-04
 7.500000000E-01 5.362156779E-02 1.061705689E-06 1.116590429E-04
 7.500000000E-01 5.369535089E-02 1.030338581E-06 1.099247165E-04
 7.500000000E-01 5.377063900E-02 1.000156431E-06 1.082224408E-04
 7.500000000E-01 5.384745821E-02 9.711113762E-07 1.065501056E-04
 7.500000000E-01 5.392584577E-02 9.431558396E-07 1.049054699E-04
 7.500000000E-01 5.400582775E-02 9.162420156E-07 1.032862274E-04
 7.500000000E-01 5.408744141E-02 8.903223829E-07 1.016899841E-04
 7.500000000E-01 5.417071283E-02 8.653498185E-07 1.001142518E-04
 7.500000000E-01 5.425568670E-02 8.412775969E-07 9.855650569E-05
 7.500000000E-01 5.434238911E-02 8.180594477E-07 9.701414092E-05
 7.500000000E-01 5.443085730E-02 7.956496688E-07 9.548450180E-05
 7.500000000E-01 5.452112854E-02 7.740031833E-07 9.396491077E-05
 7.500000000E-01 5.461324006E-02 7.530757102E-07 9.245264664E-05
 7.500000000E-01 5.470722541E-02 7.328235938E-07 9.094495908E-05
 7.500000000E-01 5.480312556E-02 7.132039741E-07 8.943909052E-05
 7.500000000E-01 5.490098149E-02 6.941750144E-07 8.793226880E-05
 7.500000000E-01 5.500083044E-02 6.756954463E-07 8.642173634E-05
 7.500000000E-01 5.510271341E-02 6.577251952E-07 8.490473556E-05
 7.500000000E-01 5.520667136E-02 6.402250392E-07 8.337855252E-05
 7.500000000E-01 5.531274900E-02 6.231566090E-07 8.184049511E-05
 7.500000000E-01 5.542098731E-02 6.064826721E-07 8.028791490E-05
 7.500000000E-01 5.553143099E-02 5.901670761E-07 7.871824346E-05
 7.500000000E-01 5.564412102E-02 5.741746349E-07 7.712897059E-05
 7.500000000E-01 5.575910956E-02 5.584713563E-07 7.551769522E-05
 7.500000000E-01 5.587644130E-02 5.430243846E-07 7.388211088E-05
 7.500000000E-01 5.599616468E-02 5.278021717E-07 7.222006388E-05
 7.500000000E-01 5.611832440E-02 5.127743634E-07 7.052953151E-05
 7.500000000E-01 5.624297261E-02 4.979120831E-07 6.880868023E-05
 7.500000000E-01 5.637016147E-02 4.831878186E-07 6.705586566E-05
 7.500000000E-01 5.649994314E-02 4.685756494E-07 6.526968355E-05
 7.500000000E-01 5.663236603E-02 4.540513885E-07 6.344899157E-05
 7.500000000E-01 5.676748976E-02 4.395926396E-07 6.159293116E-05
 7.500000000E-01 5.690536276E-02 4.251789676E-07 5.970097482E-05
 7.500000000E-01 5.704604834E-02 4.107920972E-07 5.777296610E-05
 7.500000000E-01 5.718959868E-02 3.964160555E-07 5.580914149E-05
 7.500000000E-01 5.733607337E-02 3.820373706E-07 5.381019218E-05
 7.500000000E-01 5.748553202E-02 3.676453559E-07 5.177728599E-05
 7.500000000E-01 5.763803422E-02 3.532323660E-07 4.971212911E-05
 7.500000000E-01 5.779364333E-02 3.387938534E-07 4.761698074E-05
 7.500000000E-01 5.795242637E-02 3.243289086E-07 4.549471851E-05
 7.500000000E-01 5.811443925E-02 3.098402317E-07 4.334885307E-05
 7.500000000E-01 5.827975646E-02 2.953346723E-07 4.118356810E-05
 7.500000000E-01 5.844844133E-02 2.808231727E-07 3.900374213E-05
 7.500000000E-01 5.862056091E-02 2.663212229E-07 3.681494854E-05
 7.500000000E-01 5.879618600E-02 2.518489168E-07 3.462347377E-05
 7.500000000E-01 5.897539482E-02 2.374310952E-07 3.243628453E-05
 7.500000000E-01 5.915825069E-02 2.230973735E-07 3.026100057E-05
 7.500000000E-01 5.934483185E-02 2.088821134E-07 2.810583828E-05
 7.500000000E-01 5.953521281E-02 1.948242954E-07 2.597953062E-05
 7.500000000E-01 5.972947553E-02 1.809671630E-07 2.389122710E-05
 7.500000000E-01 5.992769450E-02 1.673578112E-07 2.185034828E-05
 7.500000000E-01 6.012995169E-02 1.540466172E-07 1.986644565E-05
 7.500000000E-01 6.033632904E-02 1.410864030E-07 1.794900345E-05
 7.500000000E-01 6.054691225E-02 1.285315250E-07 1.610723848E-05
 7.500000000E-01 6.076178327E-02 1.164367376E-07 1.434988098E-05
 7.500000000E-01 6.098103523E-02 1.048559639E-07 1.268494907E-05
 7.500000000E-01 6.120475009E-02 9.384093147E-08 1.111952042E-05
 7.500000000E-01 6.143302470E-02 8.343983637E-08 9.659524039E-06
 7.500000000E-01 6.166595221E-02 7.369596489E-08 8.309561053E-06
 7.500000000E-01 6.190362200E-02 6.464637892E-08 7.072739663E-06
 7.500000000E-01 6.214613467E-02 5.631822830E-08 5.950155355E-06
 7.500000000E-01 6.239358708E-02 4.871129633E-08 4.938221991E-06
 7.500000000E-01 6.264608353E-02 4.179651825E-08 4.029283446E-06
 7.500000000E-01 6.290372461E-02 3.553293482E-08 3.215076958E-06
 7.500000000E-01 6.316661090E-02 2.991295389E-08 2.493548209E-06
 7.500000000E-01 6.343485415E-02 2.494324214E-08 1.864688329E-06
 7.500000000E-01 6.370855868E-02 2.061849003E-08 1.326300207E-06
 7.500000000E-01 6.398784369E-02 1.692241369E-08 8.743630815E-07
 7.500000000E-01 6.427282095E-02 1.384014681E-08 5.047696732E-07
 7.500000000E-01 6.456360221E-02 1.140049655E-08 2.181417500E-07
 7.500000000E-01 6.486030668E-02 9.956361069E-09 4.825218625E-08
 7.500000000E-01 6.516305357E-02 9.588047689E-09 4.498159178E-09
 7.500000000E-01 6.547196954E-02 9.545818358E-09 2.984636982E-10
 7.500000000E-01 6.578718126E-02 9.536186063E-09 4.566335157E-11
 7.500000000E-01 6.610881537E-02 9.528536182E-09 3.244016861E-11
 7.500000000E-01 6.643699855E-02 9.520912059E-09 3.177014554E-11
 7.500000000E-01 6.677187234E-02 9.513203558E-09 3.171210169E-11
 7.500000000E-01 6.711356342E-02 9.505405352E-09 3.168213261E-11
 7.500000000E-01 6.746221334E-02 9.497516551E-09 3.165304130E-11
 7.500000000E-01 6.781797111E-02 9.489536268E-09 3.162359957E-11
 7.500000000E-01 6.818097830E-02 9.481462726E-09 3.159374151E-11
 7.500000000E-01 6.855138391E-02 9.473295925E-09 3.156345671E-11
 7.500000000E-01 6.892932951E-02 9.465034090E-09 3.153273129E-11
 7.500000000E-01 6.931497902E-02 9.456676331E-09 3.150155484E-11
 7.500000000E-01 6.970848143E-02 9.448221761E-09 3.146990654E-11
 7.500000000E-01 7.011000067E-02 9.439669491E-09 3.143778293E-11
 7.500000000E-01 7.051970065E-02 9.431018633E-09 3.140516319E-11
 7.500000000E-01 7.093774527E-02 9.422269187E-09 3.137203344E-11
 7.500000000E-01 7.136431336E-02 9.413418489E-09 3.133838328E-11
 7.500000000E-01 7.179956883E-02 9.404468315E-09 3.130419535E-11
 7.500000000E-01 7.224369049E-02 9.395416001E-09 3.126945231E-11
 7.500000000E-01 7.269686460E-02 9.386261546E-09 3.123414027E-11
 7.500000000E-01 7.315926254E-02 9.377005838E-09 3.119824538E-11
 7.500000000E-01 7.363108546E-02 9.367647102E-09 3.116174679E-11
 7.500000000E-01 7.411251962E-02 9.358186226E-09 3.112463065E-11
 7.500000000E-01 7.460376620E-02 9.348621433E-09 3.108687613E-11
 7.500000000E-01 7.510501891E-02 9.338953610E-09 3.104846935E-11
 7.500000000E-01 7.561648637E-02 9.329182760E-09 3.100938603E-11
 7.500000000E-01 7.613836974E-02 9.319307992E-09 3.096960535E-11
 7.500000000E-01 7.667088509E-02 9.309329307E-09 3.092910997E-11
 7.500000000E-01 7.721424848E-02 9.299248482E-09 3.088787212E-11
 7.500000000E-01 7.776868343E-02 9.289063740E-09 3.084587100E-11
 7.500000000E-01 7.833441347E-02 9.278775970E-09 3.080307190E-11
 7.500000000E-01 7.891167700E-02 9.268385170E-09 3.075945054E-11
 7.500000000E-01 7.950069010E-02 9.257891342E-09 3.071497570E-11
 7.500000000E-01 8.010170609E-02 9.247296262E-09 3.066960921E-11
 7.500000000E-01 8.071497083E-02 9.236599041E-09 3.062331985E-11
 7.500000000E-01 8.134072274E-02 9.225800568E-09 3.057606945E-11
 7.500000000E-01 8.197923005E-02 9.214901731E-09 3.052780945E-11
 7.500000000E-01 8.263073862E-02 9.203902529E-09 3.047849126E-11
 7.500000000E-01 8.329552412E-02 9.192803851E-09 3.042805938E-11
 7.500000000E-01 8.397385478E-02 9.181607474E-09 3.037644095E-11
 7.500000000E-01 8.466600627E-02 9.170313398E-09 3.032355964E-11
 7.500000000E-01 8.537225425E-02 9.158922509E-09 3.026932177E-11
 7.500000000E-01 8.609288931E-02 9.147437474E-09 3.021361633E-11
 7.500000000E-01 8.682820946E-02 9.135856516E-09 3.015629760E-11
 7.500000000E-01 8.757851273E-02 9.124184075E-09 3.009715394E-11
 7.500000000E-01 8.834409714E-02 9.112419264E-09 3.003586616E-11
 7.500000000E-01 8.912528306E-02 9.100563858E-09 2.997161200E-11
 7.500000000E-01 8.992238343E-02 9.088620523E-09 2.990030792E-11
 7.500000000E-01 9.073571861E-02 9.076589258E-09 2.982430622E-11
 7.500000000E-01 9.156563133E-02 9.064472728E-09 2.974775287E-11
 7.500000000E-01 9.241244197E-02 9.052271821E-09 2.967076584E-11
 7.500000000E-01 9.327650815E-02 9.039989202E-09 2.959335554E-11
 7.500000000E-01 9.415818006E-02 9.027626646E-09 2.951553932E-11
 7.500000000E-01 9.505781531E-02 9.015185043E-09 2.943733104E-11
 7.500000000E-01 9.597577900E-02 9.002667056E-09 2.935874460E-11
 7.500000000E-01 9.691244364E-02 8.990074463E-09 2.927979387E-11
 7.500000000E-01 9.786818922E-02 8.977409038E-09 2.920049619E-11
 7.500000000E-01 9.884340316E-02 8.964674336E-09 2.912086544E-11
 7.500000000E-01 9.983849525E-02 8.951872132E-09 2.904091724E-11
 7.500000000E-01 1.008538529E-01 8.939003315E-09 2.896066893E-11
 7.500000000E-01 1.018898934E-01 8.926072326E-09 2.888013613E-11
 7.500000000E-01 1.029470488E-01 8.913080052E-09 2.879933791E-11
 7.500000000E-01 1.040257365E-01 8.900030046E-09 2.871828816E-11
 7.500000000E-01 1.051264033E-01 8.886924086E-09 2.863700943E-11
 7.500000000E-01 1.062494889E-01 8.873765722E-09 2.855551559E-11
 7.500000000E-01 1.073954627E-01 8.860557621E-09 2.847382746E-11
 7.500000000E-01 1.085647792E-01 8.847301558E-09 2.839196413E-11
 7.500000000E-01 1.097579151E-01 8.834001086E-09 2.830994120E-11
 7.500000000E-01 1.109753624E-01 8.820659758E-09 2.822778122E-11
 7.500000000E-01 1.122176126E-01 8.807280238E-09 2.814550329E-11
 7.500000000E-01 1.134851724E-01 8.793864303E-09 2.806312474E-11
 7.500000000E-01 1.147785485E-01 8.780417282E-09 2.798066813E-11
 7.500000000E-01 1.160982847E-01 8.766940063E-09 2.789815427E-11
 7.500000000E-01 1.174449027E-01 8.753437086E-09 2.781559878E-11
 7.500000000E-01 1.188189536E-01 8.739911905E-09 2.773302768E-11
 7.500000000E-01 1.202210039E-01 8.726366296E-09 2.765045831E-11
 7.500000000E-01 1.216516122E-01 8.712805588E-09 2.756791323E-11
 7.500000000E-01 1.231113747E-01 8.699231557E-09 2.748541325E-11
 7.500000000E-01 1.246008649E-01 8.685647757E-09 2.740297746E-11
 7.500000000E-01 1.261207163E-01 8.672058627E-09 2.732063013E-11
 7.500000000E-01 1.276715100E-01 8.658466832E-09 2.723838863E-11
 7.500000000E-01 1.292539090E-01 8.644875926E-09 2.715627896E-11
 7.500000000E-01 1.308685541E-01 8.631290349E-09 2.707431848E-11
 7.500000000E-01 1.325160861E-01 8.617711877E-09 2.699252974E-11
 7.500000000E-01 1.341971904E-01 8.604145840E-09 2.691093529E-11
 7.500000000E-01 1.359125376E-01 8.590594902E-09 2.682955420E-11
 7.500000000E-01 1.376628280E-01 8.577062616E-09 2.674840904E-11
 7.500000000E-01 1.394487768E-01 8.563552534E-09 2.666752062E-11
 7.500000000E-01 1.412711143E-01 8.550069097E-09 2.658690976E-11
 7.500000000E-01 1.431305856E-01 8.536614970E-09 2.650659726E-11
 7.500000000E-01 1.450279355E-01 8.523193706E-09 2.642660570E-11
 7.500000000E-01 1.469639242E-01 8.509809746E-09 2.634695240E-11
 7.500000000E-01 1.489393711E-01 8.496466641E-09 2.626766166E-11
 7.500000000E-01 1.509550661E-01 8.483167058E-09 2.618875082E-11
 7.500000000E-01 1.530118138E-01 8.469915436E-09 2.611024071E-11
 7.500000000E-01 1.551104784E-01 8.456714440E-09 2.603215213E-11
 7.500000000E-01 1.572518945E-01 8.443568511E-09 2.595450417E-11
 7.500000000E-01 1.594369262E-01 8.430480314E-09 2.587731418E-11
 7.500000000E-01 1.616664827E-01 8.417454289E-09 2.580060471E-11
 7.500000000E-01 1.639414728E-01 8.404493101E-09 2.572439310E-11
 7.500000000E-01 1.662627906E-01 8.391601192E-09 2.564869671E-11
 7.500000000E-01 1.686314195E-01 8.378780336E-09 2.557353461E-11
 7.500000000E-01 1.710482836E-01 8.366034976E-09 2.549892242E-11
 7.500000000E-01 1.735143960E-01 8.353366887E-09 2.542487922E-11
 7.500000000E-01 1.760307550E-01 8.340781399E-09 2.535142235E-11
 7.500000000E-01 1.785983741E-01 8.328280288E-09 2.527856570E-11
 7.500000000E-01 1.812183112E-01 8.315867106E-09 2.520632487E-11
 7.500000000E-01 1.838916242E-01 8.303543630E-09 2.513471722E-11
 7.500000000E-01 1.866193861E-01 8.291314302E-09 2.506375663E-11
 7.500000000E-01 1.894027293E-01 8.279181785E-09 2.499345696E-11
 7.500000000E-01 1.922427863E-01 8.267147855E-09 2.492383036E-11
 7.500000000E-01 1.951406896E-01 8.255215178E-09 2.485489418E-11
 7.500000000E-01 1.980976462E-01 8.243387306E-09 2.478665710E-11
 7.500000000E-01 2.011148334E-01 8.231666904E-09 2.471913299E-11
 7.500000000E-01 2.041934878E-01 8.220054859E-09 2.465233226E-11
 7.500000000E-01 2.073348761E-01 8.208554725E-09 2.458626532E-11
 7.500000000E-01 2.105402499E-01 8.197168277E-09 2.452094430E-11
 7.500000000E-01 2.138109356E-01 8.185897293E-09 2.445637963E-11
 7.500000000E-01 2.171482444E-01 8.174744437E-09 2.439257650E-11
 7.500000000E-01 2.205535620E-01 8.163711485E-09 2.432954706E-11
 7.500000000E-01 2.240282446E-01 8.152800213E-09 2.426729651E-11
 7.500000000E-01 2.275737077E-01 8.142012398E-09 2.420583352E-11
 7.500000000E-01 2.311914265E-01 8.131349816E-09 2.414516330E-11
 7.500000000E-01 2.348828316E-01 8.120812467E-09 2.408529452E-11
 7.500000000E-01 2.386494428E-01 8.110403904E-09 2.402623066E-11
 7.500000000E-01 2.424927950E-01 8.100124127E-09 2.396797517E-11
 7.500000000E-01 2.464144379E-01 8.089974024E-09 2.391053328E-11
 7.500000000E-01 2.504159808E-01 8.079956260E-09 2.385391017E-11
 7.500000000E-01 2.544990480E-01 8.070069946E-09 2.379810411E-11
 7.500000000E-01 2.586653233E-01 8.060315970E-09 2.374312032E-11
 7.500000000E-01 2.629164457E-01 8.050696110E-09 2.368895878E-11
 7.500000000E-01 2.672542036E-01 8.041210364E-09 2.363561950E-11
 7.500000000E-01 2.716802955E-01 8.031858734E-09 2.358310248E-11
 7.500000000E-01 2.761965990E-01 8.022641218E-09 2.353140599E-11
 7.500000000E-01 2.808049023E-01 8.013558705E-09 2.348053002E-11
 7.500000000E-01 2.855070829E-01 8.004611196E-09 2.343046937E-11
 7.500000000E-01 2.903050482E-01 7.995797802E-09 2.338122404E-11
 7.500000000E-01 2.952007949E-01 7.987118522E-09 2.333278536E-11
 7.500000000E-01 3.001962602E-01 7.978573358E-09 2.328515158E-11
 7.500000000E-01 3.052935004E-01 7.970160532E-09 2.323831579E-11
 7.500000000E-01 3.104945719E-01 7.961880044E-09 2.319227102E-11
 7.500000000E-01 3.158016503E-01 7.953731007E-09 2.314701035E-11
 7.500000000E-01 3.212168217E-01 7.945710756E-09 2.310252337E-11
 7.500000000E-01 3.267422915E-01 7.937820179E-09 2.305880140E-11
 7.500000000E-01 3.323803544E-01 7.930055723E-09 2.301583577E-11
 7.500000000E-01 3.381333053E-01 7.922417389E-09 2.297360913E-11
 7.500000000E-01 3.440034389E-01 7.914900735E-09 2.293211281E-11
 7.500000000E-01 3.499931395E-01 7.907505761E-09 2.289132946E-11
 7.500000000E-01 3.561049104E-01 7.900228027E-09 2.285124347E-11
 7.500000000E-01 3.623411655E-01 7.893065757E-09 2.281183575E-11
 7.500000000E-01 3.687044978E-01 7.886015396E-09 2.277308897E-11
 7.500000000E-01 3.751974404E-01 7.879072506E-09 2.273498056E-11
 7.500000000E-01 3.818227053E-01 7.872234420E-09 2.269748452E-11
 7.500000000E-01 3.885829151E-01 7.865494922E-09 2.266057481E-11
 7.500000000E-01 3.954808414E-01 7.858848683E-09 2.262421500E-11
 7.500000000E-01 4.025193155E-01 7.852289485E-09 2.258837214E-11
 7.500000000E-01 4.097011983E-01 7.845809336E-09 2.255299593E-11
 7.500000000E-01 4.170293808E-01 7.839396687E-09 2.251802911E-11
 7.500000000E-01 4.245068729E-01 7.833039106E-09 2.248339882E-11
 7.500000000E-01 4.321366847E-01 7.826717052E-09 2.244899405E-11
 7.500000000E-01 4.399219453E-01 7.820402104E-09 2.241466041E-11
 7.500000000E-01 4.478658140E-01 7.814046299E-09 2.238013767E-11
 7.500000000E-01 4.559715390E-01 7.807543057E-09 2.234483258E-11
 7.500000000E-01 4.642423689E-01 7.800475821E-09 2.230645703E-11
 7.500000000E-01 4.726817310E-01 7.793749646E-09 2.226999661E-11
 7.500000000E-01 4.812930226E-01 7.787454237E-09 2.223594052E-11
 7.500000000E-01 4.900797307E-01 7.781563838E-09 2.220414304E-11
 7.500000000E-01 4.990454614E-01 7.776053579E-09 2.217446539E-11
 7.500000000E-01 5.081938505E-01 7.770900368E-09 2.214677226E-11
 7.500000000E-01 5.175286531E-01 7.766082000E-09 2.212093876E-11
 7.500000000E-01 5.270535946E-01 7.761576271E-09 2.209684692E-11
 7.500000000E-01 5.367726088E-01 7.757365417E-09 2.207438399E-11
 7.500000000E-01 5.466895700E-01 7.753429010E-09 2.205344414E-11
 7.500000000E-01 5.568086505E-01 7.749748399E-09 2.203392677E-11
 7.500000000E-01 5.671338439E-01 7.746308484E-09 2.201573819E-11
 7.500000000E-01 5.776693821E-01 7.743092389E-09 2.199878994E-11
 7.500000000E-01 5.884196162E-01 7.740085017E-09 2.198299702E-11
 7.500000000E-01 5.993887782E-01 7.737272156E-09 2.196828136E-11
 7.500000000E-01 6.105814576E-01 7.734640484E-09 2.195456837E-11
 7.500000000E-01 6.220021844E-01 7.732178453E-09 2.194179040E-11
 7.500000000E-01 6.336556077E-01 7.729872742E-09 2.192988152E-11
 7.500000000E-01 6.455463767E-01 7.727712692E-09 2.191877756E-11
 7.500000000E-01 6.576794386E-01 7.725688533E-09 2.190842646E-11
 7.500000000E-01 6.700596809E-01 7.723789608E-09 2.189876926E-11
 7.500000000E-01 6.826921701E-01 7.722007922E-09 2.188975910E-11
 7.500000000E-01 6.955819726E-01 7.720333706E-09 2.188134743E-11
 7.500000000E-01 7.087343931E-01 7.718759854E-09 2.187349087E-11
 7.500000000E-01 7.221547961E-01 7.717278372E-09 2.186614952E-11
 7.500000000E-01 7.358485460E-01 7.715882155E-09 2.185928175E-11
 7.500000000E-01 7.498213649E-01 7.714565875E-09 2.185285460E-11
 7.500000000E-01 7.640787959E-01 7.713321537E-09 2.184683510E-11
 7.500000000E-01 7.786266804E-01 7.712145589E-09 2.184119031E-11
 7.500000000E-01 7.934709787E-01 7.711030925E-09 2.183589420E-11
 7.500000000E-01 8.086177111E-01 7.709973993E-09 2.183091555E-11
 7.500000000E-01 8.240730166E-01 7.708968575E-09 2.182623353E-11
 7.500000000E-01 8.398432136E-01 7.708012895E-09 2.182182386E-11
 7.500000000E-01 8.559346199E-01 7.707100735E-09 2.181766226E-11
 7.500000000E-01 8.723539114E-01 7.706229432E-09 2.181373311E-11
 7.500000000E-01 8.891077042E-01 7.705395433E-09 2.181001560E-11
 7.500000000E-01 9.062028527E-01 7.704596072E-09 2.180649238E-11
 7.500000000E-01 9.236462712E-01 7.703827798E-09 2.180314783E-11
 7.500000000E-01 9.414450526E-01 7.703087945E-09 2.179996808E-11
 7.500000000E-01 9.596064091E-01 7.702373850E-09 2.179693752E-11
 7.500000000E-01 9.781377912E-01 7.701684623E-09 2.179404573E-11
 7.500000000E-01 9.970467687E-01 7.701015825E-09 2.179128059E-11
 7.500000000E-01 1.016340852E+00 7.700367455E-09 2.178862993E-11
 7.500000000E-01 1.036028147E+00 7.699736848E-09 2.178608509E-11
 7.500000000E-01 1.056116462E+00 7.699122229E-09 2.178363739E-11
 7.500000000E-01 1.076614022E+00 7.698521820E-09 2.178127817E-11
 7.500000000E-01 1.097529292E+00 7.697934734E-09 2.177899874E-11
 7.500000000E-01 1.118870497E+00 7.697360083E-09 2.177679218E-11
 7.500000000E-01 1.140646577E+00 7.696795201E-09 2.177465153E-11
 7.500000000E-01 1.162866354E+00 7.696240090E-09 2.177257159E-11
 7.500000000E-01 1.185538769E+00 7.695693860E-09 2.177054717E-11
 7.500000000E-01 1.208673000E+00 7.695154736E-09 2.176857306E-11
 7.500000000E-01 1.232278705E+00 7.694622717E-09 2.176664231E-11
 7.500000000E-01 1.256365180E+00 7.694096027E-09 2.176475319E-11
 7.500000000E-01 1.280942440E+00 7.693574666E-09 2.176290051E-11
 7.500000000E-01 1.306020379E+00 7.693057746E-09 2.176108078E-11
 7.500000000E-01 1.331609249E+00 7.692544379E-09 2.175929055E-11
 7.500000000E-01 1.357719421E+00 7.692033677E-09 2.175752807E-11
 7.500000000E-01 1.384361625E+00 7.691526527E-09 2.175578988E-11
 7.500000000E-01 1.411546588E+00 7.691021153E-09 2.175407077E-11
 7.500000000E-01 1.439285278E+00 7.690518444E-09 2.175237247E-11
 7.500000000E-01 1.467589140E+00 7.690015735E-09 2.175068979E-11
 7.500000000E-01 1.496469736E+00 7.689514803E-09 2.174902272E-11
 7.500000000E-01 1.525938630E+00 7.689014758E-09 2.174736953E-11
 7.500000000E-01 1.556007862E+00 7.688514714E-09 2.174572675E-11
 7.500000000E-01 1.586689711E+00 7.688014669E-09 2.174409437E-11
 7.500000000E-01 1.617996693E+00 7.687514625E-09 2.174247067E-11
 7.500000000E-01 1.649941444E+00 7.687013692E-09 2.174085564E-11
 7.500000000E-01 1.682536960E+00 7.686512760E-09 2.173924582E-11
 7.500000000E-01 1.715796590E+00 7.686010051E-09 2.173764120E-11
 7.500000000E-01 1.749733806E+00 7.685507342E-09 2.173604179E-11
 7.500000000E-01 1.784362435E+00 7.685002856E-09 2.173444411E-11
 7.500000000E-01 1.819696665E+00 7.684496595E-09 2.173285163E-11
 7.500000000E-01 1.855750561E+00 7.683989445E-09 2.173125915E-11
 7.500000000E-01 1.892539144E+00 7.683480518E-09 2.172967015E-11
 7.500000000E-01 1.930077076E+00 7.682970704E-09 2.172808114E-11
 7.500000000E-01 1.968379855E+00 7.682458225E-09 2.172649387E-11
 7.500000000E-01 2.007462978E+00 7.681943082E-09 2.172490486E-11
 7.500000000E-01 2.047342300E+00 7.681427050E-09 2.172331759E-11
 7.500000000E-01 2.088034153E+00 7.680908354E-09 2.172172858E-11
 7.500000000E-01 2.129554987E+00 7.680387881E-09 2.172013958E-11
 7.500000000E-01 2.171921730E+00 7.679864744E-09 2.171854883E-11
 7.500000000E-01 2.215151548E+00 7.679339831E-09 2.171695636E-11
 7.500000000E-01 2.259262085E+00 7.678812253E-09 2.171536215E-11
 7.500000000E-01 2.304271460E+00 7.678282010E-09 2.171376620E-11
 7.500000000E-01 2.350197554E+00 7.677749991E-09 2.171217026E-11
 7.500000000E-01 2.397059441E+00 7.677215308E-09 2.171057084E-11
 7.500000000E-01 2.444876194E+00 7.676677960E-09 2.170896969E-11
 7.500000000E-01 2.493666887E+00 7.676137947E-09 2.170736507E-11
 7.500000000E-01 2.543451548E+00 7.675595270E-09 2.170576045E-11
 7.500000000E-01 2.594250679E+00 7.675050817E-09 2.170415236E-11
 7.500000000E-01 2.646084547E+00 7.674502811E-09 2.170254254E-11
 7.500000000E-01 2.698974609E+00 7.673953029E-09 2.170092925E-11
 7.500000000E-01 2.752942085E+00 7.673399693E-09 2.169931422E-11
 7.500000000E-01 2.808009148E+00 7.672844582E-09 2.169769746E-11
 7.500000000E-01 2.864197969E+00 7.672286806E-09 2.169607896E-11
 7.500000000E-01 2.921531439E+00 7.671725477E-09 2.169445699E-11
 7.500000000E-01 2.980033159E+00 7.671162372E-09 2.169283503E-11
 7.500000000E-01 3.039726734E+00 7.670595714E-09 2.169120959E-11
 7.500000000E-01 3.100636244E+00 7.670026392E-09 2.168958242E-11
 7.500000000E-01 3.162786722E+00 7.669455293E-09 2.168795352E-11
 7.500000000E-01 3.226203680E+00 7.668880642E-09 2.168632114E-11
 7.500000000E-01 3.290912390E+00 7.668303326E-09 2.168468877E-11
 7.500000000E-01 3.356939316E+00 7.667724233E-09 2.168305466E-11
 7.500000000E-01 3.424311638E+00 7.667141588E-09 2.168141881E-11
 7.500000000E-01 3.493056297E+00 7.666556279E-09 2.167978297E-11
 7.500000000E-01 3.563201666E+00 7.665968305E-09 2.167814366E-11
 7.500000000E-01 3.634775877E+00 7.665377666E-09 2.167650434E-11
 7.500000000E-01 3.707808495E+00 7.664784363E-09 2.167486503E-11
 7.500000000E-01 3.782329082E+00 7.664188395E-09 2.167322224E-11
 7.500000000E-01 3.858367682E+00 7.663589763E-09 2.167158120E-11
 7.500000000E-01 3.935955524E+00 7.662987578E-09 2.166993841E-11
 7.500000000E-01 4.015123844E+00 7.662383616E-09 2.166829563E-11
 7.500000000E-01 4.095905304E+00 7.661776991E-09 2.166665111E-11
 7.500000000E-01 4.178332329E+00 7.661166812E-09 2.166500833E-11
 7.500000000E-01 4.262438774E+00 7.660554857E-09 2.166336381E-11
 7.500000000E-01 4.348258972E+00 7.659940238E-09 2.166172103E-11
 7.500000000E-01 4.435827255E+00 7.659322065E-09 2.166007651E-11
 7.500000000E-01 4.525179386E+00 7.658702117E-09 2.165843373E-11
 7.500000000E-01 4.616352081E+00 7.658078616E-09 2.165679094E-11
 7.500000000E-01 4.709382534E+00 7.657453338E-09 2.165514990E-11
 7.500000000E-01 4.804307938E+00 7.656824508E-09 2.165350885E-11
 7.500000000E-01 4.901167393E+00 7.656194789E-09 2.165187300E-11
 7.500000000E-01 5.000000000E+00 7.655782674E-09 2.165083217E-11
