VARIABLES = "x","cf"
ZONE T="CFL3D, SA"
 -3.228320479E-01 0.000000000E+00
 -3.126617074E-01 0.000000000E+00
 -3.028087020E-01 0.000000000E+00
 -2.932629883E-01 0.000000000E+00
 -2.840148807E-01 0.000000000E+00
 -2.750549912E-01 0.000000000E+00
 -2.663742602E-01 0.000000000E+00
 -2.579638660E-01 0.000000000E+00
 -2.498152405E-01 0.000000000E+00
 -2.419201434E-01 0.000000000E+00
 -2.342705727E-01 0.000000000E+00
 -2.268587351E-01 0.000000000E+00
 -2.196771353E-01 0.000000000E+00
 -2.127184719E-01 0.000000000E+00
 -2.059756815E-01 0.000000000E+00
 -1.994419247E-01 0.000000000E+00
 -1.931105703E-01 0.000000000E+00
 -1.869751811E-01 0.000000000E+00
 -1.810295582E-01 0.000000000E+00
 -1.752676517E-01 0.000000000E+00
 -1.696836054E-01 0.000000000E+00
 -1.642717719E-01 0.000000000E+00
 -1.590266377E-01 0.000000000E+00
 -1.539428979E-01 0.000000000E+00
 -1.490153819E-01 0.000000000E+00
 -1.442390978E-01 0.000000000E+00
 -1.396092027E-01 0.000000000E+00
 -1.351209730E-01 0.000000000E+00
 -1.307698786E-01 0.000000000E+00
 -1.265514940E-01 0.000000000E+00
 -1.224615350E-01 0.000000000E+00
 -1.184958592E-01 0.000000000E+00
 -1.146504357E-01 0.000000000E+00
 -1.109213680E-01 0.000000000E+00
 -1.073048636E-01 0.000000000E+00
 -1.037972569E-01 0.000000000E+00
 -1.003949940E-01 0.000000000E+00
 -9.709461033E-02 0.000000000E+00
 -9.389276803E-02 0.000000000E+00
 -9.078621119E-02 0.000000000E+00
 -8.777178824E-02 0.000000000E+00
 -8.484643698E-02 0.000000000E+00
 -8.200719208E-02 0.000000000E+00
 -7.925117761E-02 0.000000000E+00
 -7.657558471E-02 0.000000000E+00
 -7.397770137E-02 0.000000000E+00
 -7.145489752E-02 0.000000000E+00
 -6.900461018E-02 0.000000000E+00
 -6.662435085E-02 0.000000000E+00
 -6.431170553E-02 0.000000000E+00
 -6.206432730E-02 0.000000000E+00
 -5.987993628E-02 0.000000000E+00
 -5.775631219E-02 0.000000000E+00
 -5.569129810E-02 0.000000000E+00
 -5.368280783E-02 0.000000000E+00
 -5.172879249E-02 0.000000000E+00
 -4.982727766E-02 0.000000000E+00
 -4.797632620E-02 0.000000000E+00
 -4.617406428E-02 0.000000000E+00
 -4.441866279E-02 0.000000000E+00
 -4.270834103E-02 0.000000000E+00
 -4.104135931E-02 0.000000000E+00
 -3.941602632E-02 0.000000000E+00
 -3.783069924E-02 0.000000000E+00
 -3.628376126E-02 0.000000000E+00
 -3.477364406E-02 0.000000000E+00
 -3.329882026E-02 0.000000000E+00
 -3.185778856E-02 0.000000000E+00
 -3.044908494E-02 0.000000000E+00
 -2.907128446E-02 0.000000000E+00
 -2.772298828E-02 0.000000000E+00
 -2.640282549E-02 0.000000000E+00
 -2.510945685E-02 0.000000000E+00
 -2.384156920E-02 0.000000000E+00
 -2.259787917E-02 0.000000000E+00
 -2.137712203E-02 0.000000000E+00
 -2.017805912E-02 0.000000000E+00
 -1.899947412E-02 0.000000000E+00
 -1.784016937E-02 0.000000000E+00
 -1.669897139E-02 0.000000000E+00
 -1.557471883E-02 0.000000000E+00
 -1.446627267E-02 0.000000000E+00
 -1.337250788E-02 0.000000000E+00
 -1.229231432E-02 0.000000000E+00
 -1.122459490E-02 0.000000000E+00
 -1.016826648E-02 0.000000000E+00
 -9.122258052E-03 0.000000000E+00
 -8.085506968E-03 0.000000000E+00
 -7.056961302E-03 0.000000000E+00
 -6.035577040E-03 0.000000000E+00
 -5.020318553E-03 0.000000000E+00
 -4.010154400E-03 0.000000000E+00
 -3.004060360E-03 0.000000000E+00
 -2.001014771E-03 0.000000000E+00
 -1.000000047E-03 0.000000000E+00
 0.000000000E+00 1.206775941E-02
 1.000000047E-03 1.553966384E-02
 2.001968445E-03 6.429203786E-03
 3.005924402E-03 5.802731495E-03
 4.011887591E-03 5.511601921E-03
 5.019877572E-03 5.329249892E-03
 6.029913668E-03 5.205283407E-03
 7.042016368E-03 5.112470593E-03
 8.056204766E-03 5.039676558E-03
 9.072500281E-03 4.980175290E-03
 1.009092201E-02 4.930062685E-03
 1.111149136E-02 4.886687268E-03
 1.213422790E-02 4.848265555E-03
 1.315915212E-02 4.813555628E-03
 1.418628637E-02 4.781695548E-03
 1.521565020E-02 4.752081819E-03
 1.624726504E-02 4.724281374E-03
 1.728115417E-02 4.697978962E-03
 1.831733435E-02 4.672940355E-03
 1.935583353E-02 4.648986273E-03
 2.039666846E-02 4.625979811E-03
 2.143986151E-02 4.603813868E-03
 2.248543687E-02 4.582402762E-03
 2.353341691E-02 4.561676644E-03
 2.458382212E-02 4.541578703E-03
 2.563667670E-02 4.522058647E-03
 2.669200115E-02 4.503075499E-03
 2.774982154E-02 4.484592471E-03
 2.881015837E-02 4.466578364E-03
 2.987303585E-02 4.449005239E-03
 3.093848005E-02 4.431848414E-03
 3.200650960E-02 4.415085539E-03
 3.307715058E-02 4.398696590E-03
 3.415042907E-02 4.382663406E-03
 3.522636741E-02 4.366969224E-03
 3.630498797E-02 4.351599142E-03
 3.738632053E-02 4.336538725E-03
 3.847038746E-02 4.321775865E-03
 3.955721110E-02 4.307297990E-03
 4.064681754E-02 4.293094855E-03
 4.173923656E-02 4.279155750E-03
 4.283448681E-02 4.265470896E-03
 4.393260181E-02 4.252031911E-03
 4.503360018E-02 4.238829948E-03
 4.613751546E-02 4.225856625E-03
 4.724436626E-02 4.213104956E-03
 4.835418612E-02 4.200567026E-03
 4.946699739E-02 4.188236780E-03
 5.058282986E-02 4.176107235E-03
 5.170170963E-02 4.164171871E-03
 5.282366648E-02 4.152425565E-03
 5.394872278E-02 4.140861798E-03
 5.507691577E-02 4.129475914E-03
 5.620826408E-02 4.118262790E-03
 5.734280124E-02 4.107216839E-03
 5.848055333E-02 4.096333869E-03
 5.962155387E-02 4.085609689E-03
 6.076582894E-02 4.075039178E-03
 6.191340834E-02 4.064618610E-03
 6.306432188E-02 4.054343794E-03
 6.421860307E-02 4.044211470E-03
 6.537627429E-02 4.034216981E-03
 6.653737277E-02 4.024357535E-03
 6.770192832E-02 4.014629405E-03
 6.886997819E-02 4.005029332E-03
 7.004153728E-02 3.995554056E-03
 7.121665031E-02 3.986200318E-03
 7.239534706E-02 3.976965789E-03
 7.357765734E-02 3.967846744E-03
 7.476361841E-02 3.958841320E-03
 7.595326006E-02 3.949945793E-03
 7.714661211E-02 3.941158298E-03
 7.834371924E-02 3.932476509E-03
 7.954459637E-02 3.923897166E-03
 8.074929565E-02 3.915418405E-03
 8.195784688E-02 3.907038365E-03
 8.317027986E-02 3.898753785E-03
 8.438663185E-02 3.890563268E-03
 8.560694009E-02 3.882464487E-03
 8.683124185E-02 3.874455579E-03
 8.805956692E-02 3.866534447E-03
 8.929195255E-02 3.858699230E-03
 9.052844346E-02 3.850948066E-03
 9.176907688E-02 3.843279090E-03
 9.301388264E-02 3.835690673E-03
 9.426289797E-02 3.828180954E-03
 9.551616758E-02 3.820748534E-03
 9.677372128E-02 3.813391551E-03
 9.803561121E-02 3.806108609E-03
 9.930186719E-02 3.798898077E-03
 1.005725339E-01 3.791758558E-03
 1.018476486E-01 3.784688655E-03
 1.031272486E-01 3.777686972E-03
 1.044113860E-01 3.770751879E-03
 1.057000905E-01 3.763882210E-03
 1.069934070E-01 3.757076804E-03
 1.082913801E-01 3.750334494E-03
 1.095940545E-01 3.743653651E-03
 1.109014750E-01 3.737033112E-03
 1.122136712E-01 3.730472177E-03
 1.135307029E-01 3.723969217E-03
 1.148526073E-01 3.717523534E-03
 1.161794290E-01 3.711133730E-03
 1.175112203E-01 3.704798874E-03
 1.188480183E-01 3.698517801E-03
 1.201898679E-01 3.692289582E-03
 1.215368286E-01 3.686113516E-03
 1.228889376E-01 3.679988207E-03
 1.242462471E-01 3.673912957E-03
 1.256088018E-01 3.667886602E-03
 1.269766539E-01 3.661908675E-03
 1.283498406E-01 3.655978013E-03
 1.297284365E-01 3.650093917E-03
 1.311124712E-01 3.644255223E-03
 1.325020045E-01 3.638461698E-03
 1.338970959E-01 3.632711945E-03
 1.352977753E-01 3.627005499E-03
 1.367041171E-01 3.621341428E-03
 1.381161511E-01 3.615719266E-03
 1.395339519E-01 3.610138083E-03
 1.409575790E-01 3.604596946E-03
 1.423870623E-01 3.599095624E-03
 1.438224763E-01 3.593633184E-03
 1.452638805E-01 3.588209162E-03
 1.467113197E-01 3.582822392E-03
 1.481648535E-01 3.577472875E-03
 1.496245414E-01 3.572159447E-03
 1.510904431E-01 3.566881875E-03
 1.525626183E-01 3.561639227E-03
 1.540411264E-01 3.556431271E-03
 1.555260271E-01 3.551257309E-03
 1.570173800E-01 3.546116408E-03
 1.585152596E-01 3.541008569E-03
 1.600197256E-01 3.535932861E-03
 1.615308374E-01 3.530888818E-03
 1.630486548E-01 3.525876207E-03
 1.645732373E-01 3.520894097E-03
 1.661046743E-01 3.515942255E-03
 1.676430106E-01 3.511020215E-03
 1.691883355E-01 3.506127046E-03
 1.707406938E-01 3.501262981E-03
 1.723001748E-01 3.496426856E-03
 1.738668382E-01 3.491618671E-03
 1.754407436E-01 3.486837959E-03
 1.770219952E-01 3.482084023E-03
 1.786106378E-01 3.477356629E-03
 1.802067459E-01 3.472655313E-03
 1.818104088E-01 3.467979608E-03
 1.834216863E-01 3.463329049E-03
 1.850406677E-01 3.458703402E-03
 1.866674274E-01 3.454102203E-03
 1.883020550E-01 3.449524986E-03
 1.899445951E-01 3.444971284E-03
 1.915951520E-01 3.440441098E-03
 1.932538152E-01 3.435933730E-03
 1.949206442E-01 3.431448713E-03
 1.965957433E-01 3.426986048E-03
 1.982791722E-01 3.422545269E-03
 1.999710351E-01 3.418125911E-03
 2.016714215E-01 3.413727740E-03
 2.033804059E-01 3.409350291E-03
 2.050980777E-01 3.404993331E-03
 2.068245411E-01 3.400656627E-03
 2.085598707E-01 3.396339715E-03
 2.103041708E-01 3.392042359E-03
 2.120575309E-01 3.387764096E-03
 2.138200402E-01 3.383504925E-03
 2.155917883E-01 3.379264148E-03
 2.173728943E-01 3.375041764E-03
 2.191634327E-01 3.370837308E-03
 2.209635228E-01 3.366650781E-03
 2.227732539E-01 3.362481715E-03
 2.245927304E-01 3.358329646E-03
 2.264220566E-01 3.354194574E-03
 2.282613367E-01 3.350076033E-03
 2.301106751E-01 3.345974023E-03
 2.319701910E-01 3.341888078E-03
 2.338399738E-01 3.337817965E-03
 2.357201427E-01 3.333763452E-03
 2.376108319E-01 3.329724073E-03
 2.395121157E-01 3.325700061E-03
 2.414241433E-01 3.321690718E-03
 2.433470190E-01 3.317696042E-03
 2.452808470E-01 3.313715570E-03
 2.472257763E-01 3.309749532E-03
 2.491818964E-01 3.305797232E-03
 2.511493564E-01 3.301858436E-03
 2.531282902E-01 3.297933377E-03
 2.551187873E-01 3.294021357E-03
 2.571209967E-01 3.290122375E-03
 2.591350675E-01 3.286235966E-03
 2.611611187E-01 3.282362362E-03
 2.631992698E-01 3.278501099E-03
 2.652496696E-01 3.274651943E-03
 2.673124373E-01 3.270814661E-03
 2.693877518E-01 3.266989021E-03
 2.714757323E-01 3.263175022E-03
 2.735765278E-01 3.259372432E-03
 2.756902874E-01 3.255580785E-03
 2.778171599E-01 3.251800081E-03
 2.799572945E-01 3.248030320E-03
 2.821108401E-01 3.244270803E-03
 2.842779458E-01 3.240521764E-03
 2.864587903E-01 3.236782970E-03
 2.886535227E-01 3.233053954E-03
 2.908623219E-01 3.229334950E-03
 2.930853069E-01 3.225625493E-03
 2.953226864E-01 3.221925348E-03
 2.975746393E-01 3.218234517E-03
 2.998413146E-01 3.214552766E-03
 3.021228909E-01 3.210879862E-03
 3.044195473E-01 3.207215574E-03
 3.067314625E-01 3.203560133E-03
 3.090588450E-01 3.199912841E-03
 3.114018440E-01 3.196273698E-03
 3.137606978E-01 3.192642704E-03
 3.161355257E-01 3.189019626E-03
 3.185265958E-01 3.185404232E-03
 3.209340870E-01 3.181796288E-03
 3.233581781E-01 3.178195795E-03
 3.257990777E-01 3.174602520E-03
 3.282570243E-01 3.171016462E-03
 3.307321966E-01 3.167437157E-03
 3.332248330E-01 3.163864603E-03
 3.357351422E-01 3.160298569E-03
 3.382633626E-01 3.156739054E-03
 3.408097029E-01 3.153185826E-03
 3.433744013E-01 3.149638651E-03
 3.459576964E-01 3.146097297E-03
 3.485597968E-01 3.142561996E-03
 3.511810005E-01 3.139032284E-03
 3.538214862E-01 3.135508159E-03
 3.564815521E-01 3.131989390E-03
 3.591614366E-01 3.128475742E-03
 3.618614078E-01 3.124967217E-03
 3.645817339E-01 3.121463582E-03
 3.673226237E-01 3.117964836E-03
 3.700844347E-01 3.114470514E-03
 3.728674054E-01 3.110980848E-03
 3.756718040E-01 3.107495606E-03
 3.784979284E-01 3.104014555E-03
 3.813460767E-01 3.100537462E-03
 3.842165470E-01 3.097064327E-03
 3.871096373E-01 3.093594918E-03
 3.900256455E-01 3.090129234E-03
 3.929648995E-01 3.086667042E-03
 3.959276974E-01 3.083208110E-03
 3.989143968E-01 3.079752438E-03
 4.019253254E-01 3.076299792E-03
 4.049607813E-01 3.072850173E-03
 4.080211222E-01 3.069403348E-03
 4.111067355E-01 3.065959318E-03
 4.142179191E-01 3.062517615E-03
 4.173550904E-01 3.059078474E-03
 4.205185771E-01 3.055641428E-03
 4.237087667E-01 3.052206477E-03
 4.269260764E-01 3.048773622E-03
 4.301708341E-01 3.045342397E-03
 4.334434569E-01 3.041913034E-03
 4.367443919E-01 3.038485302E-03
 4.400739968E-01 3.035058966E-03
 4.434327483E-01 3.031633794E-03
 4.468210340E-01 3.028209787E-03
 4.502393007E-01 3.024786944E-03
 4.536879957E-01 3.021364799E-03
 4.571675658E-01 3.017943585E-03
 4.606784880E-01 3.014522837E-03
 4.642212391E-01 3.011102555E-03
 4.677962959E-01 3.007682506E-03
 4.714041352E-01 3.004262922E-03
 4.750452936E-01 3.000843106E-03
 4.787202775E-01 2.997423289E-03
 4.824295640E-01 2.994003473E-03
 4.861737490E-01 2.990582958E-03
 4.899533391E-01 2.987162210E-03
 4.937689006E-01 2.983740764E-03
 4.976209998E-01 2.980318386E-03
 5.015102029E-01 2.976895077E-03
 5.054371357E-01 2.973470837E-03
 5.094023943E-01 2.970045432E-03
 5.134065747E-01 2.966618398E-03
 5.174503326E-01 2.963190200E-03
 5.215342641E-01 2.959760139E-03
 5.256590843E-01 2.956328448E-03
 5.298254490E-01 2.952894662E-03
 5.340340734E-01 2.949459013E-03
 5.382856131E-01 2.946021035E-03
 5.425807834E-01 2.942580497E-03
 5.469203591E-01 2.939137630E-03
 5.513049960E-01 2.935692202E-03
 5.557355881E-01 2.932243748E-03
 5.602129102E-01 2.928792499E-03
 5.647376776E-01 2.925337991E-03
 5.693107247E-01 2.921880456E-03
 5.739330053E-01 2.918419195E-03
 5.786052346E-01 2.914954443E-03
 5.833283663E-01 2.911485964E-03
 5.881032944E-01 2.908013761E-03
 5.929309130E-01 2.904537367E-03
 5.978122354E-01 2.901056781E-03
 6.027481556E-01 2.897571772E-03
 6.077396870E-01 2.894082107E-03
 6.127878428E-01 2.890587784E-03
 6.178936362E-01 2.887088805E-03
 6.230581999E-01 2.883584704E-03
 6.282825470E-01 2.880075248E-03
 6.335678697E-01 2.876560437E-03
 6.389152408E-01 2.873040270E-03
 6.443258524E-01 2.869514283E-03
 6.498009562E-01 2.865982242E-03
 6.553417444E-01 2.862444380E-03
 6.609494686E-01 2.858900232E-03
 6.666254401E-01 2.855349332E-03
 6.723710299E-01 2.851792146E-03
 6.781874895E-01 2.848227974E-03
 6.840763688E-01 2.844656818E-03
 6.900390387E-01 2.841078676E-03
 6.960769296E-01 2.837492852E-03
 7.021916509E-01 2.833899576E-03
 7.083846927E-01 2.830298617E-03
 7.146576643E-01 2.826689743E-03
 7.210122347E-01 2.823072486E-03
 7.274500728E-01 2.819446847E-03
 7.339729071E-01 2.815812826E-03
 7.405825853E-01 2.812169725E-03
 7.472808361E-01 2.808517776E-03
 7.540696263E-01 2.804856747E-03
 7.609508634E-01 2.801185939E-03
 7.679265738E-01 2.797505818E-03
 7.749987841E-01 2.793815453E-03
 7.821695805E-01 2.790115075E-03
 7.894411683E-01 2.786404453E-03
 7.968158126E-01 2.782683121E-03
 8.042958379E-01 2.778950846E-03
 8.118835092E-01 2.775207628E-03
 8.195813894E-01 2.771453001E-03
 8.273919821E-01 2.767686965E-03
 8.353177905E-01 2.763908822E-03
 8.433616161E-01 2.760118805E-03
 8.515261412E-01 2.756316215E-03
 8.598142862E-01 2.752501052E-03
 8.682289124E-01 2.748672850E-03
 8.767731786E-01 2.744831610E-03
 8.854500651E-01 2.740976866E-03
 8.942628503E-01 2.737108152E-03
 9.032149911E-01 2.733225469E-03
 9.123097658E-01 2.729328349E-03
 9.215508699E-01 2.725416562E-03
 9.309419394E-01 2.721489640E-03
 9.404867887E-01 2.717547351E-03
 9.501893520E-01 2.713588532E-03
 9.600536823E-01 2.709612949E-03
 9.700840712E-01 2.705621533E-03
 9.802848101E-01 2.701616380E-03
 9.906604290E-01 2.697607502E-03
 1.001215577E+00 2.693563933E-03
 1.011955261E+00 2.689494286E-03
 1.022694826E+00 2.685482381E-03
 1.033434510E+00 2.681530546E-03
 1.044174075E+00 2.677617827E-03
 1.054913640E+00 2.673753304E-03
 1.065653324E+00 2.669933718E-03
 1.076392889E+00 2.666159300E-03
 1.087132573E+00 2.662428888E-03
 1.097872138E+00 2.658742247E-03
 1.108611822E+00 2.655098215E-03
 1.119351387E+00 2.651496325E-03
 1.130090952E+00 2.647935413E-03
 1.140830636E+00 2.644415013E-03
 1.151570201E+00 2.640934195E-03
 1.162309885E+00 2.637492493E-03
 1.173049450E+00 2.634088974E-03
 1.183789134E+00 2.630722942E-03
 1.194528699E+00 2.627393696E-03
 1.205268383E+00 2.624100540E-03
 1.216007948E+00 2.620843006E-03
 1.226747513E+00 2.617620397E-03
 1.237487197E+00 2.614432015E-03
 1.248226762E+00 2.611277159E-03
 1.258966446E+00 2.608155366E-03
 1.269706011E+00 2.605065936E-03
 1.280445695E+00 2.602008637E-03
 1.291185260E+00 2.598982537E-03
 1.301924825E+00 2.595987171E-03
 1.312664509E+00 2.593022073E-03
 1.323404074E+00 2.590086777E-03
 1.334143758E+00 2.587180585E-03
 1.344883323E+00 2.584303264E-03
 1.355623007E+00 2.581454115E-03
 1.366362572E+00 2.578632906E-03
 1.377102256E+00 2.575839171E-03
 1.387841821E+00 2.573072212E-03
 1.398581386E+00 2.570331562E-03
 1.409321070E+00 2.567617223E-03
 1.420060635E+00 2.564928494E-03
 1.430800319E+00 2.562264912E-03
 1.441539884E+00 2.559626242E-03
 1.452279568E+00 2.557012020E-03
 1.463019133E+00 2.554422012E-03
 1.473758817E+00 2.551855519E-03
 1.484498382E+00 2.549312776E-03
 1.495237947E+00 2.546792850E-03
 1.505977631E+00 2.544295741E-03
 1.516717196E+00 2.541820984E-03
 1.527456880E+00 2.539368579E-03
 1.538196445E+00 2.536937594E-03
 1.548936129E+00 2.534528496E-03
 1.559675694E+00 2.532140352E-03
 1.570415258E+00 2.529773396E-03
 1.581154943E+00 2.527427161E-03
 1.591894507E+00 2.525101183E-03
 1.602634192E+00 2.522795694E-03
 1.613373756E+00 2.520509996E-03
 1.624113441E+00 2.518244321E-03
 1.634853005E+00 2.515997970E-03
 1.645592690E+00 2.513771411E-03
 1.656332254E+00 2.511563944E-03
 1.667071819E+00 2.509375568E-03
 1.677811503E+00 2.507206285E-03
 1.688551068E+00 2.505055862E-03
 1.699290752E+00 2.502924530E-03
 1.710030317E+00 2.500811825E-03
 1.720770001E+00 2.498717746E-03
 1.731509566E+00 2.496642759E-03
 1.742249131E+00 2.494586399E-03
 1.752988815E+00 2.492549131E-03
 1.763728380E+00 2.490531188E-03
 1.774468064E+00 2.488532569E-03
 1.785207629E+00 2.486553742E-03
 1.795947313E+00 2.484595170E-03
 1.806686878E+00 2.482657321E-03
 1.817426562E+00 2.480741125E-03
 1.828166127E+00 2.478847280E-03
 1.838905692E+00 2.476977184E-03
 1.849645376E+00 2.475132467E-03
 1.860384941E+00 2.473314758E-03
 1.871124625E+00 2.471527085E-03
 1.881864190E+00 2.469772473E-03
 1.892603874E+00 2.468055580E-03
 1.903343439E+00 2.466381295E-03
 1.914083004E+00 2.464755904E-03
 1.924822688E+00 2.463187557E-03
 1.935562253E+00 2.461697673E-03
 1.946301937E+00 2.460321877E-03
 1.957041502E+00 2.459152834E-03
 1.967781186E+00 2.458121395E-03
 1.978520751E+00 2.457757015E-03
 1.989260435E+00 2.456017304E-03
ZONE T="FUN3D, SA"
 1.000000047E-03 9.484483860E-03
 2.001968445E-03 5.809713155E-03
 3.005924402E-03 5.583977327E-03
 4.011887591E-03 5.427359603E-03
 5.019877572E-03 5.293891765E-03
 6.029913668E-03 5.187444389E-03
 7.042016368E-03 5.102215800E-03
 8.056204766E-03 5.033467431E-03
 9.072500281E-03 4.976543598E-03
 1.009092201E-02 4.928131588E-03
 1.111149136E-02 4.885812756E-03
 1.213422790E-02 4.847974516E-03
 1.315915212E-02 4.813514650E-03
 1.418628637E-02 4.781685304E-03
 1.521565020E-02 4.751963541E-03
 1.624726504E-02 4.723973572E-03
 1.728115417E-02 4.697439726E-03
 1.831733435E-02 4.672151990E-03
 1.935583353E-02 4.647948779E-03
 2.039666846E-02 4.624701571E-03
 2.143986151E-02 4.602306988E-03
 2.248543687E-02 4.580680747E-03
 2.353341691E-02 4.559752997E-03
 2.458382212E-02 4.539465532E-03
 2.563667670E-02 4.519768525E-03
 2.669200115E-02 4.500619136E-03
 2.774982154E-02 4.481981508E-03
 2.881015837E-02 4.463823512E-03
 2.987303585E-02 4.446116742E-03
 3.093848005E-02 4.428836051E-03
 3.200650960E-02 4.411958624E-03
 3.307715058E-02 4.395463970E-03
 3.415042907E-02 4.379333928E-03
 3.522636741E-02 4.363551270E-03
 3.630498797E-02 4.348100163E-03
 3.738632053E-02 4.332966637E-03
 3.847038746E-02 4.318137188E-03
 3.955721110E-02 4.303599242E-03
 4.064681754E-02 4.289342090E-03
 4.173923656E-02 4.275355022E-03
 4.283448681E-02 4.261627328E-03
 4.393260181E-02 4.248150159E-03
 4.503360018E-02 4.234915134E-03
 4.613751546E-02 4.221912939E-03
 4.724436626E-02 4.209136125E-03
 4.835418612E-02 4.196577240E-03
 4.946699739E-02 4.184228834E-03
 5.058282986E-02 4.172084853E-03
 5.170170963E-02 4.160138313E-03
 5.282366648E-02 4.148383159E-03
 5.394872278E-02 4.136814270E-03
 5.507691577E-02 4.125425126E-03
 5.620826408E-02 4.114210606E-03
 5.734280124E-02 4.103166051E-03
 5.848055333E-02 4.092286341E-03
 5.962155387E-02 4.081567284E-03
 6.076582894E-02 4.071003757E-03
 6.191340834E-02 4.060591571E-03
 6.306432188E-02 4.050326999E-03
 6.421860307E-02 4.040205851E-03
 6.537627429E-02 4.030224402E-03
 6.653737277E-02 4.020379391E-03
 6.770192832E-02 4.010666162E-03
 6.886997819E-02 4.001082852E-03
 7.004153728E-02 3.991624806E-03
 7.121665031E-02 3.982289694E-03
 7.239534706E-02 3.973073792E-03
 7.357765734E-02 3.963974770E-03
 7.476361841E-02 3.954989836E-03
 7.595326006E-02 3.946115728E-03
 7.714661211E-02 3.937350586E-03
 7.834371924E-02 3.928690683E-03
 7.954459637E-02 3.920134157E-03
 8.074929565E-02 3.911679145E-03
 8.195784688E-02 3.903322387E-03
 8.317027986E-02 3.895062022E-03
 8.438663185E-02 3.886895953E-03
 8.560694009E-02 3.878821852E-03
 8.683124185E-02 3.870837856E-03
 8.805956692E-02 3.862941870E-03
 8.929195255E-02 3.855131799E-03
 9.052844346E-02 3.847406246E-03
 9.176907688E-02 3.839762881E-03
 9.301388264E-02 3.832200076E-03
 9.426289797E-02 3.824716201E-03
 9.551616758E-02 3.817309625E-03
 9.677372128E-02 3.809978720E-03
 9.803561121E-02 3.802721621E-03
 9.930186719E-02 3.795537166E-03
 1.005725339E-01 3.788423724E-03
 1.018476486E-01 3.781379899E-03
 1.031272486E-01 3.774404060E-03
 1.044113860E-01 3.767495044E-03
 1.057000905E-01 3.760651452E-03
 1.069934070E-01 3.753871890E-03
 1.082913801E-01 3.747155191E-03
 1.095940545E-01 3.740500193E-03
 1.109014750E-01 3.733905498E-03
 1.122136712E-01 3.727370175E-03
 1.135307029E-01 3.720892593E-03
 1.148526073E-01 3.714472288E-03
 1.161794290E-01 3.708107630E-03
 1.175112203E-01 3.701797919E-03
 1.188480183E-01 3.695541993E-03
 1.201898679E-01 3.689338919E-03
 1.215368286E-01 3.683187300E-03
 1.228889376E-01 3.677086672E-03
 1.242462471E-01 3.671035869E-03
 1.256088018E-01 3.665034194E-03
 1.269766539E-01 3.659080248E-03
 1.283498406E-01 3.653173568E-03
 1.297284365E-01 3.647313453E-03
 1.311124712E-01 3.641498508E-03
 1.325020045E-01 3.635728266E-03
 1.338970959E-01 3.630002029E-03
 1.352977753E-01 3.624318866E-03
 1.367041171E-01 3.618677845E-03
 1.381161511E-01 3.613078501E-03
 1.395339519E-01 3.607520135E-03
 1.409575790E-01 3.602001816E-03
 1.423870623E-01 3.596522845E-03
 1.438224763E-01 3.591082525E-03
 1.452638805E-01 3.585680388E-03
 1.467113197E-01 3.580315737E-03
 1.481648535E-01 3.574987641E-03
 1.496245414E-01 3.569695866E-03
 1.510904431E-01 3.564439714E-03
 1.525626183E-01 3.559218254E-03
 1.540411264E-01 3.554031253E-03
 1.555260271E-01 3.548878012E-03
 1.570173800E-01 3.543758066E-03
 1.585152596E-01 3.538670484E-03
 1.600197256E-01 3.533615265E-03
 1.615308374E-01 3.528591478E-03
 1.630486548E-01 3.523598658E-03
 1.645732373E-01 3.518636571E-03
 1.661046743E-01 3.513704287E-03
 1.676430106E-01 3.508801572E-03
 1.691883355E-01 3.503927961E-03
 1.707406938E-01 3.499082988E-03
 1.723001748E-01 3.494265955E-03
 1.738668382E-01 3.489476629E-03
 1.754407436E-01 3.484714543E-03
 1.770219952E-01 3.479979234E-03
 1.786106378E-01 3.475270001E-03
 1.802067459E-01 3.470586846E-03
 1.818104088E-01 3.465929301E-03
 1.834216863E-01 3.461296670E-03
 1.850406677E-01 3.456688719E-03
 1.866674274E-01 3.452104982E-03
 1.883020550E-01 3.447545227E-03
 1.899445951E-01 3.443008987E-03
 1.915951520E-01 3.438495798E-03
 1.932538152E-01 3.434005426E-03
 1.949206442E-01 3.429537406E-03
 1.965957433E-01 3.425091505E-03
 1.982791722E-01 3.420667024E-03
 1.999710351E-01 3.416264197E-03
 2.016714215E-01 3.411882324E-03
 2.033804059E-01 3.407520941E-03
 2.050980777E-01 3.403180046E-03
 2.068245411E-01 3.398859175E-03
 2.085598707E-01 3.394557862E-03
 2.103041708E-01 3.390276106E-03
 2.120575309E-01 3.386013443E-03
 2.138200402E-01 3.381769406E-03
 2.155917883E-01 3.377543995E-03
 2.173728943E-01 3.373336513E-03
 2.191634327E-01 3.369147191E-03
 2.209635228E-01 3.364975331E-03
 2.227732539E-01 3.360820934E-03
 2.245927304E-01 3.356683534E-03
 2.264220566E-01 3.352562897E-03
 2.282613367E-01 3.348458791E-03
 2.301106751E-01 3.344370751E-03
 2.319701910E-01 3.340298776E-03
 2.338399738E-01 3.336242633E-03
 2.357201427E-01 3.332201857E-03
 2.376108319E-01 3.328176448E-03
 2.395121157E-01 3.324165940E-03
 2.414241433E-01 3.320170101E-03
 2.433470190E-01 3.316188930E-03
 2.452808470E-01 3.312221728E-03
 2.472257763E-01 3.308268730E-03
 2.491818964E-01 3.304329468E-03
 2.511493564E-01 3.300403710E-03
 2.531282902E-01 3.296491457E-03
 2.551187873E-01 3.292592242E-03
 2.571209967E-01 3.288705833E-03
 2.591350675E-01 3.284831997E-03
 2.611611187E-01 3.280970734E-03
 2.631992698E-01 3.277121810E-03
 2.652496696E-01 3.273284761E-03
 2.673124373E-01 3.269459819E-03
 2.693877518E-01 3.265646286E-03
 2.714757323E-01 3.261844162E-03
 2.735765278E-01 3.258053213E-03
 2.756902874E-01 3.254273441E-03
 2.778171599E-01 3.250504378E-03
 2.799572945E-01 3.246746026E-03
 2.821108401E-01 3.242998151E-03
 2.842779458E-01 3.239260521E-03
 2.864587903E-01 3.235532902E-03
 2.886535227E-01 3.231815295E-03
 2.908623219E-01 3.228107234E-03
 2.930853069E-01 3.224408720E-03
 2.953226864E-01 3.220719751E-03
 2.975746393E-01 3.217039630E-03
 2.998413146E-01 3.213368589E-03
 3.021228909E-01 3.209706396E-03
 3.044195473E-01 3.206052817E-03
 3.067314625E-01 3.202407854E-03
 3.090588450E-01 3.198771039E-03
 3.114018440E-01 3.195142373E-03
 3.137606978E-01 3.191521624E-03
 3.161355257E-01 3.187908791E-03
 3.185265958E-01 3.184303408E-03
 3.209340870E-01 3.180705709E-03
 3.233581781E-01 3.177115228E-03
 3.257990777E-01 3.173531732E-03
 3.282570243E-01 3.169955453E-03
 3.307321966E-01 3.166385926E-03
 3.332248330E-01 3.162822919E-03
 3.357351422E-01 3.159266664E-03
 3.382633626E-01 3.155716462E-03
 3.408097029E-01 3.152172780E-03
 3.433744013E-01 3.148634918E-03
 3.459576964E-01 3.145103110E-03
 3.485597968E-01 3.141576890E-03
 3.511810005E-01 3.138056491E-03
 3.538214862E-01 3.134541446E-03
 3.564815521E-01 3.131031757E-03
 3.591614366E-01 3.127526958E-03
 3.618614078E-01 3.124027513E-03
 3.645817339E-01 3.120532725E-03
 3.673226237E-01 3.117042826E-03
 3.700844347E-01 3.113557352E-03
 3.728674054E-01 3.110076301E-03
 3.756718040E-01 3.106599441E-03
 3.784979284E-01 3.103127005E-03
 3.813460767E-01 3.099658294E-03
 3.842165470E-01 3.096193774E-03
 3.871096373E-01 3.092732746E-03
 3.900256455E-01 3.089275211E-03
 3.929648995E-01 3.085821401E-03
 3.959276974E-01 3.082370618E-03
 3.989143968E-01 3.078923095E-03
 4.019253254E-01 3.075478598E-03
 4.049607813E-01 3.072036896E-03
 4.080211222E-01 3.068598220E-03
 4.111067355E-01 3.065161873E-03
 4.142179191E-01 3.061728086E-03
 4.173550904E-01 3.058296628E-03
 4.205185771E-01 3.054867266E-03
 4.237087667E-01 3.051440232E-03
 4.269260764E-01 3.048014827E-03
 4.301708341E-01 3.044591285E-03
 4.334434569E-01 3.041169606E-03
 4.367443919E-01 3.037749091E-03
 4.400739968E-01 3.034330206E-03
 4.434327483E-01 3.030912485E-03
 4.468210340E-01 3.027495928E-03
 4.502393007E-01 3.024080303E-03
 4.536879957E-01 3.020665376E-03
 4.571675658E-01 3.017251147E-03
 4.606784880E-01 3.013837617E-03
 4.642212391E-01 3.010424552E-03
 4.677962959E-01 3.007011488E-03
 4.714041352E-01 3.003598889E-03
 4.750452936E-01 3.000186058E-03
 4.787202775E-01 2.996773226E-03
 4.824295640E-01 2.993360162E-03
 4.861737490E-01 2.989946632E-03
 4.899533391E-01 2.986532403E-03
 4.937689006E-01 2.983117709E-03
 4.976209998E-01 2.979702083E-03
 5.015102029E-01 2.976285527E-03
 5.054371357E-01 2.972867806E-03
 5.094023943E-01 2.969448688E-03
 5.134065747E-01 2.966028405E-03
 5.174503326E-01 2.962606493E-03
 5.215342641E-01 2.959182952E-03
 5.256590843E-01 2.955757547E-03
 5.298254490E-01 2.952330280E-03
 5.340340734E-01 2.948900685E-03
 5.382856131E-01 2.945468994E-03
 5.425807834E-01 2.942034742E-03
 5.469203591E-01 2.938598162E-03
 5.513049960E-01 2.935158554E-03
 5.557355881E-01 2.931716386E-03
 5.602129102E-01 2.928271191E-03
 5.647376776E-01 2.924822737E-03
 5.693107247E-01 2.921371022E-03
 5.739330053E-01 2.917915815E-03
 5.786052346E-01 2.914456883E-03
 5.833283663E-01 2.910994226E-03
 5.881032944E-01 2.907527843E-03
 5.929309130E-01 2.904057037E-03
 5.978122354E-01 2.900582273E-03
 6.027481556E-01 2.897102851E-03
 6.077396870E-01 2.893619006E-03
 6.127878428E-01 2.890130505E-03
 6.178936362E-01 2.886636881E-03
 6.230581999E-01 2.883138368E-03
 6.282825470E-01 2.879634500E-03
 6.335678697E-01 2.876125276E-03
 6.389152408E-01 2.872610465E-03
 6.443258524E-01 2.869089833E-03
 6.498009562E-01 2.865563380E-03
 6.553417444E-01 2.862030640E-03
 6.609494686E-01 2.858491614E-03
 6.666254401E-01 2.854946302E-03
 6.723710299E-01 2.851394238E-03
 6.781874895E-01 2.847835189E-03
 6.840763688E-01 2.844269387E-03
 6.900390387E-01 2.840696136E-03
 6.960769296E-01 2.837115666E-03
 7.021916509E-01 2.833527280E-03
 7.083846927E-01 2.829931444E-03
 7.146576643E-01 2.826327458E-03
 7.210122347E-01 2.822715091E-03
 7.274500728E-01 2.819094574E-03
 7.339729071E-01 2.815465210E-03
 7.405825853E-01 2.811827231E-03
 7.472808361E-01 2.808179939E-03
 7.540696263E-01 2.804523567E-03
 7.609508634E-01 2.800857648E-03
 7.679265738E-01 2.797182184E-03
 7.749987841E-01 2.793496475E-03
 7.821695805E-01 2.789800754E-03
 7.894411683E-01 2.786094788E-03
 7.968158126E-01 2.782377880E-03
 8.042958379E-01 2.778650261E-03
 8.118835092E-01 2.774911700E-03
 8.195813894E-01 2.771161497E-03
 8.273919821E-01 2.767399652E-03
 8.353177905E-01 2.763626166E-03
 8.433616161E-01 2.759840339E-03
 8.515261412E-01 2.756041940E-03
 8.598142862E-01 2.752231201E-03
 8.682289124E-01 2.748407191E-03
 8.767731786E-01 2.744570142E-03
 8.854500651E-01 2.740719588E-03
 8.942628503E-01 2.736855065E-03
 9.032149911E-01 2.732976573E-03
 9.123097658E-01 2.729083411E-03
 9.215508699E-01 2.725175815E-03
 9.309419394E-01 2.721253084E-03
 9.404867887E-01 2.717314754E-03
 9.501893520E-01 2.713360824E-03
 9.600536823E-01 2.709391061E-03
 9.700840712E-01 2.705404768E-03
 9.802848101E-01 2.701401478E-03
 9.906604290E-01 2.697380958E-03
 1.001215577E+00 2.693344140E-03
 1.011955261E+00 2.689325484E-03
 1.022694826E+00 2.685319632E-03
 1.033434510E+00 2.681360114E-03
 1.044174075E+00 2.677447861E-03
 1.054913640E+00 2.673582872E-03
 1.065653324E+00 2.669763984E-03
 1.076392889E+00 2.665990498E-03
 1.087132573E+00 2.662261715E-03
 1.097872138E+00 2.658576472E-03
 1.108611822E+00 2.654934069E-03
 1.119351387E+00 2.651333576E-03
 1.130090952E+00 2.647774294E-03
 1.140830636E+00 2.644255525E-03
 1.151570201E+00 2.640776336E-03
 1.162309885E+00 2.637336031E-03
 1.173049450E+00 2.633933909E-03
 1.183789134E+00 2.630569274E-03
 1.194528699E+00 2.627241192E-03
 1.205268383E+00 2.623949433E-03
 1.216007948E+00 2.620692831E-03
 1.226747513E+00 2.617471153E-03
 1.237487197E+00 2.614283469E-03
 1.248226762E+00 2.611129312E-03
 1.258966446E+00 2.608007984E-03
 1.269706011E+00 2.604919020E-03
 1.280445695E+00 2.601861721E-03
 1.291185260E+00 2.598835621E-03
 1.301924825E+00 2.595840022E-03
 1.312664509E+00 2.592874691E-03
 1.323404074E+00 2.589938696E-03
 1.334143758E+00 2.587031806E-03
 1.344883323E+00 2.584153553E-03
 1.355623007E+00 2.581303241E-03
 1.366362572E+00 2.578480402E-03
 1.377102256E+00 2.575684572E-03
 1.387841821E+00 2.572915517E-03
 1.398581386E+00 2.570172772E-03
 1.409321070E+00 2.567455638E-03
 1.420060635E+00 2.564763650E-03
 1.430800319E+00 2.562096808E-03
 1.441539884E+00 2.559454413E-03
 1.452279568E+00 2.556836000E-03
 1.463019133E+00 2.554241335E-03
 1.473758817E+00 2.551669953E-03
 1.484498382E+00 2.549121389E-03
 1.495237947E+00 2.546595642E-03
 1.505977631E+00 2.544092014E-03
 1.516717196E+00 2.541610040E-03
 1.527456880E+00 2.539149718E-03
 1.538196445E+00 2.536710585E-03
 1.548936129E+00 2.534292173E-03
 1.559675694E+00 2.531894250E-03
 1.570415258E+00 2.529516350E-03
 1.581154943E+00 2.527158475E-03
 1.591894507E+00 2.524819924E-03
 1.602634192E+00 2.522500698E-03
 1.613373756E+00 2.520200564E-03
 1.624113441E+00 2.517918823E-03
 1.634853005E+00 2.515655477E-03
 1.645592690E+00 2.513410058E-03
 1.656332254E+00 2.511182334E-03
 1.667071819E+00 2.508972073E-03
 1.677811503E+00 2.506779041E-03
 1.688551068E+00 2.504602773E-03
 1.699290752E+00 2.502443036E-03
 1.710030317E+00 2.500299364E-03
 1.720770001E+00 2.498171991E-03
 1.731509566E+00 2.496059984E-03
 1.742249131E+00 2.493963577E-03
 1.752988815E+00 2.491882071E-03
 1.763728380E+00 2.489815233E-03
 1.774468064E+00 2.487762598E-03
 1.785207629E+00 2.485723933E-03
 1.795947313E+00 2.483699005E-03
 1.806686878E+00 2.481686883E-03
 1.817426562E+00 2.479687333E-03
 1.828166127E+00 2.477699658E-03
 1.838905692E+00 2.475723159E-03
 1.849645376E+00 2.473756904E-03
 1.860384941E+00 2.471799729E-03
 1.871124625E+00 2.469850238E-03
 1.881864190E+00 2.467907034E-03
 1.892603874E+00 2.465966158E-03
 1.903343439E+00 2.464020625E-03
 1.914083004E+00 2.462059259E-03
 1.924822688E+00 2.460079035E-03
 1.935562253E+00 2.458102768E-03
 1.946301937E+00 2.456163289E-03
 1.957041502E+00 2.454083180E-03
 1.967781186E+00 2.451435430E-03
 1.978520751E+00 2.445840975E-03
 1.989260435E+00 2.437323099E-03
ZONE T="TAU, SA"
 0.000000000E+00 3.520946205E-02
 1.000000047E-03 6.654727738E-03
 2.001968445E-03 5.004662089E-03
 3.005924402E-03 4.886758048E-03
 4.011887591E-03 4.927903414E-03
 5.019877572E-03 4.974654876E-03
 6.029913668E-03 4.996950272E-03
 7.042016368E-03 4.993875045E-03
 8.056204766E-03 4.972728435E-03
 9.072500281E-03 4.941368941E-03
 1.009092201E-02 4.905689973E-03
 1.111149136E-02 4.869311582E-03
 1.213422790E-02 4.834062420E-03
 1.315915212E-02 4.800635856E-03
 1.418628637E-02 4.769127816E-03
 1.521565020E-02 4.739385564E-03
 1.624726504E-02 4.711193964E-03
 1.728115417E-02 4.684352782E-03
 1.831733435E-02 4.658696707E-03
 1.935583353E-02 4.634095356E-03
 2.039666846E-02 4.610442556E-03
 2.143986151E-02 4.587651696E-03
 2.248543687E-02 4.565649200E-03
 2.353341691E-02 4.544371739E-03
 2.458382212E-02 4.523765296E-03
 2.563667670E-02 4.503780976E-03
 2.669200115E-02 4.484375473E-03
 2.774982154E-02 4.465509672E-03
 2.881015837E-02 4.447149113E-03
 2.987303585E-02 4.429261666E-03
 3.093848005E-02 4.411820322E-03
 3.200650960E-02 4.394799005E-03
 3.307715058E-02 4.378176294E-03
 3.415042907E-02 4.361933097E-03
 3.522636741E-02 4.346052185E-03
 3.630498797E-02 4.330518190E-03
 3.738632053E-02 4.315317143E-03
 3.847038746E-02 4.300436471E-03
 3.955721110E-02 4.285864532E-03
 4.064681754E-02 4.271589685E-03
 4.173923656E-02 4.257600289E-03
 4.283448681E-02 4.243887030E-03
 4.393260181E-02 4.230439197E-03
 4.503360018E-02 4.217247013E-03
 4.613751546E-02 4.204301164E-03
 4.724436626E-02 4.191592801E-03
 4.835418612E-02 4.179112613E-03
 4.946699739E-02 4.166853148E-03
 5.058282986E-02 4.154806491E-03
 5.170170963E-02 4.142964259E-03
 5.282366648E-02 4.131319467E-03
 5.394872278E-02 4.119865596E-03
 5.507691577E-02 4.108596593E-03
 5.620826408E-02 4.097505473E-03
 5.734280124E-02 4.086586647E-03
 5.848055333E-02 4.075834993E-03
 5.962155387E-02 4.065245390E-03
 6.076582894E-02 4.054813180E-03
 6.191340834E-02 4.044532776E-03
 6.306432188E-02 4.034401383E-03
 6.421860307E-02 4.024413414E-03
 6.537627429E-02 4.014565609E-03
 6.653737277E-02 4.004854243E-03
 6.770192832E-02 3.995275591E-03
 6.886997819E-02 3.985825926E-03
 7.004153728E-02 3.976501990E-03
 7.121665031E-02 3.967300523E-03
 7.239534706E-02 3.958218265E-03
 7.357765734E-02 3.949252423E-03
 7.476361841E-02 3.940399736E-03
 7.595326006E-02 3.931657411E-03
 7.714661211E-02 3.923022654E-03
 7.834371924E-02 3.914493136E-03
 7.954459637E-02 3.906065831E-03
 8.074929565E-02 3.897738410E-03
 8.195784688E-02 3.889508313E-03
 8.317027986E-02 3.881373676E-03
 8.438663185E-02 3.873331705E-03
 8.560694009E-02 3.865380539E-03
 8.683124185E-02 3.857518081E-03
 8.805956692E-02 3.849742003E-03
 8.929195255E-02 3.842050675E-03
 9.052844346E-02 3.834442003E-03
 9.176907688E-02 3.826914355E-03
 9.301388264E-02 3.819465637E-03
 9.426289797E-02 3.812094219E-03
 9.551616758E-02 3.804798471E-03
 9.677372128E-02 3.797576530E-03
 9.803561121E-02 3.790427232E-03
 9.930186719E-02 3.783348948E-03
 1.005725339E-01 3.776339814E-03
 1.018476486E-01 3.769398900E-03
 1.031272486E-01 3.762524342E-03
 1.044113860E-01 3.755714977E-03
 1.057000905E-01 3.748969641E-03
 1.069934070E-01 3.742286703E-03
 1.082913801E-01 3.735665232E-03
 1.095940545E-01 3.729103832E-03
 1.109014750E-01 3.722601570E-03
 1.122136712E-01 3.716156818E-03
 1.135307029E-01 3.709768644E-03
 1.148526073E-01 3.703436349E-03
 1.161794290E-01 3.697158303E-03
 1.175112203E-01 3.690933809E-03
 1.188480183E-01 3.684761701E-03
 1.201898679E-01 3.678641049E-03
 1.215368286E-01 3.672570921E-03
 1.228889376E-01 3.666550154E-03
 1.242462471E-01 3.660578281E-03
 1.256088018E-01 3.654653905E-03
 1.269766539E-01 3.648776561E-03
 1.283498406E-01 3.642945318E-03
 1.297284365E-01 3.637159010E-03
 1.311124712E-01 3.631417174E-03
 1.325020045E-01 3.625718877E-03
 1.338970959E-01 3.620063653E-03
 1.352977753E-01 3.614450106E-03
 1.367041171E-01 3.608878003E-03
 1.381161511E-01 3.603346413E-03
 1.395339519E-01 3.597854869E-03
 1.409575790E-01 3.592402441E-03
 1.423870623E-01 3.586988430E-03
 1.438224763E-01 3.581612138E-03
 1.452638805E-01 3.576273331E-03
 1.467113197E-01 3.570970846E-03
 1.481648535E-01 3.565704217E-03
 1.496245414E-01 3.560473211E-03
 1.510904431E-01 3.555276664E-03
 1.525626183E-01 3.550114343E-03
 1.540411264E-01 3.544985550E-03
 1.555260271E-01 3.539889818E-03
 1.570173800E-01 3.534826450E-03
 1.585152596E-01 3.529794980E-03
 1.600197256E-01 3.524794942E-03
 1.615308374E-01 3.519825637E-03
 1.630486548E-01 3.514886834E-03
 1.645732373E-01 3.509977832E-03
 1.661046743E-01 3.505098168E-03
 1.676430106E-01 3.500247607E-03
 1.691883355E-01 3.495425219E-03
 1.707406938E-01 3.490631003E-03
 1.723001748E-01 3.485864028E-03
 1.738668382E-01 3.481124295E-03
 1.754407436E-01 3.476411104E-03
 1.770219952E-01 3.471724223E-03
 1.786106378E-01 3.467062954E-03
 1.802067459E-01 3.462427063E-03
 1.818104088E-01 3.457816318E-03
 1.834216863E-01 3.453229787E-03
 1.850406677E-01 3.448667703E-03
 1.866674274E-01 3.444129368E-03
 1.883020550E-01 3.439614316E-03
 1.899445951E-01 3.435122548E-03
 1.915951520E-01 3.430653131E-03
 1.932538152E-01 3.426206298E-03
 1.949206442E-01 3.421781119E-03
 1.965957433E-01 3.417377826E-03
 1.982791722E-01 3.412995720E-03
 1.999710351E-01 3.408634337E-03
 2.016714215E-01 3.404293908E-03
 2.033804059E-01 3.399973502E-03
 2.050980777E-01 3.395673120E-03
 2.068245411E-01 3.391392296E-03
 2.085598707E-01 3.387131030E-03
 2.103041708E-01 3.382888623E-03
 2.120575309E-01 3.378664842E-03
 2.138200402E-01 3.374459688E-03
 2.155917883E-01 3.370272461E-03
 2.173728943E-01 3.366103396E-03
 2.191634327E-01 3.361951560E-03
 2.209635228E-01 3.357817186E-03
 2.227732539E-01 3.353699809E-03
 2.245927304E-01 3.349599196E-03
 2.264220566E-01 3.345515113E-03
 2.282613367E-01 3.341447096E-03
 2.301106751E-01 3.337395145E-03
 2.319701910E-01 3.333358793E-03
 2.338399738E-01 3.329337807E-03
 2.357201427E-01 3.325332189E-03
 2.376108319E-01 3.321341472E-03
 2.395121157E-01 3.317365423E-03
 2.414241433E-01 3.313404042E-03
 2.433470190E-01 3.309456632E-03
 2.452808470E-01 3.305523423E-03
 2.472257763E-01 3.301603952E-03
 2.491818964E-01 3.297697986E-03
 2.511493564E-01 3.293805290E-03
 2.531282902E-01 3.289925866E-03
 2.551187873E-01 3.286059247E-03
 2.571209967E-01 3.282205202E-03
 2.591350675E-01 3.278363729E-03
 2.611611187E-01 3.274534363E-03
 2.631992698E-01 3.270717338E-03
 2.652496696E-01 3.266911954E-03
 2.673124373E-01 3.263118211E-03
 2.693877518E-01 3.259335877E-03
 2.714757323E-01 3.255564719E-03
 2.735765278E-01 3.251804737E-03
 2.756902874E-01 3.248055466E-03
 2.778171599E-01 3.244316904E-03
 2.799572945E-01 3.240588820E-03
 2.821108401E-01 3.236871213E-03
 2.842779458E-01 3.233163385E-03
 2.864587903E-01 3.229465568E-03
 2.886535227E-01 3.225777531E-03
 2.908623219E-01 3.222099040E-03
 2.930853069E-01 3.218429862E-03
 2.953226864E-01 3.214769997E-03
 2.975746393E-01 3.211118979E-03
 2.998413146E-01 3.207476810E-03
 3.021228909E-01 3.203843487E-03
 3.044195473E-01 3.200218547E-03
 3.067314625E-01 3.196601989E-03
 3.090588450E-01 3.192993579E-03
 3.114018440E-01 3.189393086E-03
 3.137606978E-01 3.185800510E-03
 3.161355257E-01 3.182215616E-03
 3.185265958E-01 3.178638173E-03
 3.209340870E-01 3.175068181E-03
 3.233581781E-01 3.171505174E-03
 3.257990777E-01 3.167949384E-03
 3.282570243E-01 3.164400579E-03
 3.307321966E-01 3.160858294E-03
 3.332248330E-01 3.157322528E-03
 3.357351422E-01 3.153793281E-03
 3.382633626E-01 3.150270320E-03
 3.408097029E-01 3.146753414E-03
 3.433744013E-01 3.143242327E-03
 3.459576964E-01 3.139737295E-03
 3.485597968E-01 3.136237850E-03
 3.511810005E-01 3.132743761E-03
 3.538214862E-01 3.129255259E-03
 3.564815521E-01 3.125771880E-03
 3.591614366E-01 3.122293623E-03
 3.618614078E-01 3.118820023E-03
 3.645817339E-01 3.115351545E-03
 3.673226237E-01 3.111887490E-03
 3.700844347E-01 3.108428093E-03
 3.728674054E-01 3.104972886E-03
 3.756718040E-01 3.101522103E-03
 3.784979284E-01 3.098075045E-03
 3.813460767E-01 3.094632179E-03
 3.842165470E-01 3.091193037E-03
 3.871096373E-01 3.087757621E-03
 3.900256455E-01 3.084325697E-03
 3.929648995E-01 3.080897266E-03
 3.959276974E-01 3.077471862E-03
 3.989143968E-01 3.074049717E-03
 4.019253254E-01 3.070630366E-03
 4.049607813E-01 3.067214042E-03
 4.080211222E-01 3.063800279E-03
 4.111067355E-01 3.060389077E-03
 4.142179191E-01 3.056980204E-03
 4.173550904E-01 3.053573892E-03
 4.205185771E-01 3.050169442E-03
 4.237087667E-01 3.046767088E-03
 4.269260764E-01 3.043366829E-03
 4.301708341E-01 3.039967967E-03
 4.334434569E-01 3.036570968E-03
 4.367443919E-01 3.033175366E-03
 4.400739968E-01 3.029781161E-03
 4.434327483E-01 3.026388120E-03
 4.468210340E-01 3.022996243E-03
 4.502393007E-01 3.019605065E-03
 4.536879957E-01 3.016214818E-03
 4.571675658E-01 3.012825269E-03
 4.606784880E-01 3.009436419E-03
 4.642212391E-01 3.006047802E-03
 4.677962959E-01 3.002659418E-03
 4.714041352E-01 2.999271033E-03
 4.750452936E-01 2.995882882E-03
 4.787202775E-01 2.992494497E-03
 4.824295640E-01 2.989105880E-03
 4.861737490E-01 2.985716797E-03
 4.899533391E-01 2.982327016E-03
 4.937689006E-01 2.978936769E-03
 4.976209998E-01 2.975545591E-03
 5.015102029E-01 2.972153481E-03
 5.054371357E-01 2.968760207E-03
 5.094023943E-01 2.965365537E-03
 5.134065747E-01 2.961969702E-03
 5.174503326E-01 2.958572237E-03
 5.215342641E-01 2.955173142E-03
 5.256590843E-01 2.951772418E-03
 5.298254490E-01 2.948369365E-03
 5.340340734E-01 2.944964450E-03
 5.382856131E-01 2.941557206E-03
 5.425807834E-01 2.938147634E-03
 5.469203591E-01 2.934735501E-03
 5.513049960E-01 2.931320574E-03
 5.557355881E-01 2.927902853E-03
 5.602129102E-01 2.924482338E-03
 5.647376776E-01 2.921058564E-03
 5.693107247E-01 2.917631529E-03
 5.739330053E-01 2.914201003E-03
 5.786052346E-01 2.910766983E-03
 5.833283663E-01 2.907329239E-03
 5.881032944E-01 2.903887536E-03
 5.929309130E-01 2.900441643E-03
 5.978122354E-01 2.896991791E-03
 6.027481556E-01 2.893537283E-03
 6.077396870E-01 2.890078584E-03
 6.127878428E-01 2.886614995E-03
 6.178936362E-01 2.883146517E-03
 6.230581999E-01 2.879672917E-03
 6.282825470E-01 2.876194427E-03
 6.335678697E-01 2.872710349E-03
 6.389152408E-01 2.869220683E-03
 6.443258524E-01 2.865725430E-03
 6.498009562E-01 2.862224355E-03
 6.553417444E-01 2.858717227E-03
 6.609494686E-01 2.855203813E-03
 6.666254401E-01 2.851683879E-03
 6.723710299E-01 2.848157426E-03
 6.781874895E-01 2.844624221E-03
 6.840763688E-01 2.841084031E-03
 6.900390387E-01 2.837536624E-03
 6.960769296E-01 2.833981998E-03
 7.021916509E-01 2.830419689E-03
 7.083846927E-01 2.826849697E-03
 7.146576643E-01 2.823271789E-03
 7.210122347E-01 2.819685731E-03
 7.274500728E-01 2.816091292E-03
 7.339729071E-01 2.812488470E-03
 7.405825853E-01 2.808876568E-03
 7.472808361E-01 2.805256052E-03
 7.540696263E-01 2.801625989E-03
 7.609508634E-01 2.797986846E-03
 7.679265738E-01 2.794337925E-03
 7.749987841E-01 2.790679224E-03
 7.821695805E-01 2.787010279E-03
 7.894411683E-01 2.783331089E-03
 7.968158126E-01 2.779641422E-03
 8.042958379E-01 2.775940811E-03
 8.118835092E-01 2.772229258E-03
 8.195813894E-01 2.768506296E-03
 8.273919821E-01 2.764771925E-03
 8.353177905E-01 2.761025680E-03
 8.433616161E-01 2.757267328E-03
 8.515261412E-01 2.753496636E-03
 8.598142862E-01 2.749713371E-03
 8.682289124E-01 2.745917300E-03
 8.767731786E-01 2.742107958E-03
 8.854500651E-01 2.738285111E-03
 8.942628503E-01 2.734448528E-03
 9.032149911E-01 2.730598208E-03
 9.123097658E-01 2.726733452E-03
 9.215508699E-01 2.722854493E-03
 9.309419394E-01 2.718960401E-03
 9.404867887E-01 2.715050476E-03
 9.501893520E-01 2.711123321E-03
 9.600536823E-01 2.707177540E-03
 9.700840712E-01 2.703211969E-03
 9.802848101E-01 2.699228702E-03
 9.906604290E-01 2.695231000E-03
 1.001215577E+00 2.691221191E-03
 1.011955261E+00 2.687216736E-03
 1.022694826E+00 2.683247440E-03
 1.033434510E+00 2.679321216E-03
 1.044174075E+00 2.675437368E-03
 1.054913640E+00 2.671599388E-03
 1.065653324E+00 2.667807508E-03
 1.076392889E+00 2.664060565E-03
 1.087132573E+00 2.660358092E-03
 1.097872138E+00 2.656698693E-03
 1.108611822E+00 2.653082134E-03
 1.119351387E+00 2.649506787E-03
 1.130090952E+00 2.645972418E-03
 1.140830636E+00 2.642478095E-03
 1.151570201E+00 2.639023121E-03
 1.162309885E+00 2.635606565E-03
 1.173049450E+00 2.632227726E-03
 1.183789134E+00 2.628885908E-03
 1.194528699E+00 2.625580644E-03
 1.205268383E+00 2.622311004E-03
 1.216007948E+00 2.619076287E-03
 1.226747513E+00 2.615876030E-03
 1.237487197E+00 2.612709533E-03
 1.248226762E+00 2.609576331E-03
 1.258966446E+00 2.606475493E-03
 1.269706011E+00 2.603406785E-03
 1.280445695E+00 2.600369276E-03
 1.291185260E+00 2.597362734E-03
 1.301924825E+00 2.594386460E-03
 1.312664509E+00 2.591439988E-03
 1.323404074E+00 2.588522620E-03
 1.334143758E+00 2.585634124E-03
 1.344883323E+00 2.582773799E-03
 1.355623007E+00 2.579941181E-03
 1.366362572E+00 2.577136038E-03
 1.377102256E+00 2.574357670E-03
 1.387841821E+00 2.571605379E-03
 1.398581386E+00 2.568879398E-03
 1.409321070E+00 2.566178562E-03
 1.420060635E+00 2.563503105E-03
 1.430800319E+00 2.560852095E-03
 1.441539884E+00 2.558225300E-03
 1.452279568E+00 2.555622486E-03
 1.463019133E+00 2.553043189E-03
 1.473758817E+00 2.550486941E-03
 1.484498382E+00 2.547953511E-03
 1.495237947E+00 2.545442199E-03
 1.505977631E+00 2.542953007E-03
 1.516717196E+00 2.540485468E-03
 1.527456880E+00 2.538039349E-03
 1.538196445E+00 2.535614185E-03
 1.548936129E+00 2.533209510E-03
 1.559675694E+00 2.530825324E-03
 1.570415258E+00 2.528461162E-03
 1.581154943E+00 2.526116557E-03
 1.591894507E+00 2.523791511E-03
 1.602634192E+00 2.521485556E-03
 1.613373756E+00 2.519198461E-03
 1.624113441E+00 2.516929759E-03
 1.634853005E+00 2.514679451E-03
 1.645592690E+00 2.512447070E-03
 1.656332254E+00 2.510232618E-03
 1.667071819E+00 2.508035395E-03
 1.677811503E+00 2.505855402E-03
 1.688551068E+00 2.503692172E-03
 1.699290752E+00 2.501545707E-03
 1.710030317E+00 2.499415772E-03
 1.720770001E+00 2.497301903E-03
 1.731509566E+00 2.495203866E-03
 1.742249131E+00 2.493121428E-03
 1.752988815E+00 2.491054358E-03
 1.763728380E+00 2.489002654E-03
 1.774468064E+00 2.486965852E-03
 1.785207629E+00 2.484943951E-03
 1.795947313E+00 2.482936718E-03
 1.806686878E+00 2.480943454E-03
 1.817426562E+00 2.478963695E-03
 1.828166127E+00 2.476996044E-03
 1.838905692E+00 2.475038869E-03
 1.849645376E+00 2.473091008E-03
 1.860384941E+00 2.471153392E-03
 1.871124625E+00 2.469231142E-03
 1.881864190E+00 2.467335667E-03
 1.892603874E+00 2.465482336E-03
 1.903343439E+00 2.463681856E-03
 1.914083004E+00 2.461921424E-03
 1.924822688E+00 2.460139338E-03
 1.935562253E+00 2.458206378E-03
 1.946301937E+00 2.455947455E-03
 1.957041502E+00 2.453229623E-03
 1.967781186E+00 2.450119006E-03
 1.978520751E+00 2.446701052E-03
 1.989260435E+00 2.443312434E-03
 2.000000000E+00 2.445072634E-03
ZONE T="CFL3D, SA-RC-QCR2000"
 -3.228320479E-01 0.000000000E+00
 -3.126617074E-01 0.000000000E+00
 -3.028087020E-01 0.000000000E+00
 -2.932629883E-01 0.000000000E+00
 -2.840148807E-01 0.000000000E+00
 -2.750549912E-01 0.000000000E+00
 -2.663742602E-01 0.000000000E+00
 -2.579638660E-01 0.000000000E+00
 -2.498152405E-01 0.000000000E+00
 -2.419201434E-01 0.000000000E+00
 -2.342705727E-01 0.000000000E+00
 -2.268587351E-01 0.000000000E+00
 -2.196771353E-01 0.000000000E+00
 -2.127184719E-01 0.000000000E+00
 -2.059756815E-01 0.000000000E+00
 -1.994419247E-01 0.000000000E+00
 -1.931105703E-01 0.000000000E+00
 -1.869751811E-01 0.000000000E+00
 -1.810295582E-01 0.000000000E+00
 -1.752676517E-01 0.000000000E+00
 -1.696836054E-01 0.000000000E+00
 -1.642717719E-01 0.000000000E+00
 -1.590266377E-01 0.000000000E+00
 -1.539428979E-01 0.000000000E+00
 -1.490153819E-01 0.000000000E+00
 -1.442390978E-01 0.000000000E+00
 -1.396092027E-01 0.000000000E+00
 -1.351209730E-01 0.000000000E+00
 -1.307698786E-01 0.000000000E+00
 -1.265514940E-01 0.000000000E+00
 -1.224615350E-01 0.000000000E+00
 -1.184958592E-01 0.000000000E+00
 -1.146504357E-01 0.000000000E+00
 -1.109213680E-01 0.000000000E+00
 -1.073048636E-01 0.000000000E+00
 -1.037972569E-01 0.000000000E+00
 -1.003949940E-01 0.000000000E+00
 -9.709461033E-02 0.000000000E+00
 -9.389276803E-02 0.000000000E+00
 -9.078621119E-02 0.000000000E+00
 -8.777178824E-02 0.000000000E+00
 -8.484643698E-02 0.000000000E+00
 -8.200719208E-02 0.000000000E+00
 -7.925117761E-02 0.000000000E+00
 -7.657558471E-02 0.000000000E+00
 -7.397770137E-02 0.000000000E+00
 -7.145489752E-02 0.000000000E+00
 -6.900461018E-02 0.000000000E+00
 -6.662435085E-02 0.000000000E+00
 -6.431170553E-02 0.000000000E+00
 -6.206432730E-02 0.000000000E+00
 -5.987993628E-02 0.000000000E+00
 -5.775631219E-02 0.000000000E+00
 -5.569129810E-02 0.000000000E+00
 -5.368280783E-02 0.000000000E+00
 -5.172879249E-02 0.000000000E+00
 -4.982727766E-02 0.000000000E+00
 -4.797632620E-02 0.000000000E+00
 -4.617406428E-02 0.000000000E+00
 -4.441866279E-02 0.000000000E+00
 -4.270834103E-02 0.000000000E+00
 -4.104135931E-02 0.000000000E+00
 -3.941602632E-02 0.000000000E+00
 -3.783069924E-02 0.000000000E+00
 -3.628376126E-02 0.000000000E+00
 -3.477364406E-02 0.000000000E+00
 -3.329882026E-02 0.000000000E+00
 -3.185778856E-02 0.000000000E+00
 -3.044908494E-02 0.000000000E+00
 -2.907128446E-02 0.000000000E+00
 -2.772298828E-02 0.000000000E+00
 -2.640282549E-02 0.000000000E+00
 -2.510945685E-02 0.000000000E+00
 -2.384156920E-02 0.000000000E+00
 -2.259787917E-02 0.000000000E+00
 -2.137712203E-02 0.000000000E+00
 -2.017805912E-02 0.000000000E+00
 -1.899947412E-02 0.000000000E+00
 -1.784016937E-02 0.000000000E+00
 -1.669897139E-02 0.000000000E+00
 -1.557471883E-02 0.000000000E+00
 -1.446627267E-02 0.000000000E+00
 -1.337250788E-02 0.000000000E+00
 -1.229231432E-02 0.000000000E+00
 -1.122459490E-02 0.000000000E+00
 -1.016826648E-02 0.000000000E+00
 -9.122258052E-03 0.000000000E+00
 -8.085506968E-03 0.000000000E+00
 -7.056961302E-03 0.000000000E+00
 -6.035577040E-03 0.000000000E+00
 -5.020318553E-03 0.000000000E+00
 -4.010154400E-03 0.000000000E+00
 -3.004060360E-03 0.000000000E+00
 -2.001014771E-03 0.000000000E+00
 -1.000000047E-03 0.000000000E+00
 0.000000000E+00 1.205478702E-02
 1.000000047E-03 1.551868767E-02
 2.001968445E-03 6.409010850E-03
 3.005924402E-03 5.775368772E-03
 4.011887591E-03 5.479690619E-03
 5.019877572E-03 5.294686649E-03
 6.029913668E-03 5.169349723E-03
 7.042016368E-03 5.076042842E-03
 8.056204766E-03 5.003346130E-03
 9.072500281E-03 4.944328219E-03
 1.009092201E-02 4.894929938E-03
 1.111149136E-02 4.852378275E-03
 1.213422790E-02 4.814799875E-03
 1.315915212E-02 4.780891351E-03
 1.418628637E-02 4.749754444E-03
 1.521565020E-02 4.720770754E-03
 1.624726504E-02 4.693509545E-03
 1.728115417E-02 4.667666275E-03
 1.831733435E-02 4.643021151E-03
 1.935583353E-02 4.619409330E-03
 2.039666846E-02 4.596706014E-03
 2.143986151E-02 4.574813880E-03
 2.248543687E-02 4.553655162E-03
 2.353341691E-02 4.533168394E-03
 2.458382212E-02 4.513300024E-03
 2.563667670E-02 4.494005814E-03
 2.669200115E-02 4.475246184E-03
 2.774982154E-02 4.456986208E-03
 2.881015837E-02 4.439194687E-03
 2.987303585E-02 4.421844147E-03
 3.093848005E-02 4.404909443E-03
 3.200650960E-02 4.388368223E-03
 3.307715058E-02 4.372200463E-03
 3.415042907E-02 4.356387537E-03
 3.522636741E-02 4.340912215E-03
 3.630498797E-02 4.325758666E-03
 3.738632053E-02 4.310913384E-03
 3.847038746E-02 4.296362866E-03
 3.955721110E-02 4.282095004E-03
 4.064681754E-02 4.268098157E-03
 4.173923656E-02 4.254362546E-03
 4.283448681E-02 4.240877926E-03
 4.393260181E-02 4.227635916E-03
 4.503360018E-02 4.214627203E-03
 4.613751546E-02 4.201844335E-03
 4.724436626E-02 4.189278930E-03
 4.835418612E-02 4.176924471E-03
 4.946699739E-02 4.164773505E-03
 5.058282986E-02 4.152819980E-03
 5.170170963E-02 4.141057376E-03
 5.282366648E-02 4.129480105E-03
 5.394872278E-02 4.118082114E-03
 5.507691577E-02 4.106858745E-03
 5.620826408E-02 4.095804412E-03
 5.734280124E-02 4.084913991E-03
 5.848055333E-02 4.074183293E-03
 5.962155387E-02 4.063607659E-03
 6.076582894E-02 4.053183366E-03
 6.191340834E-02 4.042905290E-03
 6.306432188E-02 4.032770172E-03
 6.421860307E-02 4.022774287E-03
 6.537627429E-02 4.012913443E-03
 6.653737277E-02 4.003184848E-03
 6.770192832E-02 3.993584774E-03
 6.886997819E-02 3.984109964E-03
 7.004153728E-02 3.974757157E-03
 7.121665031E-02 3.965523560E-03
 7.239534706E-02 3.956406377E-03
 7.357765734E-02 3.947402351E-03
 7.476361841E-02 3.938509617E-03
 7.595326006E-02 3.929724451E-03
 7.714661211E-02 3.921045456E-03
 7.834371924E-02 3.912469372E-03
 7.954459637E-02 3.903993871E-03
 8.074929565E-02 3.895617090E-03
 8.195784688E-02 3.887336468E-03
 8.317027986E-02 3.879150143E-03
 8.438663185E-02 3.871056018E-03
 8.560694009E-02 3.863051767E-03
 8.683124185E-02 3.855135525E-03
 8.805956692E-02 3.847305663E-03
 8.929195255E-02 3.839559853E-03
 9.052844346E-02 3.831896698E-03
 9.176907688E-02 3.824314335E-03
 9.301388264E-02 3.816811135E-03
 9.426289797E-02 3.809385234E-03
 9.551616758E-02 3.802035237E-03
 9.677372128E-02 3.794759279E-03
 9.803561121E-02 3.787556197E-03
 9.930186719E-02 3.780424362E-03
 1.005725339E-01 3.773362376E-03
 1.018476486E-01 3.766368842E-03
 1.031272486E-01 3.759442363E-03
 1.044113860E-01 3.752581542E-03
 1.057000905E-01 3.745785216E-03
 1.069934070E-01 3.739051986E-03
 1.082913801E-01 3.732380690E-03
 1.095940545E-01 3.725770162E-03
 1.109014750E-01 3.719219239E-03
 1.122136712E-01 3.712726524E-03
 1.135307029E-01 3.706291318E-03
 1.148526073E-01 3.699912224E-03
 1.161794290E-01 3.693588544E-03
 1.175112203E-01 3.687318647E-03
 1.188480183E-01 3.681102069E-03
 1.201898679E-01 3.674937645E-03
 1.215368286E-01 3.668824211E-03
 1.228889376E-01 3.662761068E-03
 1.242462471E-01 3.656747285E-03
 1.256088018E-01 3.650781931E-03
 1.269766539E-01 3.644864075E-03
 1.283498406E-01 3.638993017E-03
 1.297284365E-01 3.633167595E-03
 1.311124712E-01 3.627387341E-03
 1.325020045E-01 3.621651325E-03
 1.338970959E-01 3.615958616E-03
 1.352977753E-01 3.610308515E-03
 1.367041171E-01 3.604700556E-03
 1.381161511E-01 3.599133808E-03
 1.395339519E-01 3.593607340E-03
 1.409575790E-01 3.588120686E-03
 1.423870623E-01 3.582673147E-03
 1.438224763E-01 3.577264026E-03
 1.452638805E-01 3.571892623E-03
 1.467113197E-01 3.566558473E-03
 1.481648535E-01 3.561260644E-03
 1.496245414E-01 3.555998672E-03
 1.510904431E-01 3.550772090E-03
 1.525626183E-01 3.545579966E-03
 1.540411264E-01 3.540422069E-03
 1.555260271E-01 3.535297699E-03
 1.570173800E-01 3.530206159E-03
 1.585152596E-01 3.525147215E-03
 1.600197256E-01 3.520119935E-03
 1.615308374E-01 3.515124088E-03
 1.630486548E-01 3.510158975E-03
 1.645732373E-01 3.505224362E-03
 1.661046743E-01 3.500319319E-03
 1.676430106E-01 3.495443845E-03
 1.691883355E-01 3.490597010E-03
 1.707406938E-01 3.485778812E-03
 1.723001748E-01 3.480988322E-03
 1.738668382E-01 3.476225305E-03
 1.754407436E-01 3.471489530E-03
 1.770219952E-01 3.466780065E-03
 1.786106378E-01 3.462096909E-03
 1.802067459E-01 3.457439598E-03
 1.818104088E-01 3.452807432E-03
 1.834216863E-01 3.448200179E-03
 1.850406677E-01 3.443617607E-03
 1.866674274E-01 3.439059015E-03
 1.883020550E-01 3.434524406E-03
 1.899445951E-01 3.430013079E-03
 1.915951520E-01 3.425524570E-03
 1.932538152E-01 3.421058878E-03
 1.949206442E-01 3.416615305E-03
 1.965957433E-01 3.412193852E-03
 1.982791722E-01 3.407793818E-03
 1.999710351E-01 3.403414972E-03
 2.016714215E-01 3.399057081E-03
 2.033804059E-01 3.394719912E-03
 2.050980777E-01 3.390402766E-03
 2.068245411E-01 3.386105644E-03
 2.085598707E-01 3.381828079E-03
 2.103041708E-01 3.377569839E-03
 2.120575309E-01 3.373330459E-03
 2.138200402E-01 3.369109938E-03
 2.155917883E-01 3.364907810E-03
 2.173728943E-01 3.360723611E-03
 2.191634327E-01 3.356557339E-03
 2.209635228E-01 3.352408763E-03
 2.227732539E-01 3.348277183E-03
 2.245927304E-01 3.344162600E-03
 2.264220566E-01 3.340064781E-03
 2.282613367E-01 3.335983260E-03
 2.301106751E-01 3.331918037E-03
 2.319701910E-01 3.327868879E-03
 2.338399738E-01 3.323835088E-03
 2.357201427E-01 3.319816897E-03
 2.376108319E-01 3.315813839E-03
 2.395121157E-01 3.311825451E-03
 2.414241433E-01 3.307851963E-03
 2.433470190E-01 3.303892910E-03
 2.452808470E-01 3.299948061E-03
 2.472257763E-01 3.296016948E-03
 2.491818964E-01 3.292099806E-03
 2.511493564E-01 3.288196167E-03
 2.531282902E-01 3.284305567E-03
 2.551187873E-01 3.280428238E-03
 2.571209967E-01 3.276563715E-03
 2.591350675E-01 3.272711765E-03
 2.611611187E-01 3.268872155E-03
 2.631992698E-01 3.265044885E-03
 2.652496696E-01 3.261229489E-03
 2.673124373E-01 3.257425968E-03
 2.693877518E-01 3.253634088E-03
 2.714757323E-01 3.249853384E-03
 2.735765278E-01 3.246084088E-03
 2.756902874E-01 3.242325736E-03
 2.778171599E-01 3.238578094E-03
 2.799572945E-01 3.234840930E-03
 2.821108401E-01 3.231114475E-03
 2.842779458E-01 3.227398032E-03
 2.864587903E-01 3.223691601E-03
 2.886535227E-01 3.219995182E-03
 2.908623219E-01 3.216308309E-03
 2.930853069E-01 3.212630982E-03
 2.953226864E-01 3.208962735E-03
 2.975746393E-01 3.205303801E-03
 2.998413146E-01 3.201653948E-03
 3.021228909E-01 3.198012710E-03
 3.044195473E-01 3.194380086E-03
 3.067314625E-01 3.190756077E-03
 3.090588450E-01 3.187140217E-03
 3.114018440E-01 3.183532506E-03
 3.137606978E-01 3.179932479E-03
 3.161355257E-01 3.176340600E-03
 3.185265958E-01 3.172755940E-03
 3.209340870E-01 3.169178963E-03
 3.233581781E-01 3.165609203E-03
 3.257990777E-01 3.162046662E-03
 3.282570243E-01 3.158491105E-03
 3.307321966E-01 3.154942300E-03
 3.332248330E-01 3.151400015E-03
 3.357351422E-01 3.147864481E-03
 3.382633626E-01 3.144335002E-03
 3.408097029E-01 3.140812041E-03
 3.433744013E-01 3.137294902E-03
 3.459576964E-01 3.133783583E-03
 3.485597968E-01 3.130278084E-03
 3.511810005E-01 3.126778174E-03
 3.538214862E-01 3.123283852E-03
 3.564815521E-01 3.119794652E-03
 3.591614366E-01 3.116310574E-03
 3.618614078E-01 3.112831619E-03
 3.645817339E-01 3.109357320E-03
 3.673226237E-01 3.105887910E-03
 3.700844347E-01 3.102423158E-03
 3.728674054E-01 3.098962596E-03
 3.756718040E-01 3.095506458E-03
 3.784979284E-01 3.092054510E-03
 3.813460767E-01 3.088606289E-03
 3.842165470E-01 3.085162258E-03
 3.871096373E-01 3.081721719E-03
 3.900256455E-01 3.078284906E-03
 3.929648995E-01 3.074851353E-03
 3.959276974E-01 3.071421292E-03
 3.989143968E-01 3.067994257E-03
 4.019253254E-01 3.064570250E-03
 4.049607813E-01 3.061149269E-03
 4.080211222E-01 3.057730850E-03
 4.111067355E-01 3.054315224E-03
 4.142179191E-01 3.050901927E-03
 4.173550904E-01 3.047490958E-03
 4.205185771E-01 3.044082318E-03
 4.237087667E-01 3.040675540E-03
 4.269260764E-01 3.037270857E-03
 4.301708341E-01 3.033868037E-03
 4.334434569E-01 3.030466614E-03
 4.367443919E-01 3.027067054E-03
 4.400739968E-01 3.023668658E-03
 4.434327483E-01 3.020271426E-03
 4.468210340E-01 3.016875358E-03
 4.502393007E-01 3.013480455E-03
 4.536879957E-01 3.010086250E-03
 4.571675658E-01 3.006692743E-03
 4.606784880E-01 3.003299935E-03
 4.642212391E-01 2.999907359E-03
 4.677962959E-01 2.996515250E-03
 4.714041352E-01 2.993123140E-03
 4.750452936E-01 2.989731031E-03
 4.787202775E-01 2.986338921E-03
 4.824295640E-01 2.982946578E-03
 4.861737490E-01 2.979553770E-03
 4.899533391E-01 2.976160496E-03
 4.937689006E-01 2.972766524E-03
 4.976209998E-01 2.969371853E-03
 5.015102029E-01 2.965976018E-03
 5.054371357E-01 2.962579252E-03
 5.094023943E-01 2.959181089E-03
 5.134065747E-01 2.955781762E-03
 5.174503326E-01 2.952380804E-03
 5.215342641E-01 2.948978217E-03
 5.256590843E-01 2.945573768E-03
 5.298254490E-01 2.942167455E-03
 5.340340734E-01 2.938759048E-03
 5.382856131E-01 2.935348311E-03
 5.425807834E-01 2.931935247E-03
 5.469203591E-01 2.928519854E-03
 5.513049960E-01 2.925101435E-03
 5.557355881E-01 2.921680454E-03
 5.602129102E-01 2.918256447E-03
 5.647376776E-01 2.914829180E-03
 5.693107247E-01 2.911398886E-03
 5.739330053E-01 2.907964867E-03
 5.786052346E-01 2.904527588E-03
 5.833283663E-01 2.901086351E-03
 5.881032944E-01 2.897641156E-03
 5.929309130E-01 2.894192003E-03
 5.978122354E-01 2.890738659E-03
 6.027481556E-01 2.887281124E-03
 6.077396870E-01 2.883818699E-03
 6.127878428E-01 2.880351851E-03
 6.178936362E-01 2.876880113E-03
 6.230581999E-01 2.873403253E-03
 6.282825470E-01 2.869921038E-03
 6.335678697E-01 2.866433701E-03
 6.389152408E-01 2.862940775E-03
 6.443258524E-01 2.859442029E-03
 6.498009562E-01 2.855937462E-03
 6.553417444E-01 2.852427075E-03
 6.609494686E-01 2.848910168E-03
 6.666254401E-01 2.845386742E-03
 6.723710299E-01 2.841857029E-03
 6.781874895E-01 2.838320332E-03
 6.840763688E-01 2.834776649E-03
 6.900390387E-01 2.831225982E-03
 6.960769296E-01 2.827667864E-03
 7.021916509E-01 2.824102063E-03
 7.083846927E-01 2.820528578E-03
 7.146576643E-01 2.816947177E-03
 7.210122347E-01 2.813357627E-03
 7.274500728E-01 2.809759928E-03
 7.339729071E-01 2.806153381E-03
 7.405825853E-01 2.802538220E-03
 7.472808361E-01 2.798913978E-03
 7.540696263E-01 2.795280656E-03
 7.609508634E-01 2.791638020E-03
 7.679265738E-01 2.787985606E-03
 7.749987841E-01 2.784323180E-03
 7.821695805E-01 2.780650975E-03
 7.894411683E-01 2.776968293E-03
 7.968158126E-01 2.773275133E-03
 8.042958379E-01 2.769571031E-03
 8.118835092E-01 2.765855985E-03
 8.195813894E-01 2.762129763E-03
 8.273919821E-01 2.758391900E-03
 8.353177905E-01 2.754642162E-03
 8.433616161E-01 2.750880551E-03
 8.515261412E-01 2.747106366E-03
 8.598142862E-01 2.743319841E-03
 8.682289124E-01 2.739520511E-03
 8.767731786E-01 2.735707909E-03
 8.854500651E-01 2.731881803E-03
 8.942628503E-01 2.728042193E-03
 9.032149911E-01 2.724188380E-03
 9.123097658E-01 2.720320364E-03
 9.215508699E-01 2.716437681E-03
 9.309419394E-01 2.712540096E-03
 9.404867887E-01 2.708627144E-03
 9.501893520E-01 2.704697894E-03
 9.600536823E-01 2.700751880E-03
 9.700840712E-01 2.696790034E-03
 9.802848101E-01 2.692814916E-03
 9.906604290E-01 2.688836539E-03
 1.001215577E+00 2.684823237E-03
 1.011955261E+00 2.680782927E-03
 1.022694826E+00 2.676800359E-03
 1.033434510E+00 2.672877628E-03
 1.044174075E+00 2.668993780E-03
 1.054913640E+00 2.665158128E-03
 1.065653324E+00 2.661366947E-03
 1.076392889E+00 2.657620702E-03
 1.087132573E+00 2.653918229E-03
 1.097872138E+00 2.650258830E-03
 1.108611822E+00 2.646642039E-03
 1.119351387E+00 2.643066924E-03
 1.130090952E+00 2.639532555E-03
 1.140830636E+00 2.636038233E-03
 1.151570201E+00 2.632583259E-03
 1.162309885E+00 2.629167167E-03
 1.173049450E+00 2.625788795E-03
 1.183789134E+00 2.622447675E-03
 1.194528699E+00 2.619143110E-03
 1.205268383E+00 2.615874633E-03
 1.216007948E+00 2.612641081E-03
 1.226747513E+00 2.609442454E-03
 1.237487197E+00 2.606277587E-03
 1.248226762E+00 2.603146248E-03
 1.258966446E+00 2.600047737E-03
 1.269706011E+00 2.596981358E-03
 1.280445695E+00 2.593946643E-03
 1.291185260E+00 2.590942895E-03
 1.301924825E+00 2.587970113E-03
 1.312664509E+00 2.585027134E-03
 1.323404074E+00 2.582113724E-03
 1.334143758E+00 2.579229418E-03
 1.344883323E+00 2.576373750E-03
 1.355623007E+00 2.573546255E-03
 1.366362572E+00 2.570746467E-03
 1.377102256E+00 2.567973686E-03
 1.387841821E+00 2.565227682E-03
 1.398581386E+00 2.562508220E-03
 1.409321070E+00 2.559814602E-03
 1.420060635E+00 2.557146596E-03
 1.430800319E+00 2.554503735E-03
 1.441539884E+00 2.551885555E-03
 1.452279568E+00 2.549291821E-03
 1.463019133E+00 2.546722069E-03
 1.473758817E+00 2.544176066E-03
 1.484498382E+00 2.541653579E-03
 1.495237947E+00 2.539153909E-03
 1.505977631E+00 2.536677057E-03
 1.516717196E+00 2.534222323E-03
 1.527456880E+00 2.531789942E-03
 1.538196445E+00 2.529379446E-03
 1.548936129E+00 2.526990371E-03
 1.559675694E+00 2.524622483E-03
 1.570415258E+00 2.522275783E-03
 1.581154943E+00 2.519949805E-03
 1.591894507E+00 2.517644316E-03
 1.602634192E+00 2.515359316E-03
 1.613373756E+00 2.513094340E-03
 1.624113441E+00 2.510849386E-03
 1.634853005E+00 2.508624224E-03
 1.645592690E+00 2.506418619E-03
 1.656332254E+00 2.504232572E-03
 1.667071819E+00 2.502066083E-03
 1.677811503E+00 2.499918686E-03
 1.688551068E+00 2.497790847E-03
 1.699290752E+00 2.495682100E-03
 1.710030317E+00 2.493592678E-03
 1.720770001E+00 2.491522348E-03
 1.731509566E+00 2.489471808E-03
 1.742249131E+00 2.487440594E-03
 1.752988815E+00 2.485429402E-03
 1.763728380E+00 2.483438002E-03
 1.774468064E+00 2.481467323E-03
 1.785207629E+00 2.479517600E-03
 1.795947313E+00 2.477589529E-03
 1.806686878E+00 2.475684043E-03
 1.817426562E+00 2.473801840E-03
 1.828166127E+00 2.471944317E-03
 1.838905692E+00 2.470113337E-03
 1.849645376E+00 2.468310529E-03
 1.860384941E+00 2.466538921E-03
 1.871124625E+00 2.464801772E-03
 1.881864190E+00 2.463103505E-03
 1.892603874E+00 2.461450174E-03
 1.903343439E+00 2.459848765E-03
 1.914083004E+00 2.458307892E-03
 1.924822688E+00 2.456838964E-03
 1.935562253E+00 2.455468057E-03
 1.946301937E+00 2.454240108E-03
 1.957041502E+00 2.453278052E-03
 1.967781186E+00 2.452597953E-03
 1.978520751E+00 2.452558139E-03
 1.989260435E+00 2.451061504E-03
ZONE T="FUN3D, SA-RC-QCR2000"
 0.000000000E+00 1.327639818E-02
 1.000000047E-03 9.331269190E-03
 2.001968445E-03 5.334952846E-03
 3.005924402E-03 5.258071702E-03
 4.011887591E-03 5.205662455E-03
 5.019877572E-03 5.135339219E-03
 6.029913668E-03 5.066159181E-03
 7.042016368E-03 5.002967082E-03
 8.056204766E-03 4.947209731E-03
 9.072500281E-03 4.898407031E-03
 1.009092201E-02 4.855459090E-03
 1.111149136E-02 4.817173351E-03
 1.213422790E-02 4.782517906E-03
 1.315915212E-02 4.750687163E-03
 1.418628637E-02 4.721088801E-03
 1.521565020E-02 4.693297204E-03
 1.624726504E-02 4.667005502E-03
 1.728115417E-02 4.641989712E-03
 1.831733435E-02 4.618078470E-03
 1.935583353E-02 4.595139064E-03
 2.039666846E-02 4.573064391E-03
 2.143986151E-02 4.551766906E-03
 2.248543687E-02 4.531172570E-03
 2.353341691E-02 4.511220846E-03
 2.458382212E-02 4.491860047E-03
 2.563667670E-02 4.473045003E-03
 2.669200115E-02 4.454737995E-03
 2.774982154E-02 4.436905961E-03
 2.881015837E-02 4.419519100E-03
 2.987303585E-02 4.402552731E-03
 3.093848005E-02 4.385982640E-03
 3.200650960E-02 4.369789269E-03
 3.307715058E-02 4.353953991E-03
 3.415042907E-02 4.338460043E-03
 3.522636741E-02 4.323291127E-03
 3.630498797E-02 4.308434203E-03
 3.738632053E-02 4.293874837E-03
 3.847038746E-02 4.279601388E-03
 3.955721110E-02 4.265601747E-03
 4.064681754E-02 4.251866136E-03
 4.173923656E-02 4.238383379E-03
 4.283448681E-02 4.225144628E-03
 4.393260181E-02 4.212141037E-03
 4.503360018E-02 4.199364688E-03
 4.613751546E-02 4.186807200E-03
 4.724436626E-02 4.174461588E-03
 4.835418612E-02 4.162321333E-03
 4.946699739E-02 4.150378983E-03
 5.058282986E-02 4.138629418E-03
 5.170170963E-02 4.127066117E-03
 5.282366648E-02 4.115683027E-03
 5.394872278E-02 4.104475491E-03
 5.507691577E-02 4.093438387E-03
 5.620826408E-02 4.082566127E-03
 5.734280124E-02 4.071854986E-03
 5.848055333E-02 4.061299376E-03
 5.962155387E-02 4.050896037E-03
 6.076582894E-02 4.040639848E-03
 6.191340834E-02 4.030527547E-03
 6.306432188E-02 4.020554945E-03
 6.421860307E-02 4.010718316E-03
 6.537627429E-02 4.001014866E-03
 6.653737277E-02 3.991439939E-03
 6.770192832E-02 3.981991671E-03
 6.886997819E-02 3.972665407E-03
 7.004153728E-02 3.963459283E-03
 7.121665031E-02 3.954370040E-03
 7.239534706E-02 3.945394419E-03
 7.357765734E-02 3.936530091E-03
 7.476361841E-02 3.927774262E-03
 7.595326006E-02 3.919124138E-03
 7.714661211E-02 3.910577856E-03
 7.834371924E-02 3.902132390E-03
 7.954459637E-02 3.893785877E-03
 8.074929565E-02 3.885535523E-03
 8.195784688E-02 3.877379699E-03
 8.317027986E-02 3.869315842E-03
 8.438663185E-02 3.861342324E-03
 8.560694009E-02 3.853456816E-03
 8.683124185E-02 3.845657455E-03
 8.805956692E-02 3.837942611E-03
 8.929195255E-02 3.830309957E-03
 9.052844346E-02 3.822758095E-03
 9.176907688E-02 3.815285396E-03
 9.301388264E-02 3.807889996E-03
 9.426289797E-02 3.800570266E-03
 9.551616758E-02 3.793324577E-03
 9.677372128E-02 3.786151530E-03
 9.803561121E-02 3.779049730E-03
 9.930186719E-02 3.772017313E-03
 1.005725339E-01 3.765053349E-03
 1.018476486E-01 3.758156206E-03
 1.031272486E-01 3.751324490E-03
 1.044113860E-01 3.744557034E-03
 1.057000905E-01 3.737852676E-03
 1.069934070E-01 3.731210018E-03
 1.082913801E-01 3.724627662E-03
 1.095940545E-01 3.718104679E-03
 1.109014750E-01 3.711640136E-03
 1.122136712E-01 3.705232404E-03
 1.135307029E-01 3.698880784E-03
 1.148526073E-01 3.692584112E-03
 1.161794290E-01 3.686341224E-03
 1.175112203E-01 3.680151189E-03
 1.188480183E-01 3.674013307E-03
 1.201898679E-01 3.667926183E-03
 1.215368286E-01 3.661888884E-03
 1.228889376E-01 3.655900946E-03
 1.242462471E-01 3.649960971E-03
 1.256088018E-01 3.644068260E-03
 1.269766539E-01 3.638222115E-03
 1.283498406E-01 3.632421605E-03
 1.297284365E-01 3.626665799E-03
 1.311124712E-01 3.620953998E-03
 1.325020045E-01 3.615285270E-03
 1.338970959E-01 3.609659150E-03
 1.352977753E-01 3.604074707E-03
 1.367041171E-01 3.598531242E-03
 1.381161511E-01 3.593028057E-03
 1.395339519E-01 3.587564221E-03
 1.409575790E-01 3.582139499E-03
 1.423870623E-01 3.576752730E-03
 1.438224763E-01 3.571403679E-03
 1.452638805E-01 3.566091415E-03
 1.467113197E-01 3.560815472E-03
 1.481648535E-01 3.555575153E-03
 1.496245414E-01 3.550369991E-03
 1.510904431E-01 3.545199055E-03
 1.525626183E-01 3.540062113E-03
 1.540411264E-01 3.534958465E-03
 1.555260271E-01 3.529887646E-03
 1.570173800E-01 3.524848958E-03
 1.585152596E-01 3.519842168E-03
 1.600197256E-01 3.514866345E-03
 1.615308374E-01 3.509921022E-03
 1.630486548E-01 3.505005967E-03
 1.645732373E-01 3.500120481E-03
 1.661046743E-01 3.495264333E-03
 1.676430106E-01 3.490436822E-03
 1.691883355E-01 3.485637484E-03
 1.707406938E-01 3.480865853E-03
 1.723001748E-01 3.476121463E-03
 1.738668382E-01 3.471404081E-03
 1.754407436E-01 3.466713009E-03
 1.770219952E-01 3.462048015E-03
 1.786106378E-01 3.457408631E-03
 1.802067459E-01 3.452794394E-03
 1.818104088E-01 3.448205069E-03
 1.834216863E-01 3.443639958E-03
 1.850406677E-01 3.439098829E-03
 1.866674274E-01 3.434581449E-03
 1.883020550E-01 3.430087119E-03
 1.899445951E-01 3.425615840E-03
 1.915951520E-01 3.421166912E-03
 1.932538152E-01 3.416740103E-03
 1.949206442E-01 3.412335180E-03
 1.965957433E-01 3.407951677E-03
 1.982791722E-01 3.403589362E-03
 1.999710351E-01 3.399247769E-03
 2.016714215E-01 3.394926665E-03
 2.033804059E-01 3.390625585E-03
 2.050980777E-01 3.386344295E-03
 2.068245411E-01 3.382082563E-03
 2.085598707E-01 3.377840156E-03
 2.103041708E-01 3.373616375E-03
 2.120575309E-01 3.369411221E-03
 2.138200402E-01 3.365224460E-03
 2.155917883E-01 3.361055627E-03
 2.173728943E-01 3.356904490E-03
 2.191634327E-01 3.352770815E-03
 2.209635228E-01 3.348654369E-03
 2.227732539E-01 3.344554687E-03
 2.245927304E-01 3.340471536E-03
 2.264220566E-01 3.336404916E-03
 2.282613367E-01 3.332354361E-03
 2.301106751E-01 3.328319639E-03
 2.319701910E-01 3.324300284E-03
 2.338399738E-01 3.320296528E-03
 2.357201427E-01 3.316307673E-03
 2.376108319E-01 3.312333720E-03
 2.395121157E-01 3.308374435E-03
 2.414241433E-01 3.304429352E-03
 2.433470190E-01 3.300498473E-03
 2.452808470E-01 3.296581330E-03
 2.472257763E-01 3.292677924E-03
 2.491818964E-01 3.288788022E-03
 2.511493564E-01 3.284911392E-03
 2.531282902E-01 3.281047568E-03
 2.551187873E-01 3.277196549E-03
 2.571209967E-01 3.273358336E-03
 2.591350675E-01 3.269532230E-03
 2.611611187E-01 3.265718231E-03
 2.631992698E-01 3.261916339E-03
 2.652496696E-01 3.258126089E-03
 2.673124373E-01 3.254347481E-03
 2.693877518E-01 3.250580048E-03
 2.714757323E-01 3.246823791E-03
 2.735765278E-01 3.243078478E-03
 2.756902874E-01 3.239343874E-03
 2.778171599E-01 3.235619981E-03
 2.799572945E-01 3.231906332E-03
 2.821108401E-01 3.228202695E-03
 2.842779458E-01 3.224509303E-03
 2.864587903E-01 3.220825689E-03
 2.886535227E-01 3.217151621E-03
 2.908623219E-01 3.213487100E-03
 2.930853069E-01 3.209831659E-03
 2.953226864E-01 3.206185531E-03
 2.975746393E-01 3.202548251E-03
 2.998413146E-01 3.198919585E-03
 3.021228909E-01 3.195299534E-03
 3.044195473E-01 3.191688098E-03
 3.067314625E-01 3.188084811E-03
 3.090588450E-01 3.184489440E-03
 3.114018440E-01 3.180902218E-03
 3.137606978E-01 3.177322447E-03
 3.161355257E-01 3.173750592E-03
 3.185265958E-01 3.170185955E-03
 3.209340870E-01 3.166628536E-03
 3.233581781E-01 3.163078334E-03
 3.257990777E-01 3.159535117E-03
 3.282570243E-01 3.155998653E-03
 3.307321966E-01 3.152468707E-03
 3.332248330E-01 3.148945281E-03
 3.357351422E-01 3.145428374E-03
 3.382633626E-01 3.141917521E-03
 3.408097029E-01 3.138412721E-03
 3.433744013E-01 3.134913743E-03
 3.459576964E-01 3.131420352E-03
 3.485597968E-01 3.127932781E-03
 3.511810005E-01 3.124450566E-03
 3.538214862E-01 3.120973706E-03
 3.564815521E-01 3.117501736E-03
 3.591614366E-01 3.114035120E-03
 3.618614078E-01 3.110573161E-03
 3.645817339E-01 3.107115859E-03
 3.673226237E-01 3.103663214E-03
 3.700844347E-01 3.100214992E-03
 3.728674054E-01 3.096770961E-03
 3.756718040E-01 3.093331121E-03
 3.784979284E-01 3.089895472E-03
 3.813460767E-01 3.086463315E-03
 3.842165470E-01 3.083035117E-03
 3.871096373E-01 3.079610644E-03
 3.900256455E-01 3.076189430E-03
 3.929648995E-01 3.072771477E-03
 3.959276974E-01 3.069356782E-03
 3.989143968E-01 3.065945115E-03
 4.019253254E-01 3.062536241E-03
 4.049607813E-01 3.059130395E-03
 4.080211222E-01 3.055726876E-03
 4.111067355E-01 3.052326152E-03
 4.142179191E-01 3.048927523E-03
 4.173550904E-01 3.045531223E-03
 4.205185771E-01 3.042137017E-03
 4.237087667E-01 3.038744675E-03
 4.269260764E-01 3.035354195E-03
 4.301708341E-01 3.031965578E-03
 4.334434569E-01 3.028578358E-03
 4.367443919E-01 3.025192535E-03
 4.400739968E-01 3.021807875E-03
 4.434327483E-01 3.018424613E-03
 4.468210340E-01 3.015042283E-03
 4.502393007E-01 3.011660650E-03
 4.536879957E-01 3.008279949E-03
 4.571675658E-01 3.004899714E-03
 4.606784880E-01 3.001519945E-03
 4.642212391E-01 2.998140641E-03
 4.677962959E-01 2.994761569E-03
 4.714041352E-01 2.991382498E-03
 4.750452936E-01 2.988003194E-03
 4.787202775E-01 2.984623890E-03
 4.824295640E-01 2.981244121E-03
 4.861737490E-01 2.977863885E-03
 4.899533391E-01 2.974482952E-03
 4.937689006E-01 2.971101552E-03
 4.976209998E-01 2.967718989E-03
 5.015102029E-01 2.964335494E-03
 5.054371357E-01 2.960950835E-03
 5.094023943E-01 2.957564779E-03
 5.134065747E-01 2.954177326E-03
 5.174503326E-01 2.950788243E-03
 5.215342641E-01 2.947397297E-03
 5.256590843E-01 2.944004722E-03
 5.298254490E-01 2.940610051E-03
 5.340340734E-01 2.937213052E-03
 5.382856131E-01 2.933813957E-03
 5.425807834E-01 2.930412302E-03
 5.469203591E-01 2.927008085E-03
 5.513049960E-01 2.923601074E-03
 5.557355881E-01 2.920191269E-03
 5.602129102E-01 2.916778205E-03
 5.647376776E-01 2.913362114E-03
 5.693107247E-01 2.909942530E-03
 5.739330053E-01 2.906519687E-03
 5.786052346E-01 2.903092885E-03
 5.833283663E-01 2.899662592E-03
 5.881032944E-01 2.896228107E-03
 5.929309130E-01 2.892789431E-03
 5.978122354E-01 2.889346797E-03
 6.027481556E-01 2.885899507E-03
 6.077396870E-01 2.882447559E-03
 6.127878428E-01 2.878990956E-03
 6.178936362E-01 2.875529462E-03
 6.230581999E-01 2.872062847E-03
 6.282825470E-01 2.868590876E-03
 6.335678697E-01 2.865113551E-03
 6.389152408E-01 2.861630637E-03
 6.443258524E-01 2.858141903E-03
 6.498009562E-01 2.854647348E-03
 6.553417444E-01 2.851146506E-03
 6.609494686E-01 2.847639378E-03
 6.666254401E-01 2.844125731E-03
 6.723710299E-01 2.840605564E-03
 6.781874895E-01 2.837078646E-03
 6.840763688E-01 2.833544509E-03
 6.900390387E-01 2.830003155E-03
 6.960769296E-01 2.826454351E-03
 7.021916509E-01 2.822898095E-03
 7.083846927E-01 2.819333924E-03
 7.146576643E-01 2.815761836E-03
 7.210122347E-01 2.812181599E-03
 7.274500728E-01 2.808592748E-03
 7.339729071E-01 2.804995514E-03
 7.405825853E-01 2.801389433E-03
 7.472808361E-01 2.797774039E-03
 7.540696263E-01 2.794149797E-03
 7.609508634E-01 2.790515777E-03
 7.679265738E-01 2.786872210E-03
 7.749987841E-01 2.783218864E-03
 7.821695805E-01 2.779555274E-03
 7.894411683E-01 2.775881207E-03
 7.968158126E-01 2.772196662E-03
 8.042958379E-01 2.768501174E-03
 8.118835092E-01 2.764794743E-03
 8.195813894E-01 2.761076903E-03
 8.273919821E-01 2.757347422E-03
 8.353177905E-01 2.753606299E-03
 8.433616161E-01 2.749852836E-03
 8.515261412E-01 2.746087033E-03
 8.598142862E-01 2.742308890E-03
 8.682289124E-01 2.738517476E-03
 8.767731786E-01 2.734713256E-03
 8.854500651E-01 2.730895299E-03
 8.942628503E-01 2.727063606E-03
 9.032149911E-01 2.723217942E-03
 9.123097658E-01 2.719358075E-03
 9.215508699E-01 2.715483308E-03
 9.309419394E-01 2.711593639E-03
 9.404867887E-01 2.707688836E-03
 9.501893520E-01 2.703768434E-03
 9.600536823E-01 2.699832199E-03
 9.700840712E-01 2.695879666E-03
 9.802848101E-01 2.691910369E-03
 9.906604290E-01 2.687923610E-03
 1.001215577E+00 2.683920553E-03
 1.011955261E+00 2.679935191E-03
 1.022694826E+00 2.675963333E-03
 1.033434510E+00 2.672037343E-03
 1.044174075E+00 2.668158151E-03
 1.054913640E+00 2.664325526E-03
 1.065653324E+00 2.660538768E-03
 1.076392889E+00 2.656796947E-03
 1.087132573E+00 2.653099364E-03
 1.097872138E+00 2.649444854E-03
 1.108611822E+00 2.645832952E-03
 1.119351387E+00 2.642262727E-03
 1.130090952E+00 2.638733247E-03
 1.140830636E+00 2.635243814E-03
 1.151570201E+00 2.631793730E-03
 1.162309885E+00 2.628382295E-03
 1.173049450E+00 2.625008579E-03
 1.183789134E+00 2.621672349E-03
 1.194528699E+00 2.618372208E-03
 1.205268383E+00 2.615108155E-03
 1.216007948E+00 2.611879027E-03
 1.226747513E+00 2.608684590E-03
 1.237487197E+00 2.605524147E-03
 1.248226762E+00 2.602396766E-03
 1.258966446E+00 2.599302214E-03
 1.269706011E+00 2.596239792E-03
 1.280445695E+00 2.593208803E-03
 1.291185260E+00 2.590209013E-03
 1.301924825E+00 2.587239491E-03
 1.312664509E+00 2.584300004E-03
 1.323404074E+00 2.581390087E-03
 1.334143758E+00 2.578508807E-03
 1.344883323E+00 2.575656399E-03
 1.355623007E+00 2.572831698E-03
 1.366362572E+00 2.570034470E-03
 1.377102256E+00 2.567264484E-03
 1.387841821E+00 2.564521041E-03
 1.398581386E+00 2.561803907E-03
 1.409321070E+00 2.559112618E-03
 1.420060635E+00 2.556446474E-03
 1.430800319E+00 2.553805476E-03
 1.441539884E+00 2.551188925E-03
 1.452279568E+00 2.548596822E-03
 1.463019133E+00 2.546028467E-03
 1.473758817E+00 2.543483395E-03
 1.484498382E+00 2.540961839E-03
 1.495237947E+00 2.538462868E-03
 1.505977631E+00 2.535986248E-03
 1.516717196E+00 2.533531981E-03
 1.527456880E+00 2.531099599E-03
 1.538196445E+00 2.528688870E-03
 1.548936129E+00 2.526299097E-03
 1.559675694E+00 2.523930511E-03
 1.570415258E+00 2.521582646E-03
 1.581154943E+00 2.519255271E-03
 1.591894507E+00 2.516948152E-03
 1.602634192E+00 2.514661057E-03
 1.613373756E+00 2.512393519E-03
 1.624113441E+00 2.510145772E-03
 1.634853005E+00 2.507917350E-03
 1.645592690E+00 2.505708020E-03
 1.656332254E+00 2.503518015E-03
 1.667071819E+00 2.501346637E-03
 1.677811503E+00 2.499194117E-03
 1.688551068E+00 2.497060457E-03
 1.699290752E+00 2.494945424E-03
 1.710030317E+00 2.492848784E-03
 1.720770001E+00 2.490771003E-03
 1.731509566E+00 2.488711849E-03
 1.742249131E+00 2.486671321E-03
 1.752988815E+00 2.484649653E-03
 1.763728380E+00 2.482647076E-03
 1.774468064E+00 2.480664058E-03
 1.785207629E+00 2.478700830E-03
 1.795947313E+00 2.476758091E-03
 1.806686878E+00 2.474836074E-03
 1.817426562E+00 2.472936176E-03
 1.828166127E+00 2.471059328E-03
 1.838905692E+00 2.469206927E-03
 1.849645376E+00 2.467381768E-03
 1.860384941E+00 2.465585945E-03
 1.871124625E+00 2.463822253E-03
 1.881864190E+00 2.462092089E-03
 1.892603874E+00 2.460396849E-03
 1.903343439E+00 2.458741656E-03
 1.914083004E+00 2.457147697E-03
 1.924822688E+00 2.455667825E-03
 1.935562253E+00 2.454385627E-03
 1.946301937E+00 2.453370951E-03
 1.957041502E+00 2.452550689E-03
 1.967781186E+00 2.451654058E-03
 1.978520751E+00 2.448538318E-03
 1.989260435E+00 2.441683086E-03
 2.000000000E+00 2.437431831E-03
ZONE T="TAU, SA-RC-QCR2000"
 0.000000000E+00 3.466754779E-02
 1.000000047E-03 6.668383721E-03
 2.001968445E-03 5.033701193E-03
 3.005924402E-03 4.903534427E-03
 4.011887591E-03 4.934526514E-03
 5.019877572E-03 4.974830896E-03
 6.029913668E-03 4.993143491E-03
 7.042016368E-03 4.987322725E-03
 8.056204766E-03 4.963912535E-03
 9.072500281E-03 4.930426367E-03
 1.009092201E-02 4.892661702E-03
 1.111149136E-02 4.854262806E-03
 1.213422790E-02 4.817119800E-03
 1.315915212E-02 4.781980999E-03
 1.418628637E-02 4.748975858E-03
 1.521565020E-02 4.717960022E-03
 1.624726504E-02 4.688709043E-03
 1.728115417E-02 4.661000334E-03
 1.831733435E-02 4.634643439E-03
 1.935583353E-02 4.609482363E-03
 2.039666846E-02 4.585389514E-03
 2.143986151E-02 4.562259186E-03
 2.248543687E-02 4.540002439E-03
 2.353341691E-02 4.518544767E-03
 2.458382212E-02 4.497820046E-03
 2.563667670E-02 4.477771465E-03
 2.669200115E-02 4.458349198E-03
 2.774982154E-02 4.439507611E-03
 2.881015837E-02 4.421207123E-03
 2.987303585E-02 4.403412808E-03
 3.093848005E-02 4.386092536E-03
 3.200650960E-02 4.369217902E-03
 3.307715058E-02 4.352764226E-03
 3.415042907E-02 4.336707294E-03
 3.522636741E-02 4.321027547E-03
 3.630498797E-02 4.305705894E-03
 3.738632053E-02 4.290724173E-03
 3.847038746E-02 4.276067484E-03
 3.955721110E-02 4.261719994E-03
 4.064681754E-02 4.247669131E-03
 4.173923656E-02 4.233901855E-03
 4.283448681E-02 4.220405594E-03
 4.393260181E-02 4.207170103E-03
 4.503360018E-02 4.194184206E-03
 4.613751546E-02 4.181438591E-03
 4.724436626E-02 4.168923479E-03
 4.835418612E-02 4.156630486E-03
 4.946699739E-02 4.144551232E-03
 5.058282986E-02 4.132677801E-03
 5.170170963E-02 4.121003672E-03
 5.282366648E-02 4.109521862E-03
 5.394872278E-02 4.098225851E-03
 5.507691577E-02 4.087110050E-03
 5.620826408E-02 4.076168407E-03
 5.734280124E-02 4.065395799E-03
 5.848055333E-02 4.054787569E-03
 5.962155387E-02 4.044338129E-03
 6.076582894E-02 4.034043290E-03
 6.191340834E-02 4.023898859E-03
 6.306432188E-02 4.013899714E-03
 6.421860307E-02 4.004042130E-03
 6.537627429E-02 3.994322382E-03
 6.653737277E-02 3.984735813E-03
 6.770192832E-02 3.975279629E-03
 6.886997819E-02 3.965949174E-03
 7.004153728E-02 3.956742119E-03
 7.121665031E-02 3.947654273E-03
 7.239534706E-02 3.938683309E-03
 7.357765734E-02 3.929825500E-03
 7.476361841E-02 3.921078052E-03
 7.595326006E-02 3.912438173E-03
 7.714661211E-02 3.903903766E-03
 7.834371924E-02 3.895471804E-03
 7.954459637E-02 3.887139959E-03
 8.074929565E-02 3.878905671E-03
 8.195784688E-02 3.870766610E-03
 8.317027986E-02 3.862720914E-03
 8.438663185E-02 3.854766255E-03
 8.560694009E-02 3.846900305E-03
 8.683124185E-02 3.839121200E-03
 8.805956692E-02 3.831427312E-03
 8.929195255E-02 3.823816078E-03
 9.052844346E-02 3.816286335E-03
 9.176907688E-02 3.808835987E-03
 9.301388264E-02 3.801463172E-03
 9.426289797E-02 3.794166259E-03
 9.551616758E-02 3.786943853E-03
 9.677372128E-02 3.779794322E-03
 9.803561121E-02 3.772716038E-03
 9.930186719E-02 3.765707370E-03
 1.005725339E-01 3.758766921E-03
 1.018476486E-01 3.751893295E-03
 1.031272486E-01 3.745085327E-03
 1.044113860E-01 3.738341387E-03
 1.057000905E-01 3.731660079E-03
 1.069934070E-01 3.725040704E-03
 1.082913801E-01 3.718481399E-03
 1.095940545E-01 3.711981466E-03
 1.109014750E-01 3.705539275E-03
 1.122136712E-01 3.699154127E-03
 1.135307029E-01 3.692824626E-03
 1.148526073E-01 3.686549840E-03
 1.161794290E-01 3.680328606E-03
 1.175112203E-01 3.674160223E-03
 1.188480183E-01 3.668043297E-03
 1.201898679E-01 3.661977127E-03
 1.215368286E-01 3.655960551E-03
 1.228889376E-01 3.649992868E-03
 1.242462471E-01 3.644073149E-03
 1.256088018E-01 3.638200695E-03
 1.269766539E-01 3.632374108E-03
 1.283498406E-01 3.626592923E-03
 1.297284365E-01 3.620856442E-03
 1.311124712E-01 3.615163732E-03
 1.325020045E-01 3.609514097E-03
 1.338970959E-01 3.603906604E-03
 1.352977753E-01 3.598340554E-03
 1.367041171E-01 3.592815250E-03
 1.381161511E-01 3.587330226E-03
 1.395339519E-01 3.581884550E-03
 1.409575790E-01 3.576477524E-03
 1.423870623E-01 3.571108449E-03
 1.438224763E-01 3.565777093E-03
 1.452638805E-01 3.560482292E-03
 1.467113197E-01 3.555223579E-03
 1.481648535E-01 3.550000489E-03
 1.496245414E-01 3.544812324E-03
 1.510904431E-01 3.539658617E-03
 1.525626183E-01 3.534538439E-03
 1.540411264E-01 3.529451787E-03
 1.555260271E-01 3.524397500E-03
 1.570173800E-01 3.519375576E-03
 1.585152596E-01 3.514385084E-03
 1.600197256E-01 3.509425791E-03
 1.615308374E-01 3.504497232E-03
 1.630486548E-01 3.499598475E-03
 1.645732373E-01 3.494729288E-03
 1.661046743E-01 3.489889437E-03
 1.676430106E-01 3.485077992E-03
 1.691883355E-01 3.480294952E-03
 1.707406938E-01 3.475539386E-03
 1.723001748E-01 3.470811294E-03
 1.738668382E-01 3.466109978E-03
 1.754407436E-01 3.461434972E-03
 1.770219952E-01 3.456785809E-03
 1.786106378E-01 3.452162491E-03
 1.802067459E-01 3.447564086E-03
 1.818104088E-01 3.442990594E-03
 1.834216863E-01 3.438441548E-03
 1.850406677E-01 3.433916252E-03
 1.866674274E-01 3.429414704E-03
 1.883020550E-01 3.424936207E-03
 1.899445951E-01 3.420480527E-03
 1.915951520E-01 3.416047432E-03
 1.932538152E-01 3.411636688E-03
 1.949206442E-01 3.407247365E-03
 1.965957433E-01 3.402879694E-03
 1.982791722E-01 3.398532979E-03
 1.999710351E-01 3.394207219E-03
 2.016714215E-01 3.389901714E-03
 2.033804059E-01 3.385616466E-03
 2.050980777E-01 3.381351009E-03
 2.068245411E-01 3.377104877E-03
 2.085598707E-01 3.372878069E-03
 2.103041708E-01 3.368670121E-03
 2.120575309E-01 3.364480566E-03
 2.138200402E-01 3.360309405E-03
 2.155917883E-01 3.356156405E-03
 2.173728943E-01 3.352020867E-03
 2.191634327E-01 3.347903024E-03
 2.209635228E-01 3.343802178E-03
 2.227732539E-01 3.339718096E-03
 2.245927304E-01 3.335650777E-03
 2.264220566E-01 3.331599757E-03
 2.282613367E-01 3.327564802E-03
 2.301106751E-01 3.323545679E-03
 2.319701910E-01 3.319542157E-03
 2.338399738E-01 3.315554000E-03
 2.357201427E-01 3.311580746E-03
 2.376108319E-01 3.307622625E-03
 2.395121157E-01 3.303678939E-03
 2.414241433E-01 3.299749456E-03
 2.433470190E-01 3.295834409E-03
 2.452808470E-01 3.291933099E-03
 2.472257763E-01 3.288045293E-03
 2.491818964E-01 3.284171224E-03
 2.511493564E-01 3.280310193E-03
 2.531282902E-01 3.276462201E-03
 2.551187873E-01 3.272626782E-03
 2.571209967E-01 3.268804168E-03
 2.591350675E-01 3.264993895E-03
 2.611611187E-01 3.261195729E-03
 2.631992698E-01 3.257409437E-03
 2.652496696E-01 3.253635019E-03
 2.673124373E-01 3.249872010E-03
 2.693877518E-01 3.246120410E-03
 2.714757323E-01 3.242379986E-03
 2.735765278E-01 3.238650504E-03
 2.756902874E-01 3.234931733E-03
 2.778171599E-01 3.231223440E-03
 2.799572945E-01 3.227525624E-03
 2.821108401E-01 3.223838052E-03
 2.842779458E-01 3.220160259E-03
 2.864587903E-01 3.216492478E-03
 2.886535227E-01 3.212834243E-03
 2.908623219E-01 3.209185554E-03
 2.930853069E-01 3.205545945E-03
 2.953226864E-01 3.201915650E-03
 2.975746393E-01 3.198294202E-03
 2.998413146E-01 3.194681602E-03
 3.021228909E-01 3.191077383E-03
 3.044195473E-01 3.187481780E-03
 3.067314625E-01 3.183894325E-03
 3.090588450E-01 3.180315020E-03
 3.114018440E-01 3.176743630E-03
 3.137606978E-01 3.173179924E-03
 3.161355257E-01 3.169623902E-03
 3.185265958E-01 3.166075330E-03
 3.209340870E-01 3.162533976E-03
 3.233581781E-01 3.158999607E-03
 3.257990777E-01 3.155472456E-03
 3.282570243E-01 3.151952056E-03
 3.307321966E-01 3.148438176E-03
 3.332248330E-01 3.144930815E-03
 3.357351422E-01 3.141429974E-03
 3.382633626E-01 3.137935186E-03
 3.408097029E-01 3.134446451E-03
 3.433744013E-01 3.130963771E-03
 3.459576964E-01 3.127486678E-03
 3.485597968E-01 3.124015173E-03
 3.511810005E-01 3.120549256E-03
 3.538214862E-01 3.117088461E-03
 3.564815521E-01 3.113633022E-03
 3.591614366E-01 3.110182472E-03
 3.618614078E-01 3.106736811E-03
 3.645817339E-01 3.103295807E-03
 3.673226237E-01 3.099859692E-03
 3.700844347E-01 3.096427768E-03
 3.728674054E-01 3.093000269E-03
 3.756718040E-01 3.089576960E-03
 3.784979284E-01 3.086157609E-03
 3.813460767E-01 3.082741983E-03
 3.842165470E-01 3.079330316E-03
 3.871096373E-01 3.075922374E-03
 3.900256455E-01 3.072517691E-03
 3.929648995E-01 3.069116501E-03
 3.959276974E-01 3.065718571E-03
 3.989143968E-01 3.062323434E-03
 4.019253254E-01 3.058931557E-03
 4.049607813E-01 3.055542242E-03
 4.080211222E-01 3.052155720E-03
 4.111067355E-01 3.048771527E-03
 4.142179191E-01 3.045389894E-03
 4.173550904E-01 3.042010590E-03
 4.205185771E-01 3.038633382E-03
 4.237087667E-01 3.035258036E-03
 4.269260764E-01 3.031884786E-03
 4.301708341E-01 3.028512932E-03
 4.334434569E-01 3.025142942E-03
 4.367443919E-01 3.021774348E-03
 4.400739968E-01 3.018406918E-03
 4.434327483E-01 3.015040886E-03
 4.468210340E-01 3.011675784E-03
 4.502393007E-01 3.008311614E-03
 4.536879957E-01 3.004948143E-03
 4.571675658E-01 3.001585603E-03
 4.606784880E-01 2.998223295E-03
 4.642212391E-01 2.994861454E-03
 4.677962959E-01 2.991499845E-03
 4.714041352E-01 2.988138469E-03
 4.750452936E-01 2.984777093E-03
 4.787202775E-01 2.981415484E-03
 4.824295640E-01 2.978053410E-03
 4.861737490E-01 2.974691102E-03
 4.899533391E-01 2.971328329E-03
 4.937689006E-01 2.967964625E-03
 4.976209998E-01 2.964600222E-03
 5.015102029E-01 2.961234655E-03
 5.054371357E-01 2.957868157E-03
 5.094023943E-01 2.954500495E-03
 5.134065747E-01 2.951131202E-03
 5.174503326E-01 2.947760513E-03
 5.215342641E-01 2.944387961E-03
 5.256590843E-01 2.941013779E-03
 5.298254490E-01 2.937637735E-03
 5.340340734E-01 2.934259363E-03
 5.382856131E-01 2.930878894E-03
 5.425807834E-01 2.927495865E-03
 5.469203591E-01 2.924110508E-03
 5.513049960E-01 2.920722356E-03
 5.557355881E-01 2.917331411E-03
 5.602129102E-01 2.913937438E-03
 5.647376776E-01 2.910540206E-03
 5.693107247E-01 2.907139948E-03
 5.739330053E-01 2.903736196E-03
 5.786052346E-01 2.900328720E-03
 5.833283663E-01 2.896917751E-03
 5.881032944E-01 2.893502824E-03
 5.929309130E-01 2.890083706E-03
 5.978122354E-01 2.886660630E-03
 6.027481556E-01 2.883232897E-03
 6.077396870E-01 2.879800741E-03
 6.127878428E-01 2.876364160E-03
 6.178936362E-01 2.872922458E-03
 6.230581999E-01 2.869475866E-03
 6.282825470E-01 2.866023919E-03
 6.335678697E-01 2.862566849E-03
 6.389152408E-01 2.859104192E-03
 6.443258524E-01 2.855635714E-03
 6.498009562E-01 2.852161648E-03
 6.553417444E-01 2.848681295E-03
 6.609494686E-01 2.845194889E-03
 6.666254401E-01 2.841701964E-03
 6.723710299E-01 2.838202519E-03
 6.781874895E-01 2.834696323E-03
 6.840763688E-01 2.831183374E-03
 6.900390387E-01 2.827662975E-03
 6.960769296E-01 2.824135590E-03
 7.021916509E-01 2.820600523E-03
 7.083846927E-01 2.817057772E-03
 7.146576643E-01 2.813507104E-03
 7.210122347E-01 2.809948288E-03
 7.274500728E-01 2.806381322E-03
 7.339729071E-01 2.802805742E-03
 7.405825853E-01 2.799221314E-03
 7.472808361E-01 2.795628272E-03
 7.540696263E-01 2.792025916E-03
 7.609508634E-01 2.788414247E-03
 7.679265738E-01 2.784792800E-03
 7.749987841E-01 2.781161806E-03
 7.821695805E-01 2.777520567E-03
 7.894411683E-01 2.773869317E-03
 7.968158126E-01 2.770207357E-03
 8.042958379E-01 2.766534686E-03
 8.118835092E-01 2.762851305E-03
 8.195813894E-01 2.759156283E-03
 8.273919821E-01 2.755450085E-03
 8.353177905E-01 2.751732012E-03
 8.433616161E-01 2.748002065E-03
 8.515261412E-01 2.744259778E-03
 8.598142862E-01 2.740504919E-03
 8.682289124E-01 2.736737253E-03
 8.767731786E-01 2.732956549E-03
 8.854500651E-01 2.729162574E-03
 8.942628503E-01 2.725354861E-03
 9.032149911E-01 2.721533412E-03
 9.123097658E-01 2.717697760E-03
 9.215508699E-01 2.713847905E-03
 9.309419394E-01 2.709982917E-03
 9.404867887E-01 2.706102561E-03
 9.501893520E-01 2.702204976E-03
 9.600536823E-01 2.698288998E-03
 9.700840712E-01 2.694353461E-03
 9.802848101E-01 2.690400230E-03
 9.906604290E-01 2.686432563E-03
 1.001215577E+00 2.682452556E-03
 1.011955261E+00 2.678477904E-03
 1.022694826E+00 2.674538642E-03
 1.033434510E+00 2.670641989E-03
 1.044174075E+00 2.666787477E-03
 1.054913640E+00 2.662978601E-03
 1.065653324E+00 2.659215592E-03
 1.076392889E+00 2.655497286E-03
 1.087132573E+00 2.651822986E-03
 1.097872138E+00 2.648191759E-03
 1.108611822E+00 2.644602908E-03
 1.119351387E+00 2.641055034E-03
 1.130090952E+00 2.637547906E-03
 1.140830636E+00 2.634080360E-03
 1.151570201E+00 2.630651928E-03
 1.162309885E+00 2.627261681E-03
 1.173049450E+00 2.623909153E-03
 1.183789134E+00 2.620593179E-03
 1.194528699E+00 2.617313527E-03
 1.205268383E+00 2.614069497E-03
 1.216007948E+00 2.610860160E-03
 1.226747513E+00 2.607685048E-03
 1.237487197E+00 2.604543464E-03
 1.248226762E+00 2.601434942E-03
 1.258966446E+00 2.598358784E-03
 1.269706011E+00 2.595314290E-03
 1.280445695E+00 2.592301229E-03
 1.291185260E+00 2.589318901E-03
 1.301924825E+00 2.586366842E-03
 1.312664509E+00 2.583444351E-03
 1.323404074E+00 2.580550965E-03
 1.334143758E+00 2.577686450E-03
 1.344883323E+00 2.574849874E-03
 1.355623007E+00 2.572041238E-03
 1.366362572E+00 2.569259610E-03
 1.377102256E+00 2.566504991E-03
 1.387841821E+00 2.563776681E-03
 1.398581386E+00 2.561074216E-03
 1.409321070E+00 2.558397362E-03
 1.420060635E+00 2.555745654E-03
 1.430800319E+00 2.553118626E-03
 1.441539884E+00 2.550516045E-03
 1.452279568E+00 2.547937213E-03
 1.463019133E+00 2.545382129E-03
 1.473758817E+00 2.542850329E-03
 1.484498382E+00 2.540341578E-03
 1.495237947E+00 2.537855180E-03
 1.505977631E+00 2.535391133E-03
 1.516717196E+00 2.532948740E-03
 1.527456880E+00 2.530528232E-03
 1.538196445E+00 2.528129146E-03
 1.548936129E+00 2.525751013E-03
 1.559675694E+00 2.523393603E-03
 1.570415258E+00 2.521056682E-03
 1.581154943E+00 2.518740017E-03
 1.591894507E+00 2.516443143E-03
 1.602634192E+00 2.514166292E-03
 1.613373756E+00 2.511908999E-03
 1.624113441E+00 2.509671031E-03
 1.634853005E+00 2.507452155E-03
 1.645592690E+00 2.505252371E-03
 1.656332254E+00 2.503071213E-03
 1.667071819E+00 2.500908915E-03
 1.677811503E+00 2.498765010E-03
 1.688551068E+00 2.496639732E-03
 1.699290752E+00 2.494532615E-03
 1.710030317E+00 2.492443891E-03
 1.720770001E+00 2.490373561E-03
 1.731509566E+00 2.488321625E-03
 1.742249131E+00 2.486288082E-03
 1.752988815E+00 2.484273165E-03
 1.763728380E+00 2.482277108E-03
 1.774468064E+00 2.480300143E-03
 1.785207629E+00 2.478342969E-03
 1.795947313E+00 2.476405585E-03
 1.806686878E+00 2.474489156E-03
 1.817426562E+00 2.472593449E-03
 1.828166127E+00 2.470719162E-03
 1.838905692E+00 2.468867227E-03
 1.849645376E+00 2.467039274E-03
 1.860384941E+00 2.465239260E-03
 1.871124625E+00 2.463475801E-03
 1.881864190E+00 2.461761236E-03
 1.892603874E+00 2.460110001E-03
 1.903343439E+00 2.458531410E-03
 1.914083004E+00 2.457018476E-03
 1.924822688E+00 2.455539769E-03
 1.935562253E+00 2.454047091E-03
 1.946301937E+00 2.452512039E-03
 1.957041502E+00 2.450990491E-03
 1.967781186E+00 2.449627267E-03
 1.978520751E+00 2.448104788E-03
 1.989260435E+00 2.445607912E-03
 2.000000000E+00 2.445968334E-03
