VARIABLES = "y","mu_t"
ZONE T="CFL3D, SA"
 2.499999994E-07 3.420370653E-10
 7.502325730E-07 2.773843910E-08
 1.251163098E-06 2.145569482E-07
 1.753257607E-06 8.272916716E-07
 2.256983180E-06 2.271837957E-06
 2.762808435E-06 5.100990165E-06
 3.271203923E-06 1.002461431E-05
 3.782642807E-06 1.792264629E-05
 4.297600753E-06 2.986111576E-05
 4.816556611E-06 4.711143265E-05
 5.339993095E-06 7.117322821E-05
 5.868397693E-06 1.038010596E-04
 6.402261988E-06 1.470354910E-04
 6.942082109E-06 2.032387711E-04
 7.488360552E-06 2.751359134E-04
 8.041605724E-06 3.658616624E-04
 8.602331945E-06 4.790138628E-04
 9.171060810E-06 6.187142571E-04
 9.748321645E-06 7.896774914E-04
 1.033465105E-05 9.972892003E-04
 1.093059564E-05 1.247694483E-03
 1.153670928E-05 1.547897584E-03
 1.215355496E-05 1.905874349E-03
 1.278170748E-05 2.330700168E-03
 1.342175074E-05 2.832691185E-03
 1.407428044E-05 3.423566930E-03
 1.473990324E-05 4.116630647E-03
 1.541924030E-05 4.926971160E-03
 1.611291918E-05 5.871691741E-03
 1.682159018E-05 6.970164832E-03
 1.754590994E-05 8.244314231E-03
 1.828655331E-05 9.718939662E-03
 1.904420787E-05 1.142206695E-02
 1.981958121E-05 1.338534243E-02
 2.061339183E-05 1.564447768E-02
 2.142637823E-05 1.823973842E-02
 2.225929893E-05 2.121647820E-02
 2.311292883E-05 2.462574095E-02
 2.398805918E-05 2.852491662E-02
 2.488550672E-05 3.297846392E-02
 2.580610453E-05 3.805871308E-02
 2.675071119E-05 4.384671897E-02
 2.772020343E-05 5.043318868E-02
 2.871548350E-05 5.791953206E-02
 2.973747905E-05 6.641893834E-02
 3.078714144E-05 7.605753094E-02
 3.186544200E-05 8.697564900E-02
 3.297338844E-05 9.932913631E-02
 3.411201033E-05 1.132907122E-01
 3.528236630E-05 1.290514022E-01
 3.648554775E-05 1.468220055E-01
 3.772267155E-05 1.668345034E-01
 3.899488729E-05 1.893434823E-01
 4.030338459E-05 2.146275342E-01
 4.164937127E-05 2.429905385E-01
 4.303410969E-05 2.747626305E-01
 4.445888044E-05 3.103012741E-01
 4.592501136E-05 3.499916196E-01
 4.743386671E-05 3.942469060E-01
 4.898685074E-05 4.435081482E-01
 5.058540773E-05 4.982433021E-01
 5.223102562E-05 5.589460731E-01
 5.392523599E-05 6.261335611E-01
 5.566961045E-05 7.003434896E-01
 5.746577517E-05 7.821305990E-01
 5.931540363E-05 8.720620871E-01
 6.122021296E-05 9.707118273E-01
 6.318197120E-05 1.078654528E+00
 6.520251191E-05 1.196458459E+00
 6.728371227E-05 1.324677825E+00
 6.942750770E-05 1.463844419E+00
 7.163589180E-05 1.614459515E+00
 7.391091640E-05 1.776984811E+00
 7.625470607E-05 1.951834917E+00
 7.866942906E-05 2.139369488E+00
 8.115734818E-05 2.339886189E+00
 8.372076263E-05 2.553615808E+00
 8.636206621E-05 2.780718088E+00
 8.908371092E-05 3.021279812E+00
 9.188822878E-05 3.275314093E+00
 9.477823914E-05 3.542762280E+00
 9.775641956E-05 3.823498487E+00
 1.008255422E-04 4.117334366E+00
 1.039884592E-04 4.424026489E+00
 1.072481246E-04 4.743286133E+00
 1.106075651E-04 5.074786663E+00
 1.140699023E-04 5.418178558E+00
 1.176383594E-04 5.773095608E+00
 1.213162541E-04 6.139167786E+00
 1.251070062E-04 6.516033173E+00
 1.290141663E-04 6.903344631E+00
 1.330413361E-04 7.300781727E+00
 1.371922699E-04 7.708054543E+00
 1.414708386E-04 8.124914169E+00
 1.458810293E-04 8.551155090E+00
 1.504269312E-04 8.986620903E+00
 1.551127643E-04 9.431203842E+00
 1.599429088E-04 9.884848595E+00
 1.649218466E-04 1.034755230E+01
 1.700542198E-04 1.081936264E+01
 1.753448014E-04 1.130037975E+01
 1.807984954E-04 1.179075050E+01
 1.864203950E-04 1.229066753E+01
 1.922157098E-04 1.280036831E+01
 1.981898677E-04 1.332013035E+01
 2.043483837E-04 1.385026836E+01
 2.106970205E-04 1.439113235E+01
 2.172416571E-04 1.494310474E+01
 2.239884052E-04 1.550659561E+01
 2.309435367E-04 1.608204269E+01
 2.381135128E-04 1.666990852E+01
 2.455050126E-04 1.727067566E+01
 2.531248902E-04 1.788484573E+01
 2.609802759E-04 1.851294327E+01
 2.690784459E-04 1.915549850E+01
 2.774269378E-04 1.981306648E+01
 2.860335226E-04 2.048620796E+01
 2.949062036E-04 2.117549896E+01
 3.040532465E-04 2.188152504E+01
 3.134831495E-04 2.260488510E+01
 3.232046729E-04 2.334617615E+01
 3.332268971E-04 2.410601616E+01
 3.435591352E-04 2.488501930E+01
 3.542109625E-04 2.568381500E+01
 3.651923325E-04 2.650302887E+01
 3.765134607E-04 2.734329987E+01
 3.881848534E-04 2.820526505E+01
 4.002173664E-04 2.908956909E+01
 4.126222047E-04 2.999686050E+01
 4.254109226E-04 3.092778587E+01
 4.385953944E-04 3.188299561E+01
 4.521879018E-04 3.286314011E+01
 4.662010761E-04 3.386887360E+01
 4.806479556E-04 3.490084457E+01
 4.955420154E-04 3.595970154E+01
 5.108970799E-04 3.704609680E+01
 5.267274100E-04 3.816066360E+01
 5.430477904E-04 3.930405045E+01
 5.598733551E-04 4.047688293E+01
 5.772197619E-04 4.167978668E+01
 5.951031926E-04 4.291337967E+01
 6.135402364E-04 4.417827225E+01
 6.325480645E-04 4.547505188E+01
 6.521443138E-04 4.680430984E+01
 6.723473198E-04 4.816661453E+01
 6.931758253E-04 4.956251526E+01
 7.146491553E-04 5.099254608E+01
 7.367873332E-04 5.245722198E+01
 7.596109645E-04 5.395703506E+01
 7.831412950E-04 5.549245834E+01
 8.074001526E-04 5.706393433E+01
 8.324101800E-04 5.867187500E+01
 8.581946022E-04 6.031666946E+01
 8.847774006E-04 6.199867249E+01
 9.121833136E-04 6.371820068E+01
 9.404378361E-04 6.547554016E+01
 9.695672779E-04 6.727093506E+01
 9.995986475E-04 6.910458374E+01
 1.030560001E-03 7.097665405E+01
 1.062480151E-03 7.288723755E+01
 1.095388667E-03 7.483643341E+01
 1.129316282E-03 7.682423401E+01
 1.164294430E-03 7.885059357E+01
 1.200355822E-03 8.091543579E+01
 1.237533870E-03 8.301860046E+01
 1.275863266E-03 8.515987396E+01
 1.315379515E-03 8.733898163E+01
 1.356119523E-03 8.955557251E+01
 1.398121123E-03 9.180924225E+01
 1.441423432E-03 9.409951019E+01
 1.486066729E-03 9.642581177E+01
 1.532092574E-03 9.878749847E+01
 1.579543576E-03 1.011838837E+02
 1.628464204E-03 1.036141510E+02
 1.678899745E-03 1.060774002E+02
 1.730897231E-03 1.085726700E+02
 1.784504857E-03 1.110988770E+02
 1.839772798E-03 1.136548462E+02
 1.896752161E-03 1.162392960E+02
 1.955496147E-03 1.188508377E+02
 2.016059356E-03 1.214879684E+02
 2.078498015E-03 1.241490784E+02
 2.142870566E-03 1.268324051E+02
 2.209236380E-03 1.295360870E+02
 2.277657622E-03 1.322580872E+02
 2.348197857E-03 1.349962769E+02
 2.420922508E-03 1.377483215E+02
 2.495899564E-03 1.405117798E+02
 2.573198406E-03 1.432839966E+02
 2.652890980E-03 1.460621796E+02
 2.735051792E-03 1.488433380E+02
 2.819756977E-03 1.516242828E+02
 2.907085465E-03 1.544016571E+02
 2.997118514E-03 1.571718445E+02
 3.089939710E-03 1.599310303E+02
 3.185635433E-03 1.626752014E+02
 3.284294857E-03 1.654000397E+02
 3.386009717E-03 1.681009979E+02
 3.490874544E-03 1.707733002E+02
 3.598987125E-03 1.734118652E+02
 3.710447578E-03 1.760113068E+02
 3.825360211E-03 1.785659332E+02
 3.943831660E-03 1.810697632E+02
 4.065971822E-03 1.835164795E+02
 4.191894550E-03 1.858994141E+02
 4.321717191E-03 1.882115021E+02
 4.455560353E-03 1.904453583E+02
 4.593548831E-03 1.925931854E+02
 4.735810217E-03 1.946467743E+02
 4.882477690E-03 1.965974884E+02
 5.033687688E-03 1.984362335E+02
 5.189579912E-03 2.001534729E+02
 5.350300577E-03 2.017392120E+02
 5.515998229E-03 2.031829376E+02
 5.686827935E-03 2.044736023E+02
 5.862948019E-03 2.055996704E+02
 6.044522393E-03 2.065489960E+02
 6.231720094E-03 2.073089142E+02
 6.424714811E-03 2.078661499E+02
 6.623687223E-03 2.082068329E+02
 6.828821264E-03 2.083164520E+02
 7.040308323E-03 2.081798706E+02
 7.258344907E-03 2.077812958E+02
 7.483134046E-03 2.071042786E+02
 7.714885287E-03 2.061316986E+02
 7.953813300E-03 2.048457489E+02
 8.200140670E-03 2.032279663E+02
 8.454097435E-03 2.012592316E+02
 8.715918288E-03 1.989197388E+02
 8.985848166E-03 1.961890869E+02
 9.264137596E-03 1.930463104E+02
 9.551045485E-03 1.894698486E+02
 9.846839122E-03 1.854377594E+02
 1.015179232E-02 1.809277039E+02
 1.046619099E-02 1.759170837E+02
 1.079032570E-02 1.703832855E+02
 1.112449914E-02 1.643038330E+02
 1.146902237E-02 1.576566162E+02
 1.182421483E-02 1.504203491E+02
 1.219040714E-02 1.425749359E+02
 1.256794017E-02 1.341020813E+02
 1.295716595E-02 1.249860077E+02
 1.335844584E-02 1.152145157E+02
 1.377215330E-02 1.047803040E+02
 1.419867296E-02 9.368291473E+01
 1.463840157E-02 8.193164825E+01
 1.509174798E-02 6.955043793E+01
 1.555913500E-02 5.658665848E+01
 1.604099758E-02 4.313014603E+01
 1.653778180E-02 2.936036110E+01
 1.704995334E-02 1.571361065E+01
 1.757798530E-02 4.168752670E+00
 1.812236942E-02 5.163979530E-01
 1.868361421E-02 2.279751897E-01
 1.926223934E-02 2.027437240E-01
 1.985878497E-02 2.006401122E-01
 2.047380619E-02 2.009635717E-01
 2.110787295E-02 2.015091181E-01
 2.176157758E-02 2.020456791E-01
 2.243552729E-02 2.025518417E-01
 2.313034981E-02 2.030273378E-01
 2.384668961E-02 2.034738660E-01
 2.458521351E-02 2.038932145E-01
 2.534661070E-02 2.042870373E-01
 2.613158710E-02 2.046569288E-01
 2.694087476E-02 2.050043344E-01
 2.777522430E-02 2.053306550E-01
 2.863541432E-02 2.056371868E-01
 2.952224575E-02 2.059251368E-01
 3.043654002E-02 2.061956674E-01
 3.137915209E-02 2.064498365E-01
 3.235095367E-02 2.066886425E-01
 3.335285187E-02 2.069130242E-01
 3.438577801E-02 2.071239054E-01
 3.545069695E-02 2.073220611E-01
 3.654859215E-02 2.075082958E-01
 3.768049181E-02 2.076833248E-01
 3.884744644E-02 2.078478634E-01
 4.005054012E-02 2.080025226E-01
 4.129089043E-02 2.081479132E-01
 4.256965965E-02 2.082846016E-01
 4.388802871E-02 2.084131092E-01
 4.524722695E-02 2.085339427E-01
 4.664851725E-02 2.086475790E-01
 4.809320718E-02 2.087544650E-01
 4.958264157E-02 2.088550031E-01
 5.111819878E-02 2.089495510E-01
 5.270131305E-02 2.090384811E-01
 5.433345586E-02 2.091221362E-01
 5.601614714E-02 2.092008293E-01
 5.775095150E-02 2.092748582E-01
 5.953947827E-02 2.093445063E-01
 6.138340011E-02 2.094100416E-01
 6.328442693E-02 2.094717026E-01
 6.524432451E-02 2.095297426E-01
 6.726492196E-02 2.095843554E-01
 6.934808940E-02 2.096357644E-01
 7.149577886E-02 2.096841633E-01
 7.370998710E-02 2.097297162E-01
 7.599275559E-02 2.097726017E-01
 7.834623009E-02 2.098129690E-01
 8.077258617E-02 2.098509967E-01
 8.327408880E-02 2.098867893E-01
 8.585306257E-02 2.099205106E-01
 8.851190656E-02 2.099522650E-01
 9.125309438E-02 2.099821717E-01
 9.407917410E-02 2.100103498E-01
 9.699277580E-02 2.100368738E-01
 9.999661148E-02 2.100618780E-01
 1.030934751E-01 2.100854367E-01
 1.062862501E-01 2.101076394E-01
 1.095779017E-01 2.101285458E-01
 1.129714921E-01 2.101482749E-01
 1.164701879E-01 2.101668417E-01
 1.200772300E-01 2.101843506E-01
 1.237959862E-01 2.102008611E-01
 1.276299059E-01 2.102164179E-01
 1.315825731E-01 2.102310956E-01
 1.356576383E-01 2.102449238E-01
 1.398589164E-01 2.102579772E-01
 1.441902965E-01 2.102702707E-01
 1.486558318E-01 2.102818638E-01
 1.532596499E-01 2.102928162E-01
 1.580060571E-01 2.103031427E-01
 1.628994495E-01 2.103128731E-01
 1.679444015E-01 2.103220522E-01
 1.731455922E-01 2.103307247E-01
 1.785078496E-01 2.103388906E-01
 1.840361804E-01 2.103466094E-01
 1.897357255E-01 2.103538960E-01
 1.956117898E-01 2.103607655E-01
 2.016698271E-01 2.103672475E-01
 2.079154700E-01 2.103733569E-01
 2.143545449E-01 2.103791386E-01
 2.209930420E-01 2.103845924E-01
 2.278371304E-01 2.103897482E-01
 2.348931730E-01 2.103946060E-01
 2.421677411E-01 2.103991807E-01
 2.496675998E-01 2.104035467E-01
 2.573997378E-01 2.104076594E-01
 2.653713226E-01 2.104115486E-01
 2.735897899E-01 2.104152143E-01
 2.820627689E-01 2.104186714E-01
 2.907981873E-01 2.104219347E-01
 2.998040915E-01 2.104250044E-01
 3.090889454E-01 2.104279250E-01
 3.186613321E-01 2.104306668E-01
 3.285301626E-01 2.104332596E-01
 3.387046456E-01 2.104357183E-01
 3.491942286E-01 2.104380280E-01
 3.600086570E-01 2.104402184E-01
 3.711580336E-01 2.104422897E-01
 3.826526701E-01 2.104442418E-01
 3.945032954E-01 2.104460895E-01
 4.067209363E-01 2.104478478E-01
 4.193169773E-01 2.104495019E-01
 4.323030710E-01 2.104510814E-01
 4.456913769E-01 2.104525566E-01
 4.594942927E-01 2.104539722E-01
 4.737246931E-01 2.104553133E-01
 4.883958101E-01 2.104565799E-01
 5.035212636E-01 2.104577720E-01
 5.191151500E-01 2.104589194E-01
 5.351920128E-01 2.104600072E-01
 5.517667532E-01 2.104610354E-01
 5.688547492E-01 2.104620039E-01
 5.864720345E-01 2.104629278E-01
 6.046348810E-01 2.104638070E-01
 6.233602166E-01 2.104646415E-01
 6.426655054E-01 2.104654461E-01
 6.625686884E-01 2.104662210E-01
 6.830881834E-01 2.104669511E-01
 7.042432427E-01 2.104676664E-01
 7.260534167E-01 2.104683518E-01
 7.485390902E-01 2.104689926E-01
 7.717211246E-01 2.104697376E-01
 7.956210375E-01 2.104702741E-01
 8.202611804E-01 2.104715109E-01
 8.456644416E-01 2.104715407E-01
 8.718544245E-01 2.104787380E-01
 8.988554478E-01 2.104789764E-01
 9.266927242E-01 2.104970217E-01
 9.553921223E-01 2.104932666E-01
 9.849802852E-01 2.105229646E-01
ZONE T="FUN3D, SA"
 0.000000000E+00 1.415849965E-06
 2.509309979E-06 3.475980066E-06
 5.077090009E-06 5.824690015E-05
 7.763180292E-06 3.182789951E-04
 1.063020045E-05 1.118010026E-03
 1.309870004E-05 2.574400045E-03
 1.576239993E-05 5.387899932E-03
 1.866099956E-05 1.055299956E-02
 2.101499922E-05 1.691829972E-02
 2.354500066E-05 2.654300071E-02
 2.627230060E-05 4.090910032E-02
 2.921970008E-05 6.211030111E-02
 3.241189916E-05 9.307269752E-02
 3.587560059E-05 1.378290057E-01
 3.834989911E-05 1.779569983E-01
 4.096690100E-05 2.286480069E-01
 4.373630145E-05 2.923359871E-01
 4.666859968E-05 3.718819916E-01
 4.977460048E-05 4.705899954E-01
 5.306579988E-05 5.922020078E-01
 5.655450150E-05 7.408429980E-01
 6.025379844E-05 9.209370017E-01
 6.417730037E-05 1.137060046E+00
 6.833970110E-05 1.393720031E+00
 7.275649841E-05 1.695160031E+00
 7.744409959E-05 2.045039892E+00
 7.989480218E-05 2.239069939E+00
 8.241990145E-05 2.446209908E+00
 8.502160199E-05 2.666650057E+00
 8.770250133E-05 2.900520086E+00
 9.046489868E-05 3.147850037E+00
 9.331150068E-05 3.408629894E+00
 9.624489758E-05 3.682760000E+00
 9.926789789E-05 3.970099926E+00
 1.023829973E-04 4.270410061E+00
 1.055940011E-04 4.583429813E+00
 1.089029975E-04 4.908850193E+00
 1.123129987E-04 5.246339798E+00
 1.158270024E-04 5.595530033E+00
 1.194500001E-04 5.956049919E+00
 1.231829956E-04 6.327539921E+00
 1.270310022E-04 6.709630013E+00
 1.309969957E-04 7.102009773E+00
 1.350850071E-04 7.504350185E+00
 1.392989943E-04 7.916399956E+00
 1.436430030E-04 8.337920189E+00
 1.481200015E-04 8.768730164E+00
 1.527340064E-04 9.208700180E+00
 1.574909984E-04 9.657750130E+00
 1.623949938E-04 1.011590004E+01
 1.674490049E-04 1.058300018E+01
 1.726589981E-04 1.105939960E+01
 1.780299935E-04 1.154489994E+01
 1.835669973E-04 1.203999996E+01
 1.892739965E-04 1.254469967E+01
 1.951570011E-04 1.305930042E+01
 2.012220066E-04 1.358409977E+01
 2.074740041E-04 1.411950016E+01
 2.139199933E-04 1.466580009E+01
 2.205640048E-04 1.522340012E+01
 2.274129947E-04 1.579269981E+01
 2.344740060E-04 1.637420082E+01
 2.417530050E-04 1.696839905E+01
 2.492569911E-04 1.757570076E+01
 2.569929929E-04 1.819669914E+01
 2.649679955E-04 1.883189964E+01
 2.731890127E-04 1.948180008E+01
 2.816650085E-04 2.014699936E+01
 2.904020075E-04 2.082810020E+01
 2.994099923E-04 2.152560043E+01
 3.086960060E-04 2.224010086E+01
 3.182700020E-04 2.297229958E+01
 3.281389945E-04 2.372270012E+01
 3.383140138E-04 2.449189949E+01
 3.488039947E-04 2.528070068E+01
 3.596179886E-04 2.608950043E+01
 3.707669966E-04 2.691909981E+01
 3.822600120E-04 2.777009964E+01
 3.941089963E-04 2.864299965E+01
 4.063250090E-04 2.953870010E+01
 4.189189931E-04 3.045759964E+01
 4.319029977E-04 3.140049934E+01
 4.452879948E-04 3.236809921E+01
 4.590880126E-04 3.336090088E+01
 4.733139940E-04 3.437950134E+01
 4.879809858E-04 3.542480087E+01
 5.031020264E-04 3.649729919E+01
 5.186920171E-04 3.759759903E+01
 5.347629776E-04 3.872639847E+01
 5.513320211E-04 3.988439941E+01
 5.684139905E-04 4.107210159E+01
 5.860250094E-04 4.229019928E+01
 6.041810266E-04 4.353929901E+01
 6.228989805E-04 4.481999969E+01
 6.421969738E-04 4.613290024E+01
 6.620920030E-04 4.747859955E+01
 6.826029858E-04 4.885760117E+01
 7.037490141E-04 5.027040100E+01
 7.255499950E-04 5.171770096E+01
 7.480250206E-04 5.319979858E+01
 7.711970247E-04 5.471739960E+01
 7.950859726E-04 5.627080154E+01
 8.197149727E-04 5.786040115E+01
 8.451060276E-04 5.948669815E+01
 8.712830022E-04 6.115010071E+01
 8.982709842E-04 6.285079956E+01
 9.260950028E-04 6.458920288E+01
 9.547799709E-04 6.636560059E+01
 9.843539447E-04 6.818009949E+01
 1.014839974E-03 7.003299713E+01
 1.046280027E-03 7.192430115E+01
 1.078680041E-03 7.385430145E+01
 1.112089958E-03 7.582289886E+01
 1.146540046E-03 7.783000183E+01
 1.182049979E-03 7.987570190E+01
 1.218660036E-03 8.195989990E+01
 1.256410033E-03 8.408219910E+01
 1.295319991E-03 8.624259949E+01
 1.335439971E-03 8.844059753E+01
 1.376800006E-03 9.067600250E+01
 1.419440028E-03 9.294819641E+01
 1.463399967E-03 9.525669861E+01
 1.508729998E-03 9.760099792E+01
 1.555460040E-03 9.998030090E+01
 1.603630022E-03 1.023939972E+02
 1.653300016E-03 1.048410034E+02
 1.704500057E-03 1.073209991E+02
 1.757289981E-03 1.098320007E+02
 1.811719965E-03 1.123730011E+02
 1.867830055E-03 1.149440002E+02
 1.925679971E-03 1.175429993E+02
 1.985319890E-03 1.201669998E+02
 2.046799986E-03 1.228170013E+02
 2.110189991E-03 1.254899979E+02
 2.175549977E-03 1.281840057E+02
 2.242930001E-03 1.308979950E+02
 2.312389901E-03 1.336280060E+02
 2.384010004E-03 1.363739929E+02
 2.457839902E-03 1.391329956E+02
 2.533959923E-03 1.419010010E+02
 2.612439916E-03 1.446770020E+02
 2.693349961E-03 1.474579926E+02
 2.776759909E-03 1.502400055E+02
 2.862760099E-03 1.530200043E+02
 2.951419912E-03 1.557949982E+02
 3.042819910E-03 1.585610046E+02
 3.137059975E-03 1.613139954E+02
 3.234209958E-03 1.640489960E+02
 3.334379988E-03 1.667630005E+02
 3.437639913E-03 1.694510040E+02
 3.544110106E-03 1.721080017E+02
 3.653869964E-03 1.747290039E+02
 3.767030081E-03 1.773070068E+02
 3.883690108E-03 1.798379974E+02
 4.003969952E-03 1.823150024E+02
 4.127969965E-03 1.847319946E+02
 4.255820066E-03 1.870809937E+02
 4.387619905E-03 1.893560028E+02
 4.523499869E-03 1.915489960E+02
 4.663589876E-03 1.936519928E+02
 4.808030091E-03 1.956569977E+02
 4.956929944E-03 1.975540009E+02
 5.110439844E-03 1.993339996E+02
 5.268710200E-03 2.009889984E+02
 5.431890022E-03 2.025059967E+02
 5.600110162E-03 2.038769989E+02
 5.773549899E-03 2.050879974E+02
 5.952349864E-03 2.061289978E+02
 6.136689801E-03 2.069880066E+02
 6.326749921E-03 2.076499939E+02
 6.522680167E-03 2.081029968E+02
 6.724690087E-03 2.083329926E+02
 6.932950113E-03 2.083240051E+02
 7.147660013E-03 2.080610046E+02
 7.369029801E-03 2.075279999E+02
 7.597240154E-03 2.067089996E+02
 7.832529955E-03 2.055850067E+02
 8.075100370E-03 2.041399994E+02
 8.325180039E-03 2.023529968E+02
 8.583010174E-03 2.002050018E+02
 8.848830126E-03 1.976770020E+02
 9.122869931E-03 1.947480011E+02
 9.405399673E-03 1.913959961E+02
 9.696690366E-03 1.876000061E+02
 9.996989742E-03 1.833379974E+02
 1.030659955E-02 1.785859985E+02
 1.062580012E-02 1.733229980E+02
 1.095489971E-02 1.675260010E+02
 1.129410043E-02 1.611730042E+02
 1.164389960E-02 1.542409973E+02
 1.200450025E-02 1.467100067E+02
 1.237630006E-02 1.385610046E+02
 1.275959983E-02 1.297769928E+02
 1.315470040E-02 1.203430023E+02
 1.356210001E-02 1.102490005E+02
 1.398220006E-02 9.949040222E+01
 1.441519987E-02 8.807170105E+01
 1.486159954E-02 7.600810242E+01
 1.532190014E-02 6.333300018E+01
 1.579640061E-02 5.011090088E+01
 1.628560014E-02 3.646670151E+01
 1.679000072E-02 2.267600060E+01
 1.730990037E-02 9.558670044E+00
 1.784599945E-02 1.404459953E+00
 1.839870028E-02 2.948940098E-01
 1.896850020E-02 2.107380033E-01
 1.955600083E-02 2.025970072E-01
 2.016160078E-02 2.022109926E-01
 2.078600042E-02 2.026229948E-01
 2.142970078E-02 2.030899972E-01
 2.209340036E-02 2.035350055E-01
 2.277760021E-02 2.039539963E-01
 2.348309942E-02 2.043469995E-01
 2.421030030E-02 2.047159970E-01
 2.496010065E-02 2.050630003E-01
 2.573310025E-02 2.053879946E-01
 2.653010003E-02 2.056930065E-01
 2.735169977E-02 2.059800029E-01
 2.819879912E-02 2.062489986E-01
 2.907210030E-02 2.065020055E-01
 2.997240052E-02 2.067400068E-01
 3.090070002E-02 2.069630027E-01
 3.185759857E-02 2.071720064E-01
 3.284430131E-02 2.073689997E-01
 3.386139870E-02 2.075539976E-01
 3.491010144E-02 2.077270001E-01
 3.599129990E-02 2.078910023E-01
 3.710589930E-02 2.080440074E-01
 3.825509921E-02 2.081879973E-01
 3.943980113E-02 2.083240002E-01
 4.066130146E-02 2.084510028E-01
 4.192050174E-02 2.085700035E-01
 4.321879894E-02 2.086829990E-01
 4.455729946E-02 2.087890059E-01
 4.593719915E-02 2.088879943E-01
 4.735989869E-02 2.089820057E-01
 4.882660136E-02 2.090689987E-01
 5.033870041E-02 2.091519982E-01
 5.189770088E-02 2.092300057E-01
 5.350489914E-02 2.093030065E-01
 5.516200140E-02 2.093719989E-01
 5.687030032E-02 2.094359994E-01
 5.863159895E-02 2.094970047E-01
 6.044739857E-02 2.095550001E-01
 6.231940165E-02 2.096090019E-01
 6.424939632E-02 2.096589953E-01
 6.623920053E-02 2.097070068E-01
 6.829059869E-02 2.097519934E-01
 7.040560246E-02 2.097939998E-01
 7.258599997E-02 2.098339945E-01
 7.483399659E-02 2.098709941E-01
 7.715159655E-02 2.099069953E-01
 7.954090089E-02 2.099400014E-01
 8.200430125E-02 2.099709958E-01
 8.454389870E-02 2.100010067E-01
 8.716219664E-02 2.100279927E-01
 8.986160159E-02 2.100539953E-01
 9.264460206E-02 2.100789994E-01
 9.551379830E-02 2.101020068E-01
 9.847179800E-02 2.101240009E-01
 1.015210003E-01 2.101449966E-01
 1.046660021E-01 2.101639956E-01
 1.079069972E-01 2.101819962E-01
 1.112489998E-01 2.101999968E-01
 1.146939993E-01 2.102160007E-01
 1.182459965E-01 2.102310061E-01
 1.219080016E-01 2.102459967E-01
 1.256839931E-01 2.102590054E-01
 1.295759976E-01 2.102719992E-01
 1.335889995E-01 2.102839947E-01
 1.377259940E-01 2.102960050E-01
 1.419920027E-01 2.103060037E-01
 1.463889927E-01 2.103170007E-01
 1.509229988E-01 2.103260010E-01
 1.555970013E-01 2.103350013E-01
 1.604149938E-01 2.103440017E-01
 1.653829962E-01 2.103520036E-01
 1.705050021E-01 2.103600055E-01
 1.757860035E-01 2.103669941E-01
 1.812299937E-01 2.103739977E-01
 1.868429929E-01 2.103800029E-01
 1.926289946E-01 2.103859931E-01
 1.985950023E-01 2.103919983E-01
 2.047449946E-01 2.103980035E-01
 2.110860050E-01 2.104029953E-01
 2.176229954E-01 2.104080021E-01
 2.243629992E-01 2.104129940E-01
 2.313109934E-01 2.104189992E-01
 2.384749949E-01 2.104270011E-01
 2.458599955E-01 2.104360014E-01
 2.534750104E-01 2.104460001E-01
 2.613250017E-01 2.104530036E-01
 2.694180012E-01 2.104589939E-01
 2.777619958E-01 2.104630023E-01
 2.863639891E-01 2.104659975E-01
 2.952319980E-01 2.104689926E-01
 3.043760061E-01 2.104710042E-01
 3.138020039E-01 2.104720026E-01
 3.235209882E-01 2.104739994E-01
 3.335399926E-01 2.104749978E-01
 3.438690007E-01 2.104759961E-01
 3.545190096E-01 2.104769945E-01
 3.654980063E-01 2.104779929E-01
 3.768180013E-01 2.104779929E-01
 3.884879947E-01 2.104790062E-01
 4.005190134E-01 2.104790062E-01
 4.129230082E-01 2.104800045E-01
 4.257110059E-01 2.104800045E-01
 4.388949871E-01 2.104810029E-01
 4.524880052E-01 2.104810029E-01
 4.665009975E-01 2.104810029E-01
 4.809480011E-01 2.104820013E-01
 4.958429933E-01 2.104820013E-01
 5.111989975E-01 2.104820013E-01
 5.270310044E-01 2.104820013E-01
 5.433530211E-01 2.104829997E-01
 5.601800084E-01 2.104829997E-01
 5.775290132E-01 2.104829997E-01
 5.954149961E-01 2.104829997E-01
 6.138550043E-01 2.104829997E-01
 6.328660250E-01 2.104839981E-01
 6.524649858E-01 2.104839981E-01
 6.726719737E-01 2.104839981E-01
 6.935039759E-01 2.104839981E-01
 7.149819732E-01 2.104839981E-01
 7.371249795E-01 2.104839981E-01
 7.599530220E-01 2.104839981E-01
 7.834889889E-01 2.104849964E-01
 8.077530265E-01 2.104849964E-01
 8.327689767E-01 2.104849964E-01
 8.585600257E-01 2.104849964E-01
 8.851490021E-01 2.104859948E-01
 9.125620127E-01 2.104910016E-01
 9.408239722E-01 2.105080038E-01
 9.699609876E-01 2.105299979E-01
 1.000000000E+00 2.105499953E-01
ZONE T="TAU, SA"
 0.000000000E+00 0.000000000E+00
 4.999999987E-07 5.460698116E-09
 1.000465204E-06 8.753364966E-08
 1.501861107E-06 4.445126649E-07
 2.004654107E-06 1.410975528E-06
 2.509312253E-06 3.463979283E-06
 3.016304618E-06 7.231859854E-06
 3.526103228E-06 1.350577259E-05
 4.039182386E-06 2.325414061E-05
 4.556018666E-06 3.764023495E-05
 5.077094102E-06 5.804314060E-05
 5.602892543E-06 8.608244389E-05
 6.133903298E-06 1.236469543E-04
 6.670620678E-06 1.729279902E-04
 7.213543540E-06 2.364575630E-04
 7.763177564E-06 3.171522112E-04
 8.320033885E-06 4.183629644E-04
 8.884630006E-06 5.439320812E-04
 9.457491615E-06 6.982578780E-04
 1.003915168E-05 8.863676921E-04
 1.063015134E-05 1.114000916E-03
 1.123103993E-05 1.387702767E-03
 1.184237772E-05 1.714929705E-03
 1.246473221E-05 2.104168991E-03
 1.309868276E-05 2.565072849E-03
 1.374481872E-05 3.108610399E-03
 1.440374217E-05 3.747236682E-03
 1.507606521E-05 4.495083820E-03
 1.576241448E-05 5.368175916E-03
 1.646342571E-05 6.384669337E-03
 1.717975465E-05 7.565118838E-03
 1.791206523E-05 8.932782337E-03
 1.866104139E-05 1.051395200E-02
 1.942737617E-05 1.233832911E-02
 2.021178625E-05 1.443944406E-02
 2.101499740E-05 1.685511135E-02
 2.183776087E-05 1.962794363E-02
 2.268083881E-05 2.280592546E-02
 2.354501703E-05 2.644302510E-02
 2.443110134E-05 3.059989400E-02
 2.533991210E-05 3.534461558E-02
 2.627229696E-05 4.075352848E-02
 2.722912359E-05 4.691213369E-02
 2.821128328E-05 5.391605943E-02
 2.921968553E-05 6.187212840E-02
 3.025527258E-05 7.089946419E-02
 3.131900667E-05 8.113073558E-02
 3.241187733E-05 9.271339327E-02
 3.353489956E-05 1.058110371E-01
 3.468912109E-05 1.206048280E-01
 3.587561514E-05 1.372948736E-01
 3.709548400E-05 1.561017483E-01
 3.834985910E-05 1.772678792E-01
 3.963991549E-05 2.010589838E-01
 4.096685007E-05 2.277654111E-01
 4.233189611E-05 2.577032745E-01
 4.373632328E-05 2.912155390E-01
 4.518143760E-05 3.286727071E-01
 4.666858513E-05 3.704732358E-01
 4.819914830E-05 4.170436561E-01
 4.977455319E-05 4.688379169E-01
 5.139626228E-05 5.263364911E-01
 5.306578896E-05 5.900446773E-01
 5.478467938E-05 6.604898572E-01
 5.655453788E-05 7.382185459E-01
 5.837701246E-05 8.237922192E-01
 6.025379116E-05 9.177820683E-01
 6.218662747E-05 1.020763516E+00
 6.417731493E-05 1.133309364E+00
 6.622770888E-05 1.255982280E+00
 6.833971565E-05 1.389326930E+00
 7.051529974E-05 1.533861995E+00
 7.275648386E-05 1.690071106E+00
 7.506535621E-05 1.858394623E+00
 7.744405593E-05 2.039222240E+00
 7.989480946E-05 2.232884645E+00
 8.241988689E-05 2.439648867E+00
 8.502163837E-05 2.659712315E+00
 8.770249406E-05 2.893199921E+00
 9.046493506E-05 3.140163660E+00
 9.331152978E-05 3.400582075E+00
 9.624494123E-05 3.674364090E+00
 9.926789062E-05 3.961353064E+00
 1.023831865E-04 4.261333466E+00
 1.055937319E-04 4.574038982E+00
 1.089025172E-04 4.899162292E+00
 1.123126131E-04 5.236363411E+00
 1.158271916E-04 5.585283279E+00
 1.194495271E-04 5.945552826E+00
 1.231829810E-04 6.316804886E+00
 1.270310458E-04 6.698682785E+00
 1.309972722E-04 7.090850353E+00
 1.350853854E-04 7.493000984E+00
 1.392991544E-04 7.904864311E+00
 1.436425227E-04 8.326210976E+00
 1.481195213E-04 8.756857872E+00
 1.527343265E-04 9.196671486E+00
 1.574912167E-04 9.645568848E+00
 1.623946155E-04 1.010351944E+01
 1.674490923E-04 1.057054520E+01
 1.726593473E-04 1.104671955E+01
 1.780302409E-04 1.153216267E+01
 1.835667499E-04 1.202704525E+01
 1.892740256E-04 1.253158188E+01
 1.951573940E-04 1.304602814E+01
 2.012223267E-04 1.357068062E+01
 2.074744407E-04 1.410587120E+01
 2.139195858E-04 1.465196514E+01
 2.205637284E-04 1.520935917E+01
 2.274130820E-04 1.577847672E+01
 2.344739914E-04 1.635976791E+01
 2.417530341E-04 1.695370483E+01
 2.492569620E-04 1.756077766E+01
 2.569928183E-04 1.818150139E+01
 2.649677335E-04 1.881640244E+01
 2.731891291E-04 1.946602440E+01
 2.816647175E-04 2.013092422E+01
 2.904023277E-04 2.081167221E+01
 2.994100796E-04 2.150884628E+01
 3.086963843E-04 2.222303963E+01
 3.182698856E-04 2.295485115E+01
 3.281394893E-04 2.370488739E+01
 3.383143339E-04 2.447376633E+01
 3.488039365E-04 2.526210594E+01
 3.596180177E-04 2.607053757E+01
 3.707666765E-04 2.689969444E+01
 3.822602448E-04 2.775020981E+01
 3.941094328E-04 2.862273026E+01
 4.063252709E-04 2.951790047E+01
 4.189191386E-04 3.043636703E+01
 4.319027066E-04 3.137878036E+01
 4.452880821E-04 3.234579086E+01
 4.590877215E-04 3.333805084E+01
 4.733144306E-04 3.435621262E+01
 4.879814805E-04 3.540092850E+01
 5.031024921E-04 3.647284317E+01
 5.186916096E-04 3.757260513E+01
 5.347632105E-04 3.870085144E+01
 5.513323122E-04 3.985822678E+01
 5.684143398E-04 4.104535294E+01
 5.860251840E-04 4.226285172E+01
 6.041811430E-04 4.351134109E+01
 6.228992715E-04 4.479142380E+01
 6.421967992E-04 4.610368729E+01
 6.620918284E-04 4.744871140E+01
 6.826028111E-04 4.882705688E+01
 7.037487812E-04 5.023926544E+01
 7.255495293E-04 5.168587112E+01
 7.480251952E-04 5.316737366E+01
 7.711967919E-04 5.468425751E+01
 7.950857980E-04 5.623698044E+01
 8.197145071E-04 5.782597733E+01
 8.451058529E-04 5.945165253E+01
 8.712833514E-04 6.111437225E+01
 8.982714498E-04 6.281447601E+01
 9.260951774E-04 6.455227661E+01
 9.547804948E-04 6.632802582E+01
 9.843540611E-04 6.814196777E+01
 1.014843350E-03 6.999427032E+01
 1.046276768E-03 7.188507843E+01
 1.078683534E-03 7.381449127E+01
 1.112093800E-03 7.578253937E+01
 1.146538649E-03 7.778922272E+01
 1.182050211E-03 7.983447266E+01
 1.218661433E-03 8.191817474E+01
 1.256406307E-03 8.404014587E+01
 1.295320108E-03 8.620014191E+01
 1.335438923E-03 8.839786530E+01
 1.376800123E-03 9.063293457E+01
 1.419442124E-03 9.290489960E+01
 1.463404740E-03 9.521326447E+01
 1.508728717E-03 9.755741882E+01
 1.555456314E-03 9.993669128E+01
 1.603630953E-03 1.023503342E+02
 1.653297455E-03 1.047975082E+02
 1.704502036E-03 1.072772751E+02
 1.757292310E-03 1.097886200E+02
 1.811717520E-03 1.123304214E+02
 1.867828076E-03 1.149014511E+02
 1.925676246E-03 1.175003815E+02
 1.985315932E-03 1.201257782E+02
 2.046802780E-03 1.227760849E+02
 2.110193484E-03 1.254496155E+02
 2.175547648E-03 1.281445770E+02
 2.242925344E-03 1.308590088E+02
 2.312389901E-03 1.335908508E+02
 2.384005813E-03 1.363378754E+02
 2.457839437E-03 1.390977020E+02
 2.533959458E-03 1.418677673E+02
 2.612437122E-03 1.446453857E+02
 2.693345072E-03 1.474276733E+02
 2.776758745E-03 1.502115173E+02
 2.862755442E-03 1.529936829E+02
 2.951415488E-03 1.557706757E+02
 3.042821307E-03 1.585387878E+02
 3.137057880E-03 1.612941284E+02
 3.234212985E-03 1.640325317E+02
 3.334376728E-03 1.667495880E+02
 3.437642707E-03 1.694406433E+02
 3.544106614E-03 1.721007690E+02
 3.653867636E-03 1.747247314E+02
 3.767027752E-03 1.773070221E+02
 3.883692669E-03 1.798418274E+02
 4.003970418E-03 1.823229828E+02
 4.127973225E-03 1.847440338E+02
 4.255816340E-03 1.870980988E+02
 4.387618508E-03 1.893780060E+02
 4.523502663E-03 1.915761414E+02
 4.663594998E-03 1.936845398E+02
 4.808025900E-03 1.956947632E+02
 4.956929944E-03 1.975980072E+02
 5.110444967E-03 1.993849487E+02
 5.268714856E-03 2.010458374E+02
 5.431886297E-03 2.025704346E+02
 5.600110628E-03 2.039479675E+02
 5.773545243E-03 2.051671906E+02
 5.952350795E-03 2.062162628E+02
 6.136693992E-03 2.070828247E+02
 6.326746196E-03 2.077538910E+02
 6.522683892E-03 2.082159424E+02
 6.724690087E-03 2.084547729E+02
 6.932952441E-03 2.084556122E+02
 7.147664204E-03 2.082030029E+02
 7.369025610E-03 2.076808472E+02
 7.597242948E-03 2.068723907E+02
 7.832527161E-03 2.057602081E+02
 8.075099438E-03 2.043261566E+02
 8.325182833E-03 2.025515137E+02
 8.583012037E-03 2.004168091E+02
 8.848825470E-03 1.979019775E+02
 9.122870862E-03 1.949863892E+02
 9.405404329E-03 1.916487885E+02
 9.696686640E-03 1.878674774E+02
 9.996990673E-03 1.836203156E+02
 1.030659489E-02 1.788849182E+02
 1.062578708E-02 1.736387177E+02
 1.095486525E-02 1.678592072E+02
 1.129413396E-02 1.615241699E+02
 1.164390985E-02 1.546119995E+02
 1.200451888E-02 1.471020813E+02
 1.237629540E-02 1.389753571E+02
 1.275958586E-02 1.302149811E+02
 1.315474603E-02 1.208071671E+02
 1.356214564E-02 1.107424774E+02
 1.398216095E-02 1.000174103E+02
 1.441518404E-02 8.863690186E+01
 1.486161817E-02 7.661812592E+01
 1.532187872E-02 6.399698257E+01
 1.579639316E-02 5.084097290E+01
 1.628560200E-02 3.727832413E+01
 1.678996161E-02 2.357998466E+01
 1.730994321E-02 1.058635044E+01
 1.784602553E-02 2.184414148E+00
 1.839871332E-02 6.520261765E-01
 1.896851510E-02 4.966240227E-01
 1.955596358E-02 4.786750972E-01
 2.016160637E-02 4.775141478E-01
 2.078600600E-02 4.786746502E-01
 2.142974176E-02 4.799436629E-01
 2.209341526E-02 4.807410538E-01
 2.277764119E-02 4.820160270E-01
 2.348305658E-02 4.824918807E-01
 2.421032079E-02 4.834391177E-01
 2.496010624E-02 4.844071269E-01
 2.573311329E-02 4.853249490E-01
 2.653006092E-02 4.861874580E-01
 2.735168859E-02 4.870008826E-01
 2.819876187E-02 4.877668619E-01
 2.907206863E-02 4.884873927E-01
 2.997242101E-02 4.891642928E-01
 3.090065904E-02 4.897998273E-01
 3.185764328E-02 4.903965890E-01
 3.284426406E-02 4.909571707E-01
 3.386143968E-02 4.914839566E-01
 3.491012007E-02 4.919789732E-01
 3.599127382E-02 4.924442470E-01
 3.710591421E-02 4.928815365E-01
 3.825507313E-02 4.932925403E-01
 3.943981975E-02 4.936788678E-01
 4.066125676E-02 4.940420389E-01
 4.192052409E-02 4.943835139E-01
 4.321879148E-02 4.947046638E-01
 4.455726221E-02 4.950067401E-01
 4.593718797E-02 4.952906668E-01
 4.735985026E-02 4.955573380E-01
 4.882656783E-02 4.958079457E-01
 5.033871159E-02 4.960435629E-01
 5.189768597E-02 4.962652922E-01
 5.350494012E-02 4.964739382E-01
 5.516197160E-02 4.966702759E-01
 5.687032267E-02 4.968550205E-01
 5.863158032E-02 4.970288277E-01
 6.044737995E-02 4.971923828E-01
 6.231941655E-02 4.973463118E-01
 6.424943358E-02 4.974911511E-01
 6.623921543E-02 4.976274669E-01
 6.829062104E-02 4.977557957E-01
 7.040556520E-02 4.978765845E-01
 7.258599997E-02 4.979903102E-01
 7.483396679E-02 4.980973899E-01
 7.715155184E-02 4.981982708E-01
 7.954090834E-02 4.982933700E-01
 8.200427145E-02 4.983829558E-01
 8.454391360E-02 4.984670877E-01
 8.716221154E-02 4.985465705E-01
 8.986160159E-02 4.986215532E-01
 9.264458716E-02 4.986921549E-01
 9.551376104E-02 4.987586141E-01
 9.847179055E-02 4.988212287E-01
 1.015214324E-01 4.988802075E-01
 1.046655178E-01 4.989358187E-01
 1.079069749E-01 4.989882708E-01
 1.112488210E-01 4.990377426E-01
 1.146941632E-01 4.990844727E-01
 1.182462052E-01 4.991286695E-01
 1.219082549E-01 4.991705716E-01
 1.256837100E-01 4.992091358E-01
 1.295761019E-01 4.992327094E-01
 1.335890293E-01 4.992719293E-01
 1.377262473E-01 4.993098974E-01
 1.419915855E-01 4.993428588E-01
 1.463890225E-01 4.993727505E-01
 1.509226412E-01 4.994006455E-01
 1.555966735E-01 4.994269013E-01
 1.604154557E-01 4.994516373E-01
 1.653834581E-01 4.994750023E-01
 1.705053449E-01 4.994970858E-01
 1.757858396E-01 4.995179176E-01
 1.812298745E-01 4.995375574E-01
 1.868425012E-01 4.995561242E-01
 1.926289499E-01 4.995735586E-01
 1.985946149E-01 4.995897114E-01
 2.047450244E-01 4.996032715E-01
 2.110859156E-01 4.996229112E-01
 2.176231891E-01 4.996371269E-01
 2.243629098E-01 4.996500313E-01
 2.313113511E-01 4.996624291E-01
 2.384749949E-01 4.996742308E-01
 2.458604872E-01 4.996855259E-01
 2.534747124E-01 4.996963441E-01
 2.613247335E-01 4.997066259E-01
 2.694178820E-01 4.997163713E-01
 2.777616680E-01 4.997255504E-01
 2.863638699E-01 4.997343421E-01
 2.952324748E-01 4.997428060E-01
 3.043757379E-01 4.997508824E-01
 3.138021529E-01 4.997586012E-01
 3.235205114E-01 4.997659624E-01
 3.335398436E-01 4.997729957E-01
 3.438694775E-01 4.997797012E-01
 3.545189798E-01 4.997861087E-01
 3.654983342E-01 4.997922480E-01
 3.768177032E-01 4.997981489E-01
 3.884876370E-01 4.998037815E-01
 4.005189836E-01 4.998091757E-01
 4.129229188E-01 4.998143315E-01
 4.257110059E-01 4.998193085E-01
 4.388951659E-01 4.998240769E-01
 4.524875879E-01 4.998286366E-01
 4.665009975E-01 4.998330176E-01
 4.809483886E-01 4.998372197E-01
 4.958432019E-01 4.998412430E-01
 5.111992955E-01 4.998450875E-01
 5.270310044E-01 4.998487532E-01
 5.433530211E-01 4.998524487E-01
 5.601804852E-01 4.998557866E-01
 5.775290728E-01 4.998589754E-01
 5.954149961E-01 4.998620749E-01
 6.138547659E-01 4.998650849E-01
 6.328656673E-01 4.998679459E-01
 6.524653435E-01 4.998706579E-01
 6.726719737E-01 4.998732507E-01
 6.935044527E-01 4.998757243E-01
 7.149820328E-01 4.998780489E-01
 7.371248007E-01 4.998802543E-01
 7.599533200E-01 4.998824000E-01
 7.834888697E-01 4.998846650E-01
 8.077532649E-01 4.998863041E-01
 8.327691555E-01 4.998938143E-01
 8.585597277E-01 4.998991787E-01
 8.851490617E-01 4.998922646E-01
 9.125618339E-01 4.998973012E-01
 9.408236146E-01 4.998954833E-01
 9.699606299E-01 4.999105036E-01
 1.000000000E+00 4.999239445E-01
ZONE T="CFL3D, SA-RC-QCR2000"
 4.999999987E-07 1.394368798E-08
 1.000465204E-06 1.202829623E-07
 1.501861107E-06 5.171531825E-07
 2.004654107E-06 1.538278070E-06
 2.509312253E-06 3.659480626E-06
 3.016304618E-06 7.507449027E-06
 3.526103228E-06 1.387124485E-05
 4.039182386E-06 2.371670234E-05
 4.556018666E-06 3.820393977E-05
 5.077094102E-06 5.870834502E-05
 5.602892543E-06 8.684502245E-05
 6.133903298E-06 1.244975865E-04
 6.670620678E-06 1.738513092E-04
 7.213543540E-06 2.374311298E-04
 7.763177564E-06 3.181454667E-04
 8.320033885E-06 4.193359637E-04
 8.884630006E-06 5.448340089E-04
 9.457491615E-06 6.990255788E-04
 1.003915168E-05 8.869238663E-04
 1.063015134E-05 1.114252023E-03
 1.123103993E-05 1.387536176E-03
 1.184237772E-05 1.714212820E-03
 1.246473221E-05 2.102744766E-03
 1.309868276E-05 2.562757116E-03
 1.374481872E-05 3.105188021E-03
 1.440374217E-05 3.742458299E-03
 1.507606521E-05 4.488660023E-03
 1.576241448E-05 5.359775387E-03
 1.646342571E-05 6.373906974E-03
 1.717975465E-05 7.551558316E-03
 1.791206523E-05 8.915920742E-03
 1.866104139E-05 1.049322356E-02
 1.942737617E-05 1.231308188E-02
 2.021178625E-05 1.440894511E-02
 2.101499740E-05 1.681852527E-02
 2.183776087E-05 1.958434284E-02
 2.268083881E-05 2.275424264E-02
 2.354501703E-05 2.638207376E-02
 2.443110134E-05 3.052835353E-02
 2.533991210E-05 3.526098654E-02
 2.627229696E-05 4.065614566E-02
 2.722912359E-05 4.679913446E-02
 2.821128328E-05 5.378538370E-02
 2.921968553E-05 6.172144040E-02
 3.025527258E-05 7.072618604E-02
 3.131900667E-05 8.093198389E-02
 3.241187733E-05 9.248597175E-02
 3.353489956E-05 1.055513322E-01
 3.468912109E-05 1.203088090E-01
 3.587561514E-05 1.369580179E-01
 3.709548400E-05 1.557188928E-01
 3.834985910E-05 1.768331379E-01
 3.963991549E-05 2.005657703E-01
 4.096685007E-05 2.272061408E-01
 4.233189611E-05 2.570692003E-01
 4.373632328E-05 2.904965878E-01
 4.518143760E-05 3.278572857E-01
 4.666858513E-05 3.695480525E-01
 4.819914830E-05 4.159932733E-01
 4.977455319E-05 4.676448703E-01
 5.139626228E-05 5.249807835E-01
 5.306578896E-05 5.885037780E-01
 5.478467938E-05 6.587384939E-01
 5.655453788E-05 7.362290621E-01
 5.837701246E-05 8.215343952E-01
 6.025379116E-05 9.152231216E-01
 6.218662747E-05 1.017869353E+00
 6.417731493E-05 1.130043983E+00
 6.622770888E-05 1.252309322E+00
 6.833971565E-05 1.385209918E+00
 7.051529974E-05 1.529265165E+00
 7.275648386E-05 1.684960723E+00
 7.506535621E-05 1.852739573E+00
 7.744405593E-05 2.032994032E+00
 7.989480946E-05 2.226060152E+00
 8.241988689E-05 2.432208538E+00
 8.502163837E-05 2.651642084E+00
 8.770249406E-05 2.884492397E+00
 9.046493506E-05 3.130815983E+00
 9.331152978E-05 3.390596867E+00
 9.624494123E-05 3.663750887E+00
 9.926789062E-05 3.950125456E+00
 1.023831865E-04 4.249509811E+00
 1.055937319E-04 4.561642170E+00
 1.089025172E-04 4.886217117E+00
 1.123126131E-04 5.222898483E+00
 1.158271916E-04 5.571328640E+00
 1.194495271E-04 5.931139469E+00
 1.231829810E-04 6.301963329E+00
 1.270310458E-04 6.683444023E+00
 1.309972722E-04 7.075242043E+00
 1.350853854E-04 7.477053642E+00
 1.392991544E-04 7.888602257E+00
 1.436425227E-04 8.309657097E+00
 1.481195213E-04 8.740033150E+00
 1.527343265E-04 9.179594994E+00
 1.574912167E-04 9.628254890E+00
 1.623946155E-04 1.008597851E+01
 1.674490923E-04 1.055278778E+01
 1.726593473E-04 1.102874947E+01
 1.780302409E-04 1.151398563E+01
 1.835667499E-04 1.200866222E+01
 1.892740256E-04 1.251299000E+01
 1.951573940E-04 1.302722454E+01
 2.012223267E-04 1.355166054E+01
 2.074744407E-04 1.408662605E+01
 2.139195858E-04 1.463248730E+01
 2.205637284E-04 1.518963718E+01
 2.274130820E-04 1.575850010E+01
 2.344739914E-04 1.633952332E+01
 2.417530341E-04 1.693317795E+01
 2.492569620E-04 1.753995514E+01
 2.569928183E-04 1.816036987E+01
 2.649677335E-04 1.879494476E+01
 2.731891291E-04 1.944422340E+01
 2.816647175E-04 2.010876656E+01
 2.904023277E-04 2.078914070E+01
 2.994100796E-04 2.148592186E+01
 3.086963843E-04 2.219970703E+01
 3.182698856E-04 2.293109512E+01
 3.281394893E-04 2.368069077E+01
 3.383143339E-04 2.444910622E+01
 3.488039365E-04 2.523696899E+01
 3.596180177E-04 2.604490471E+01
 3.707666765E-04 2.687354851E+01
 3.822602448E-04 2.772353363E+01
 3.941094328E-04 2.859550476E+01
 4.063252709E-04 2.949010658E+01
 4.189191386E-04 3.040798950E+01
 4.319027066E-04 3.134980011E+01
 4.452880821E-04 3.231618881E+01
 4.590877215E-04 3.330781174E+01
 4.733144306E-04 3.432531357E+01
 4.879814805E-04 3.536935043E+01
 5.031024921E-04 3.644056702E+01
 5.186916096E-04 3.753961563E+01
 5.347632105E-04 3.866712570E+01
 5.513323122E-04 3.982374191E+01
 5.684143398E-04 4.101008987E+01
 5.860251840E-04 4.222679138E+01
 6.041811430E-04 4.347445679E+01
 6.228992715E-04 4.475369263E+01
 6.421967992E-04 4.606508636E+01
 6.620918284E-04 4.740921402E+01
 6.826028111E-04 4.878663635E+01
 7.037487812E-04 5.019789124E+01
 7.255495293E-04 5.164352036E+01
 7.480251952E-04 5.312400818E+01
 7.711967919E-04 5.463985062E+01
 7.950857980E-04 5.619149399E+01
 8.197145071E-04 5.777937317E+01
 8.451058529E-04 5.940388870E+01
 8.712833514E-04 6.106541061E+01
 8.982714498E-04 6.276427841E+01
 9.260951774E-04 6.450078583E+01
 9.547804948E-04 6.627520752E+01
 9.843540611E-04 6.808775330E+01
 1.014843350E-03 6.993861389E+01
 1.046276768E-03 7.182791138E+01
 1.078683534E-03 7.375575256E+01
 1.112093800E-03 7.572216034E+01
 1.146538649E-03 7.772712708E+01
 1.182050211E-03 7.977059937E+01
 1.218661433E-03 8.185242462E+01
 1.256406307E-03 8.397243500E+01
 1.295320108E-03 8.613038635E+01
 1.335438923E-03 8.832595825E+01
 1.376800123E-03 9.055878448E+01
 1.419442124E-03 9.282839203E+01
 1.463404740E-03 9.513427734E+01
 1.508728717E-03 9.747583008E+01
 1.555456314E-03 9.985238647E+01
 1.603630953E-03 1.022631683E+02
 1.653297455E-03 1.047073364E+02
 1.704502036E-03 1.071839447E+02
 1.757292310E-03 1.096919785E+02
 1.811717520E-03 1.122302933E+02
 1.867828076E-03 1.147976608E+02
 1.925676246E-03 1.173927460E+02
 1.985315932E-03 1.200140991E+02
 2.046802780E-03 1.226601639E+02
 2.110193484E-03 1.253292236E+02
 2.175547648E-03 1.280195007E+02
 2.242925344E-03 1.307290039E+02
 2.312389901E-03 1.334556580E+02
 2.384005813E-03 1.361972504E+02
 2.457839437E-03 1.389513550E+02
 2.533959458E-03 1.417154083E+02
 2.612437122E-03 1.444867401E+02
 2.693345072E-03 1.472623749E+02
 2.776758745E-03 1.500392761E+02
 2.862755442E-03 1.528141174E+02
 2.951415488E-03 1.555834045E+02
 3.042821307E-03 1.583434448E+02
 3.137057880E-03 1.610903168E+02
 3.234212985E-03 1.638198090E+02
 3.334376728E-03 1.665274963E+02
 3.437642707E-03 1.692087250E+02
 3.544106614E-03 1.718585052E+02
 3.653867636E-03 1.744716339E+02
 3.767027752E-03 1.770425262E+02
 3.883692669E-03 1.795653687E+02
 4.003970418E-03 1.820339508E+02
 4.127973225E-03 1.844418030E+02
 4.255816340E-03 1.867820129E+02
 4.387618508E-03 1.890473480E+02
 4.523502663E-03 1.912301941E+02
 4.663594998E-03 1.933225403E+02
 4.808025900E-03 1.953159027E+02
 4.956929944E-03 1.972014313E+02
 5.110444967E-03 1.989697876E+02
 5.268714856E-03 2.006111755E+02
 5.431886297E-03 2.021152954E+02
 5.600110628E-03 2.034713440E+02
 5.773545243E-03 2.046680145E+02
 5.952350795E-03 2.056934204E+02
 6.136693992E-03 2.065351410E+02
 6.326746196E-03 2.071801758E+02
 6.522683892E-03 2.076148987E+02
 6.724690087E-03 2.078250885E+02
 6.932952441E-03 2.077958832E+02
 7.147664204E-03 2.075118103E+02
 7.369025610E-03 2.069566803E+02
 7.597242948E-03 2.061136780E+02
 7.832527161E-03 2.049653168E+02
 8.075099438E-03 2.034934082E+02
 8.325182833E-03 2.016791534E+02
 8.583012037E-03 1.995030212E+02
 8.848825470E-03 1.969449158E+02
 9.122870862E-03 1.939841309E+02
 9.405404329E-03 1.905993805E+02
 9.696686640E-03 1.867689362E+02
 9.996990673E-03 1.824706421E+02
 1.030659489E-02 1.776820679E+02
 1.062578708E-02 1.723807220E+02
 1.095486525E-02 1.665440979E+02
 1.129413396E-02 1.601501312E+02
 1.164390985E-02 1.531773071E+02
 1.200451888E-02 1.456052399E+02
 1.237629540E-02 1.374151764E+02
 1.275958586E-02 1.285906982E+02
 1.315474603E-02 1.191187057E+02
 1.356214564E-02 1.089905624E+02
 1.398216095E-02 9.820415497E+01
 1.441518404E-02 8.676634216E+01
 1.486161817E-02 7.469741058E+01
 1.532187872E-02 6.203881454E+01
 1.579639316E-02 4.886907196E+01
 1.628560200E-02 3.533822632E+01
 1.678996161E-02 2.175905037E+01
 1.730994321E-02 9.387999535E+00
 1.784602553E-02 2.103291512E+00
 1.839871332E-02 3.443315327E-01
 1.896851510E-02 2.093213052E-01
 1.955596358E-02 1.976349056E-01
 2.016160637E-02 1.968402117E-01
 2.078600600E-02 1.973205954E-01
 2.142974176E-02 1.980037391E-01
 2.209341526E-02 1.987295896E-01
 2.277764119E-02 1.994721591E-01
 2.348305658E-02 2.001745999E-01
 2.421032079E-02 2.007759511E-01
 2.496010624E-02 2.012877613E-01
 2.573311329E-02 2.017649710E-01
 2.653006092E-02 2.022390366E-01
 2.735168859E-02 2.027133852E-01
 2.819876187E-02 2.031911165E-01
 2.907206863E-02 2.036418468E-01
 2.997242101E-02 2.040473819E-01
 3.090065904E-02 2.044215202E-01
 3.185764328E-02 2.047767043E-01
 3.284426406E-02 2.051139772E-01
 3.386143968E-02 2.054331750E-01
 3.491012007E-02 2.057343423E-01
 3.599127382E-02 2.060180008E-01
 3.710591421E-02 2.062855661E-01
 3.825507313E-02 2.065383345E-01
 3.943981975E-02 2.067771107E-01
 4.066125676E-02 2.070026398E-01
 4.192052409E-02 2.072155625E-01
 4.321879148E-02 2.074165344E-01
 4.455726221E-02 2.076061666E-01
 4.593718797E-02 2.077850848E-01
 4.735985026E-02 2.079538256E-01
 4.882656783E-02 2.081129253E-01
 5.033871159E-02 2.082628906E-01
 5.189768597E-02 2.084041387E-01
 5.350494012E-02 2.085371315E-01
 5.516197160E-02 2.086623162E-01
 5.687032267E-02 2.087800950E-01
 5.863158032E-02 2.088909000E-01
 6.044737995E-02 2.089951187E-01
 6.231941655E-02 2.090931386E-01
 6.424943358E-02 2.091853023E-01
 6.623921543E-02 2.092719376E-01
 6.829062104E-02 2.093533278E-01
 7.040556520E-02 2.094297707E-01
 7.258599997E-02 2.095015198E-01
 7.483396679E-02 2.095688134E-01
 7.715155184E-02 2.096318901E-01
 7.954090834E-02 2.096909583E-01
 8.200427145E-02 2.097462267E-01
 8.454391360E-02 2.097979039E-01
 8.716221154E-02 2.098461688E-01
 8.986160159E-02 2.098912150E-01
 9.264458716E-02 2.099332362E-01
 9.551376104E-02 2.099723965E-01
 9.847179055E-02 2.100088596E-01
 1.015214324E-01 2.100427896E-01
 1.046655178E-01 2.100743651E-01
 1.079069749E-01 2.101037204E-01
 1.112488210E-01 2.101309896E-01
 1.146941632E-01 2.101563066E-01
 1.182462052E-01 2.101798058E-01
 1.219082549E-01 2.102015913E-01
 1.256837100E-01 2.102217674E-01
 1.295761019E-01 2.102404535E-01
 1.335890293E-01 2.102577388E-01
 1.377262473E-01 2.102737278E-01
 1.419915855E-01 2.102884948E-01
 1.463890225E-01 2.103021145E-01
 1.509226412E-01 2.103146911E-01
 1.555966735E-01 2.103262693E-01
 1.604154557E-01 2.103369385E-01
 1.653834581E-01 2.103467584E-01
 1.705053449E-01 2.103557885E-01
 1.757858396E-01 2.103640884E-01
 1.812298745E-01 2.103717029E-01
 1.868425012E-01 2.103787214E-01
 1.926289499E-01 2.103851736E-01
 1.985946149E-01 2.103911042E-01
 2.047450244E-01 2.103965431E-01
 2.110859156E-01 2.104015648E-01
 2.176231891E-01 2.104061842E-01
 2.243629098E-01 2.104104310E-01
 2.313113511E-01 2.104143351E-01
 2.384749949E-01 2.104179412E-01
 2.458604872E-01 2.104212642E-01
 2.534747124E-01 2.104243189E-01
 2.613247335E-01 2.104271054E-01
 2.694178820E-01 2.104296386E-01
 2.777616680E-01 2.104319632E-01
 2.863638699E-01 2.104341090E-01
 2.952324748E-01 2.104363292E-01
 3.043757379E-01 2.104383409E-01
 3.138021529E-01 2.104398161E-01
 3.235205114E-01 2.104410082E-01
 3.335398436E-01 2.104419917E-01
 3.438694775E-01 2.104427814E-01
 3.545189798E-01 2.104433477E-01
 3.654983342E-01 2.104437202E-01
 3.768177032E-01 2.104438841E-01
 3.884876370E-01 2.104438543E-01
 4.005189836E-01 2.104437202E-01
 4.129229188E-01 2.104435414E-01
 4.257110059E-01 2.104434371E-01
 4.388951659E-01 2.104434669E-01
 4.524875879E-01 2.104437053E-01
 4.665009975E-01 2.104441524E-01
 4.809483886E-01 2.104447782E-01
 4.958432019E-01 2.104455829E-01
 5.111992955E-01 2.104465365E-01
 5.270310044E-01 2.104475945E-01
 5.433530211E-01 2.104487568E-01
 5.601804852E-01 2.104499787E-01
 5.775290728E-01 2.104512304E-01
 5.954149961E-01 2.104525268E-01
 6.138547659E-01 2.104538232E-01
 6.328656673E-01 2.104551047E-01
 6.524653435E-01 2.104563564E-01
 6.726719737E-01 2.104573995E-01
 6.935044527E-01 2.104583532E-01
 7.149820328E-01 2.104594260E-01
 7.371248007E-01 2.104605138E-01
 7.599533200E-01 2.104618996E-01
 7.834888697E-01 2.104630917E-01
 8.077532649E-01 2.104662359E-01
 8.327691555E-01 2.104693800E-01
 8.585597277E-01 2.104811072E-01
 8.851490617E-01 2.104811966E-01
 9.125618339E-01 2.105518579E-01
 9.408236146E-01 2.105493098E-01
 9.699606299E-01 2.104069293E-01
 1.000000000E+00 0.000000000E+00
ZONE T="FUN3D, SA-RC-QCR2000"
 0.000000000E+00 0.000000000E+00
 2.509309979E-06 3.451987141E-06
 5.077090009E-06 5.783999222E-05
 7.763180292E-06 3.160333436E-04
 1.063020045E-05 1.110060140E-03
 1.309870004E-05 2.555912361E-03
 1.576239993E-05 5.348870996E-03
 1.866099956E-05 1.047597639E-02
 2.101499922E-05 1.679432020E-02
 2.354500066E-05 2.634761482E-02
 2.627230060E-05 4.060690850E-02
 2.921970008E-05 6.165047735E-02
 3.241189916E-05 9.238321334E-02
 3.587560059E-05 1.368089616E-01
 3.834989911E-05 1.766450405E-01
 4.096690100E-05 2.269702405E-01
 4.373630145E-05 2.902036011E-01
 4.666859968E-05 3.691961169E-01
 4.977460048E-05 4.672355056E-01
 5.306579988E-05 5.880449414E-01
 5.655450150E-05 7.357428074E-01
 6.025379844E-05 9.147505760E-01
 6.417730037E-05 1.129632711E+00
 6.833970110E-05 1.384922504E+00
 7.275649841E-05 1.684865236E+00
 7.744409959E-05 2.033152819E+00
 7.989480218E-05 2.226360083E+00
 8.241990145E-05 2.432666540E+00
 8.502160199E-05 2.652259827E+00
 8.770250133E-05 2.885281563E+00
 9.046489868E-05 3.131771564E+00
 9.331150068E-05 3.391722202E+00
 9.624489758E-05 3.665038824E+00
 9.926789789E-05 3.951575518E+00
 1.023829973E-04 4.251088142E+00
 1.055940011E-04 4.563399315E+00
 1.089029975E-04 4.888115883E+00
 1.123129987E-04 5.224892616E+00
 1.158270024E-04 5.573353291E+00
 1.194500001E-04 5.933299541E+00
 1.231829956E-04 6.304129601E+00
 1.270310022E-04 6.685636997E+00
 1.309969957E-04 7.077429295E+00
 1.350850071E-04 7.479228020E+00
 1.392989943E-04 7.890780449E+00
 1.436430030E-04 8.311863899E+00
 1.481200015E-04 8.742192268E+00
 1.527340064E-04 9.181616783E+00
 1.574909984E-04 9.630213737E+00
 1.623949938E-04 1.008791161E+01
 1.674490049E-04 1.055458641E+01
 1.726589981E-04 1.103042793E+01
 1.780299935E-04 1.151556969E+01
 1.835669973E-04 1.201018047E+01
 1.892739965E-04 1.251437092E+01
 1.951570011E-04 1.302845860E+01
 2.012220066E-04 1.355278206E+01
 2.074740041E-04 1.408762074E+01
 2.139199933E-04 1.463343430E+01
 2.205640048E-04 1.519045448E+01
 2.274129947E-04 1.575916958E+01
 2.344740060E-04 1.634008408E+01
 2.417530050E-04 1.693362236E+01
 2.492569911E-04 1.754029274E+01
 2.569929929E-04 1.816060829E+01
 2.649679955E-04 1.879508400E+01
 2.731890127E-04 1.944423294E+01
 2.816650085E-04 2.010870552E+01
 2.904020075E-04 2.078893471E+01
 2.994099923E-04 2.148564529E+01
 3.086960060E-04 2.219931984E+01
 3.182700020E-04 2.293066216E+01
 3.281389945E-04 2.368013191E+01
 3.383140138E-04 2.444848824E+01
 3.488039947E-04 2.523631096E+01
 3.596179886E-04 2.604417801E+01
 3.707669966E-04 2.687278748E+01
 3.822600120E-04 2.772268105E+01
 3.941089963E-04 2.859459305E+01
 4.063250090E-04 2.948916817E+01
 4.189189931E-04 3.040702438E+01
 4.319029977E-04 3.134884071E+01
 4.452879948E-04 3.231518936E+01
 4.590880126E-04 3.330682373E+01
 4.733139940E-04 3.432427597E+01
 4.879809858E-04 3.536831665E+01
 5.031020264E-04 3.643955231E+01
 5.186920171E-04 3.753868484E+01
 5.347629776E-04 3.866619110E+01
 5.513320211E-04 3.982285309E+01
 5.684139905E-04 4.100925446E+01
 5.860250094E-04 4.222604370E+01
 6.041810266E-04 4.347380447E+01
 6.228989805E-04 4.475312424E+01
 6.421969738E-04 4.606466675E+01
 6.620920030E-04 4.740893173E+01
 6.826029858E-04 4.878650284E+01
 7.037490141E-04 5.019793701E+01
 7.255499950E-04 5.164376450E+01
 7.480250206E-04 5.312442398E+01
 7.711970247E-04 5.464052200E+01
 7.950859726E-04 5.619242096E+01
 8.197149727E-04 5.778060150E+01
 8.451060276E-04 5.940540695E+01
 8.712830022E-04 6.106723022E+01
 8.982709842E-04 6.276644897E+01
 9.260950028E-04 6.450337982E+01
 9.547799709E-04 6.627819061E+01
 9.843539447E-04 6.809122467E+01
 1.014839974E-03 6.994237518E+01
 1.046280027E-03 7.183260345E+01
 1.078680041E-03 7.376060486E+01
 1.112089958E-03 7.572760773E+01
 1.146540046E-03 7.773354340E+01
 1.182049979E-03 7.977759552E+01
 1.218660036E-03 8.186009979E+01
 1.256410033E-03 8.398117828E+01
 1.295319991E-03 8.613973999E+01
 1.335439971E-03 8.833626556E+01
 1.376800006E-03 9.056994629E+01
 1.419440028E-03 9.284043884E+01
 1.463399967E-03 9.514721680E+01
 1.508729998E-03 9.749018860E+01
 1.555460040E-03 9.986801147E+01
 1.603630022E-03 1.022797775E+02
 1.653300016E-03 1.047253876E+02
 1.704500057E-03 1.072031174E+02
 1.757289981E-03 1.097125397E+02
 1.811719965E-03 1.122525482E+02
 1.867830055E-03 1.148214417E+02
 1.925679971E-03 1.174182129E+02
 1.985319890E-03 1.200412674E+02
 2.046799986E-03 1.226887970E+02
 2.110189991E-03 1.253596878E+02
 2.175549977E-03 1.280521088E+02
 2.242930001E-03 1.307637177E+02
 2.312389901E-03 1.334922943E+02
 2.384010004E-03 1.362362061E+02
 2.457839902E-03 1.389924469E+02
 2.533959923E-03 1.417588959E+02
 2.612439916E-03 1.445327454E+02
 2.693349961E-03 1.473110199E+02
 2.776759909E-03 1.500904541E+02
 2.862760099E-03 1.528681641E+02
 2.951419912E-03 1.556403351E+02
 3.042819910E-03 1.584032135E+02
 3.137059975E-03 1.611532745E+02
 3.234209958E-03 1.638858490E+02
 3.334379988E-03 1.665970764E+02
 3.437639913E-03 1.692816162E+02
 3.544110106E-03 1.719351807E+02
 3.653869964E-03 1.745520172E+02
 3.767030081E-03 1.771268005E+02
 3.883690108E-03 1.796535492E+02
 4.003969952E-03 1.821263885E+02
 4.127969965E-03 1.845384979E+02
 4.255820066E-03 1.868833466E+02
 4.387619905E-03 1.891533051E+02
 4.523499869E-03 1.913409119E+02
 4.663589876E-03 1.934382172E+02
 4.808030091E-03 1.954369049E+02
 4.956929944E-03 1.973277435E+02
 5.110439844E-03 1.991016235E+02
 5.268710200E-03 2.007487488E+02
 5.431890022E-03 2.022589111E+02
 5.600110162E-03 2.036211090E+02
 5.773549899E-03 2.048241882E+02
 5.952349864E-03 2.058561707E+02
 6.136689801E-03 2.067047272E+02
 6.326749921E-03 2.073568420E+02
 6.522680167E-03 2.077988586E+02
 6.724690087E-03 2.080166321E+02
 6.932950113E-03 2.079952393E+02
 7.147660013E-03 2.077192535E+02
 7.369029801E-03 2.071724396E+02
 7.597240154E-03 2.063380737E+02
 7.832529955E-03 2.051985626E+02
 8.075100370E-03 2.037358246E+02
 8.325180039E-03 2.019310303E+02
 8.583010174E-03 1.997646332E+02
 8.848830126E-03 1.972164612E+02
 9.122869931E-03 1.942660217E+02
 9.405399673E-03 1.908918457E+02
 9.696690366E-03 1.870720673E+02
 9.996989742E-03 1.827848663E+02
 1.030659955E-02 1.780074615E+02
 1.062580012E-02 1.727173615E+02
 1.095489971E-02 1.668918915E+02
 1.129410043E-02 1.605108185E+02
 1.164389960E-02 1.535491791E+02
 1.200450025E-02 1.459887848E+02
 1.237630006E-02 1.378094635E+02
 1.275959983E-02 1.289955597E+02
 1.315470040E-02 1.195350266E+02
 1.356210001E-02 1.094158401E+02
 1.398220006E-02 9.863442230E+01
 1.441519987E-02 8.720172882E+01
 1.486159954E-02 7.513404846E+01
 1.532190014E-02 6.246761703E+01
 1.579640061E-02 4.927848816E+01
 1.628560014E-02 3.570441437E+01
 1.679000072E-02 2.204004478E+01
 1.730990037E-02 9.076029778E+00
 1.784599945E-02 1.288963556E+00
 1.839870028E-02 2.872288525E-01
 1.896850020E-02 2.100240439E-01
 1.955600083E-02 2.025244683E-01
 2.016160078E-02 2.022027075E-01
 2.078600042E-02 2.026219517E-01
 2.142970078E-02 2.030895352E-01
 2.209340036E-02 2.035354525E-01
 2.277760021E-02 2.039545327E-01
 2.348309942E-02 2.043479532E-01
 2.421030030E-02 2.047171593E-01
 2.496010065E-02 2.050637603E-01
 2.573310025E-02 2.053891271E-01
 2.653010003E-02 2.056946307E-01
 2.735169977E-02 2.059814334E-01
 2.819879912E-02 2.062507719E-01
 2.907210030E-02 2.065036893E-01
 2.997240052E-02 2.067412138E-01
 3.090070002E-02 2.069643438E-01
 3.185759857E-02 2.071739137E-01
 3.284430131E-02 2.073708177E-01
 3.386139870E-02 2.075557858E-01
 3.491010144E-02 2.077296078E-01
 3.599129990E-02 2.078929543E-01
 3.710589930E-02 2.080464661E-01
 3.825509921E-02 2.081907690E-01
 3.943980113E-02 2.083263844E-01
 4.066130146E-02 2.084539086E-01
 4.192050174E-02 2.085738033E-01
 4.321879894E-02 2.086865455E-01
 4.455729946E-02 2.087925822E-01
 4.593719915E-02 2.088923007E-01
 4.735989869E-02 2.089861333E-01
 4.882660136E-02 2.090744078E-01
 5.033870041E-02 2.091574818E-01
 5.189770088E-02 2.092356533E-01
 5.350489914E-02 2.093092501E-01
 5.516200140E-02 2.093785405E-01
 5.687030032E-02 2.094437778E-01
 5.863159895E-02 2.095052451E-01
 6.044739857E-02 2.095631212E-01
 6.231940165E-02 2.096176744E-01
 6.424939632E-02 2.096690685E-01
 6.623920053E-02 2.097174823E-01
 6.829059869E-02 2.097631246E-01
 7.040560246E-02 2.098061293E-01
 7.258599997E-02 2.098466605E-01
 7.483399659E-02 2.098848671E-01
 7.715159655E-02 2.099208683E-01
 7.954090089E-02 2.099548280E-01
 8.200430125E-02 2.099868655E-01
 8.454389870E-02 2.100170851E-01
 8.716219664E-02 2.100455910E-01
 8.986160159E-02 2.100725025E-01
 9.264460206E-02 2.100978941E-01
 9.551379830E-02 2.101218849E-01
 9.847179800E-02 2.101445496E-01
 1.015210003E-01 2.101659626E-01
 1.046660021E-01 2.101861835E-01
 1.079069972E-01 2.102053165E-01
 1.112489998E-01 2.102233917E-01
 1.146939993E-01 2.102404982E-01
 1.182459965E-01 2.102566659E-01
 1.219080016E-01 2.102719694E-01
 1.256839931E-01 2.102864534E-01
 1.295759976E-01 2.103001773E-01
 1.335889995E-01 2.103131562E-01
 1.377259940E-01 2.103254497E-01
 1.419920027E-01 2.103370875E-01
 1.463889927E-01 2.103481144E-01
 1.509229988E-01 2.103585601E-01
 1.555970013E-01 2.103684545E-01
 1.604149938E-01 2.103778273E-01
 1.653829962E-01 2.103866935E-01
 1.705050021E-01 2.103950977E-01
 1.757860035E-01 2.104030550E-01
 1.812299937E-01 2.104105949E-01
 1.868429929E-01 2.104177326E-01
 1.926289946E-01 2.104244977E-01
 1.985950023E-01 2.104309052E-01
 2.047449946E-01 2.104369849E-01
 2.110860050E-01 2.104427814E-01
 2.176229954E-01 2.104483247E-01
 2.243629992E-01 2.104538977E-01
 2.313109934E-01 2.104601711E-01
 2.384749949E-01 2.104684711E-01
 2.458599955E-01 2.104785591E-01
 2.534750104E-01 2.104881555E-01
 2.613250017E-01 2.104959637E-01
 2.694180012E-01 2.105019987E-01
 2.777619958E-01 2.105066925E-01
 2.863639891E-01 2.105103582E-01
 2.952319980E-01 2.105131596E-01
 3.043760061E-01 2.105152011E-01
 3.138020039E-01 2.105166465E-01
 3.235209882E-01 2.105176151E-01
 3.335399926E-01 2.105182111E-01
 3.438690007E-01 2.105184793E-01
 3.545190096E-01 2.105184346E-01
 3.654980063E-01 2.105181068E-01
 3.768180013E-01 2.105174661E-01
 3.884879947E-01 2.105164826E-01
 4.005190134E-01 2.105151415E-01
 4.129230082E-01 2.105133832E-01
 4.257110059E-01 2.105111033E-01
 4.388949871E-01 2.105082572E-01
 4.524880052E-01 2.105048001E-01
 4.665009975E-01 2.105008215E-01
 4.809480011E-01 2.104965150E-01
 4.958429933E-01 2.104921490E-01
 5.111989975E-01 2.104878575E-01
 5.270310044E-01 2.104837000E-01
 5.433530211E-01 2.104797512E-01
 5.601800084E-01 2.104760706E-01
 5.775290132E-01 2.104728222E-01
 5.954149961E-01 2.104700357E-01
 6.138550043E-01 2.104677260E-01
 6.328660250E-01 2.104658186E-01
 6.524649858E-01 2.104642838E-01
 6.726719737E-01 2.104635537E-01
 6.935039759E-01 2.104645669E-01
 7.149819732E-01 2.104655951E-01
 7.371249795E-01 2.104662210E-01
 7.599530220E-01 2.104663998E-01
 7.834889889E-01 2.104662806E-01
 8.077530265E-01 2.104665488E-01
 8.327689767E-01 2.104736865E-01
 8.585600257E-01 2.104954273E-01
 8.851490021E-01 2.104757130E-01
 9.125620127E-01 2.104549110E-01
 9.408239722E-01 2.104140520E-01
 9.699609876E-01 2.102849185E-01
 1.000000000E+00 2.101025581E-01
ZONE T="TAU, SA-RC-QCR2000"
 0.000000000E+00 0.000000000E+00
 4.999999987E-07 5.425278005E-09
 1.000465204E-06 8.696586207E-08
 1.501861107E-06 4.416293677E-07
 2.004654107E-06 1.401823397E-06
 2.509312253E-06 3.441510216E-06
 3.016304618E-06 7.184950846E-06
 3.526103228E-06 1.341816915E-05
 4.039182386E-06 2.310330638E-05
 4.556018666E-06 3.739609383E-05
 5.077094102E-06 5.766666800E-05
 5.602892543E-06 8.552411600E-05
 6.133903298E-06 1.228450274E-04
 6.670620678E-06 1.718064887E-04
 7.213543540E-06 2.349241258E-04
 7.763177564E-06 3.150956181E-04
 8.320033885E-06 4.156502546E-04
 8.884630006E-06 5.404055119E-04
 9.457491615E-06 6.937311846E-04
 1.003915168E-05 8.806222468E-04
 1.063015134E-05 1.106781070E-03
 1.123103993E-05 1.378710498E-03
 1.184237772E-05 1.703819027E-03
 1.246473221E-05 2.090539550E-03
 1.309868276E-05 2.548462246E-03
 1.374481872E-05 3.088485450E-03
 1.440374217E-05 3.722984809E-03
 1.507606521E-05 4.466002341E-03
 1.576241448E-05 5.333460402E-03
 1.646342571E-05 6.343398243E-03
 1.717975465E-05 7.516242098E-03
 1.791206523E-05 8.875101805E-03
 1.866104139E-05 1.044610422E-02
 1.942737617E-05 1.225876529E-02
 2.021178625E-05 1.434640307E-02
 2.101499740E-05 1.674659923E-02
 2.183776087E-05 1.950170286E-02
 2.268083881E-05 2.265940048E-02
 2.354501703E-05 2.627333440E-02
 2.443110134E-05 3.040378354E-02
 2.533991210E-05 3.511842713E-02
 2.627229696E-05 4.049314186E-02
 2.722912359E-05 4.661292955E-02
 2.821128328E-05 5.357285589E-02
 2.921968553E-05 6.147912517E-02
 3.025527258E-05 7.045019418E-02
 3.131900667E-05 8.061796427E-02
 3.241187733E-05 9.212908894E-02
 3.353489956E-05 1.051462889E-01
 3.468912109E-05 1.198497415E-01
 3.587561514E-05 1.364385486E-01
 3.709548400E-05 1.551321447E-01
 3.834985910E-05 1.761717796E-01
 3.963991549E-05 1.998219192E-01
 4.096685007E-05 2.263715714E-01
 4.233189611E-05 2.561355233E-01
 4.373632328E-05 2.894552350E-01
 4.518143760E-05 3.266997933E-01
 4.666858513E-05 3.682662547E-01
 4.819914830E-05 4.145795703E-01
 4.977455319E-05 4.660924375E-01
 5.139626228E-05 5.232838988E-01
 5.306578896E-05 5.866580606E-01
 5.478467938E-05 6.567412019E-01
 5.655453788E-05 7.340791225E-01
 5.837701246E-05 8.192325234E-01
 6.025379116E-05 9.127723575E-01
 6.218662747E-05 1.015273929E+00
 6.417731493E-05 1.127310514E+00
 6.622770888E-05 1.249445438E+00
 6.833971565E-05 1.382224798E+00
 7.051529974E-05 1.526168823E+00
 7.275648386E-05 1.681763053E+00
 7.506535621E-05 1.849450827E+00
 7.744405593E-05 2.029624224E+00
 7.989480946E-05 2.222617865E+00
 8.241988689E-05 2.428701639E+00
 8.502163837E-05 2.648077011E+00
 8.770249406E-05 2.880873203E+00
 9.046493506E-05 3.127145529E+00
 9.331152978E-05 3.386876583E+00
 9.624494123E-05 3.659979105E+00
 9.926789062E-05 3.946299553E+00
 1.023831865E-04 4.245625496E+00
 1.055937319E-04 4.557692528E+00
 1.089025172E-04 4.882195473E+00
 1.123126131E-04 5.218796253E+00
 1.158271916E-04 5.567136765E+00
 1.194495271E-04 5.926847458E+00
 1.231829810E-04 6.297561169E+00
 1.270310458E-04 6.678920269E+00
 1.309972722E-04 7.070587635E+00
 1.350853854E-04 7.472255230E+00
 1.392991544E-04 7.883650303E+00
 1.436425227E-04 8.304540634E+00
 1.481195213E-04 8.734742165E+00
 1.527343265E-04 9.174118042E+00
 1.574912167E-04 9.622582436E+00
 1.623946155E-04 1.008010292E+01
 1.674490923E-04 1.054669952E+01
 1.726593473E-04 1.102243996E+01
 1.780302409E-04 1.150744629E+01
 1.835667499E-04 1.200188446E+01
 1.892740256E-04 1.250596714E+01
 1.951573940E-04 1.301994801E+01
 2.012223267E-04 1.354412270E+01
 2.074744407E-04 1.407882118E+01
 2.139195858E-04 1.462440681E+01
 2.205637284E-04 1.518127632E+01
 2.274130820E-04 1.574985027E+01
 2.344739914E-04 1.633057785E+01
 2.417530341E-04 1.692393112E+01
 2.492569620E-04 1.753040123E+01
 2.569928183E-04 1.815049934E+01
 2.649677335E-04 1.878475189E+01
 2.731891291E-04 1.943370438E+01
 2.816647175E-04 2.009791183E+01
 2.904023277E-04 2.077794266E+01
 2.994100796E-04 2.147437859E+01
 3.086963843E-04 2.218780899E+01
 3.182698856E-04 2.291883278E+01
 3.281394893E-04 2.366806030E+01
 3.383143339E-04 2.443610382E+01
 3.488039365E-04 2.522358704E+01
 3.596180177E-04 2.603113747E+01
 3.707666765E-04 2.685938644E+01
 3.822602448E-04 2.770897484E+01
 3.941094328E-04 2.858054352E+01
 4.063252709E-04 2.947473717E+01
 4.189191386E-04 3.039220428E+01
 4.319027066E-04 3.133359718E+01
 4.452880821E-04 3.229956436E+01
 4.590877215E-04 3.329075623E+01
 4.733144306E-04 3.430783081E+01
 4.879814805E-04 3.535143280E+01
 5.031024921E-04 3.642221451E+01
 5.186916096E-04 3.752082443E+01
 5.347632105E-04 3.864789581E+01
 5.513323122E-04 3.980406952E+01
 5.684143398E-04 4.098997879E+01
 5.860251840E-04 4.220624161E+01
 6.041811430E-04 4.345347214E+01
 6.228992715E-04 4.473227692E+01
 6.421967992E-04 4.604323959E+01
 6.620918284E-04 4.738694382E+01
 6.826028111E-04 4.876395035E+01
 7.037487812E-04 5.017480469E+01
 7.255495293E-04 5.162002945E+01
 7.480251952E-04 5.310013580E+01
 7.711967919E-04 5.461560059E+01
 7.950857980E-04 5.616688919E+01
 8.197145071E-04 5.775442886E+01
 8.451058529E-04 5.937862396E+01
 8.712833514E-04 6.103984833E+01
 8.982714498E-04 6.273843384E+01
 9.260951774E-04 6.447469330E+01
 9.547804948E-04 6.624888611E+01
 9.843540611E-04 6.806123352E+01
 1.014843350E-03 6.991192627E+01
 1.046276768E-03 7.180110168E+01
 1.078683534E-03 7.372885132E+01
 1.112093800E-03 7.569521332E+01
 1.146538649E-03 7.770018005E+01
 1.182050211E-03 7.974368286E+01
 1.218661433E-03 8.182559967E+01
 1.256406307E-03 8.394575500E+01
 1.295320108E-03 8.610390472E+01
 1.335438923E-03 8.829972839E+01
 1.376800123E-03 9.053285980E+01
 1.419442124E-03 9.280285645E+01
 1.463404740E-03 9.510919189E+01
 1.508728717E-03 9.745126343E+01
 1.555456314E-03 9.982841492E+01
 1.603630953E-03 1.022398682E+02
 1.653297455E-03 1.046847992E+02
 1.704502036E-03 1.071622543E+02
 1.757292310E-03 1.096712189E+02
 1.811717520E-03 1.122105637E+02
 1.867828076E-03 1.147790604E+02
 1.925676246E-03 1.173753815E+02
 1.985315932E-03 1.199980774E+02
 2.046802780E-03 1.226455841E+02
 2.110193484E-03 1.253162231E+02
 2.175547648E-03 1.280081787E+02
 2.242925344E-03 1.307195129E+02
 2.312389901E-03 1.334481201E+02
 2.384005813E-03 1.361918030E+02
 2.457839437E-03 1.389481354E+02
 2.533959458E-03 1.417145844E+02
 2.612437122E-03 1.444884338E+02
 2.693345072E-03 1.472667694E+02
 2.776758745E-03 1.500465240E+02
 2.862755442E-03 1.528244171E+02
 2.951415488E-03 1.555969391E+02
 3.042821307E-03 1.583603973E+02
 3.137057880E-03 1.611108551E+02
 3.234212985E-03 1.638441620E+02
 3.334376728E-03 1.665558929E+02
 3.437642707E-03 1.692413635E+02
 3.544106614E-03 1.718956299E+02
 3.653867636E-03 1.745134583E+02
 3.767027752E-03 1.770893250E+02
 3.883692669E-03 1.796173706E+02
 4.003970418E-03 1.820914612E+02
 4.127973225E-03 1.845050507E+02
 4.255816340E-03 1.868513184E+02
 4.387618508E-03 1.891230164E+02
 4.523502663E-03 1.913125305E+02
 4.663594998E-03 1.934118347E+02
 4.808025900E-03 1.954125366E+02
 4.956929944E-03 1.973057251E+02
 5.110444967E-03 1.990821075E+02
 5.268714856E-03 2.007318878E+02
 5.431886297E-03 2.022447815E+02
 5.600110628E-03 2.036100159E+02
 5.773545243E-03 2.048162842E+02
 5.952350795E-03 2.058517151E+02
 6.136693992E-03 2.067039185E+02
 6.326746196E-03 2.073598938E+02
 6.522683892E-03 2.078060455E+02
 6.724690087E-03 2.080281525E+02
 6.932952441E-03 2.080113983E+02
 7.147664204E-03 2.077403107E+02
 7.369025610E-03 2.071987152E+02
 7.597242948E-03 2.063698425E+02
 7.832527161E-03 2.052362061E+02
 8.075099438E-03 2.037796783E+02
 8.325182833E-03 2.019814301E+02
 8.583012037E-03 1.998220215E+02
 8.848825470E-03 1.972813568E+02
 9.122870862E-03 1.943387604E+02
 9.405404329E-03 1.909729919E+02
 9.696686640E-03 1.871623688E+02
 9.996990673E-03 1.828847961E+02
 1.030659489E-02 1.781179199E+02
 1.062578708E-02 1.728392792E+02
 1.095486525E-02 1.670264893E+02
 1.129413396E-02 1.606575470E+02
 1.164390985E-02 1.537111206E+02
 1.200451888E-02 1.461669617E+02
 1.237629540E-02 1.380065613E+02
 1.275958586E-02 1.292137604E+02
 1.315474603E-02 1.197757950E+02
 1.356214564E-02 1.096845551E+02
 1.398216095E-02 9.893849945E+01
 1.441518404E-02 8.754527283E+01
 1.486161817E-02 7.552604675E+01
 1.532187872E-02 6.292266846E+01
 1.579639316E-02 4.981180573E+01
 1.628560200E-02 3.633572388E+01
 1.678996161E-02 2.278493118E+01
 1.730994321E-02 9.994647980E+00
 1.784602553E-02 2.008381128E+00
 1.839871332E-02 6.367422342E-01
 1.896851510E-02 4.974664152E-01
 1.955596358E-02 4.794389606E-01
 2.016160637E-02 4.778375626E-01
 2.078600600E-02 4.790214002E-01
 2.142974176E-02 4.801669121E-01
 2.209341526E-02 4.808275402E-01
 2.277764119E-02 4.821106791E-01
 2.348305658E-02 4.825164080E-01
 2.421032079E-02 4.834371805E-01
 2.496010624E-02 4.844048023E-01
 2.573311329E-02 4.853284359E-01
 2.653006092E-02 4.861897528E-01
 2.735168859E-02 4.870019853E-01
 2.819876187E-02 4.877668023E-01
 2.907206863E-02 4.884856939E-01
 2.997242101E-02 4.891612232E-01
 3.090065904E-02 4.897961915E-01
 3.185764328E-02 4.903930426E-01
 3.284426406E-02 4.909540117E-01
 3.386143968E-02 4.914811552E-01
 3.491012007E-02 4.919765592E-01
 3.599127382E-02 4.924421310E-01
 3.710591421E-02 4.928796887E-01
 3.825507313E-02 4.932909310E-01
 3.943981975E-02 4.936774969E-01
 4.066125676E-02 4.940407872E-01
 4.192052409E-02 4.943822026E-01
 4.321879148E-02 4.947029352E-01
 4.455726221E-02 4.950042665E-01
 4.593718797E-02 4.952878356E-01
 4.735985026E-02 4.955550134E-01
 4.882656783E-02 4.958065450E-01
 5.033871159E-02 4.960430861E-01
 5.189768597E-02 4.962654114E-01
 5.350494012E-02 4.964744151E-01
 5.516197160E-02 4.966709614E-01
 5.687032267E-02 4.968558848E-01
 5.863158032E-02 4.970298707E-01
 6.044737995E-02 4.971936047E-01
 6.231941655E-02 4.973476827E-01
 6.424943358E-02 4.974926710E-01
 6.623921543E-02 4.976291656E-01
 6.829062104E-02 4.977576733E-01
 7.040556520E-02 4.978786409E-01
 7.258599997E-02 4.979925156E-01
 7.483396679E-02 4.980998039E-01
 7.715155184E-02 4.982008636E-01
 7.954090834E-02 4.982962012E-01
 8.200427145E-02 4.983860254E-01
 8.454391360E-02 4.984704256E-01
 8.716221154E-02 4.985500574E-01
 8.986160159E-02 4.986251891E-01
 9.264458716E-02 4.986959398E-01
 9.551376104E-02 4.987626076E-01
 9.847179055E-02 4.988254011E-01
 1.015214324E-01 4.988845885E-01
 1.046655178E-01 4.989404380E-01
 1.079069749E-01 4.989930987E-01
 1.112488210E-01 4.990428090E-01
 1.146941632E-01 4.990898073E-01
 1.182462052E-01 4.991343617E-01
 1.219082549E-01 4.991771281E-01
 1.256837100E-01 4.992197752E-01
 1.295761019E-01 4.992521703E-01
 1.335890293E-01 4.992852807E-01
 1.377262473E-01 4.993184209E-01
 1.419915855E-01 4.993499815E-01
 1.463890225E-01 4.993796647E-01
 1.509226412E-01 4.994075894E-01
 1.555966735E-01 4.994339347E-01
 1.604154557E-01 4.994587600E-01
 1.653834581E-01 4.994822145E-01
 1.705053449E-01 4.995043278E-01
 1.757858396E-01 4.995251894E-01
 1.812298745E-01 4.995448589E-01
 1.868425012E-01 4.995634258E-01
 1.926289499E-01 4.995808899E-01
 1.985946149E-01 4.995972216E-01
 2.047450244E-01 4.996124506E-01
 2.110859156E-01 4.996355772E-01
 2.176231891E-01 4.996456206E-01
 2.243629098E-01 4.996569455E-01
 2.313113511E-01 4.996688962E-01
 2.384749949E-01 4.996804893E-01
 2.458604872E-01 4.996915460E-01
 2.534747124E-01 4.997020960E-01
 2.613247335E-01 4.997121096E-01
 2.694178820E-01 4.997214675E-01
 2.777616680E-01 4.997302890E-01
 2.863638699E-01 4.997386932E-01
 2.952324748E-01 4.997467697E-01
 3.043757379E-01 4.997544885E-01
 3.138021529E-01 4.997618496E-01
 3.235205114E-01 4.997688532E-01
 3.335398436E-01 4.997755289E-01
 3.438694775E-01 4.997819066E-01
 3.545189798E-01 4.997880161E-01
 3.654983342E-01 4.997938573E-01
 3.768177032E-01 4.997994602E-01
 3.884876370E-01 4.998048246E-01
 4.005189836E-01 4.998099804E-01
 4.129229188E-01 4.998149574E-01
 4.257110059E-01 4.998197258E-01
 4.388951659E-01 4.998243451E-01
 4.524875879E-01 4.998287559E-01
 4.665009975E-01 4.998330176E-01
 4.809483886E-01 4.998371303E-01
 4.958432019E-01 4.998410940E-01
 5.111992955E-01 4.998449087E-01
 5.270310044E-01 4.998485446E-01
 5.433530211E-01 4.998522699E-01
 5.601804852E-01 4.998556376E-01
 5.775290728E-01 4.998588264E-01
 5.954149961E-01 4.998619556E-01
 6.138547659E-01 4.998649657E-01
 6.328656673E-01 4.998678267E-01
 6.524653435E-01 4.998705685E-01
 6.726719737E-01 4.998731911E-01
 6.935044527E-01 4.998756349E-01
 7.149820328E-01 4.998779893E-01
 7.371248007E-01 4.998802245E-01
 7.599533200E-01 4.998824298E-01
 7.834888697E-01 4.998847246E-01
 8.077532649E-01 4.998862743E-01
 8.327691555E-01 4.998958111E-01
 8.585597277E-01 4.999013543E-01
 8.851490617E-01 4.999020398E-01
 9.125618339E-01 4.999060035E-01
 9.408236146E-01 4.998944402E-01
 9.699606299E-01 4.998823404E-01
 1.000000000E+00 4.998569191E-01
