# Planar shear case, x=2.71623
VARIABLES = "X"
"Y"
"U Velocity"
zone, t="CFL3D"
 2.716229677E+00 0.000000000E+00 5.006043911E-01
 2.716229677E+00 3.411792452E-03 5.006043911E-01
 2.716229677E+00 6.878545973E-03 5.006044507E-01
 2.716229677E+00 1.038206182E-02 5.006045103E-01
 2.716229677E+00 1.390974317E-02 5.006046891E-01
 2.716229677E+00 1.745269448E-02 5.006048083E-01
 2.716229677E+00 2.100474574E-02 5.006050467E-01
 2.716229677E+00 2.456161939E-02 5.006052852E-01
 2.716229677E+00 2.812026069E-02 5.006055236E-01
 2.716229677E+00 3.167856485E-02 5.006058812E-01
 2.716229677E+00 3.523498029E-02 5.006062388E-01
 2.716229677E+00 3.878846765E-02 5.006066561E-01
 2.716229677E+00 4.233822227E-02 5.006070733E-01
 2.716229677E+00 4.588367790E-02 5.006075501E-01
 2.716229677E+00 4.942440987E-02 5.006080866E-01
 2.716229677E+00 5.296008661E-02 5.006086230E-01
 2.716229677E+00 5.649045855E-02 5.006092191E-01
 2.716229916E+00 6.001533195E-02 5.006098747E-01
 2.716229916E+00 6.353453547E-02 5.006105304E-01
 2.716229916E+00 6.704795361E-02 5.006112456E-01
 2.716229916E+00 7.055545598E-02 5.006120205E-01
 2.716229916E+00 7.405696809E-02 5.006127954E-01
 2.716229916E+00 7.755240798E-02 5.006136894E-01
 2.716229916E+00 8.104169369E-02 5.006145835E-01
 2.716229916E+00 8.452477306E-02 5.006155372E-01
 2.716229916E+00 8.800158650E-02 5.006165504E-01
 2.716229916E+00 9.147208184E-02 5.006176233E-01
 2.716229916E+00 9.493622929E-02 5.006187558E-01
 2.716229916E+00 9.839397669E-02 5.006198883E-01
 2.716229916E+00 1.018452868E-01 5.006211400E-01
 2.716229916E+00 1.052901372E-01 5.006223917E-01
 2.716229916E+00 1.087284833E-01 5.006237030E-01
 2.716229916E+00 1.121603027E-01 5.006251335E-01
 2.716229916E+00 1.155855730E-01 5.006265640E-01
 2.716229916E+00 1.190042794E-01 5.006280541E-01
 2.716229916E+00 1.224163845E-01 5.006296039E-01
 2.716229916E+00 1.258218735E-01 5.006312728E-01
 2.716229916E+00 1.292207539E-01 5.006329417E-01
 2.716229916E+00 1.326129735E-01 5.006347895E-01
 2.716229916E+00 1.359985322E-01 5.006366372E-01
 2.716229916E+00 1.393774301E-01 5.006385446E-01
 2.716229916E+00 1.427496225E-01 5.006405115E-01
 2.716229916E+00 1.461151540E-01 5.006425381E-01
 2.716229916E+00 1.494739652E-01 5.006446838E-01
 2.716229916E+00 1.528260559E-01 5.006468892E-01
 2.716230154E+00 1.561714411E-01 5.006492138E-01
 2.716230154E+00 1.595101058E-01 5.006515980E-01
 2.716230154E+00 1.628420204E-01 5.006540418E-01
 2.716230154E+00 1.661672145E-01 5.006566048E-01
 2.716230154E+00 1.694856733E-01 5.006592870E-01
 2.716230154E+00 1.727973819E-01 5.006620288E-01
 2.716230154E+00 1.761023551E-01 5.006648898E-01
 2.716230154E+00 1.794005781E-01 5.006678700E-01
 2.716230154E+00 1.826920360E-01 5.006709099E-01
 2.716230154E+00 1.859767735E-01 5.006740689E-01
 2.716230154E+00 1.892547458E-01 5.006773472E-01
 2.716230154E+00 1.925259829E-01 5.006808043E-01
 2.716230154E+00 1.957904696E-01 5.006843209E-01
 2.716230154E+00 1.990482062E-01 5.006879568E-01
 2.716230154E+00 2.022991925E-01 5.006917715E-01
 2.716230154E+00 2.055434436E-01 5.006956458E-01
 2.716230154E+00 2.087809592E-01 5.006997585E-01
 2.716230154E+00 2.120117396E-01 5.007039309E-01
 2.716230154E+00 2.152357846E-01 5.007083416E-01
 2.716230154E+00 2.184530944E-01 5.007129312E-01
 2.716230154E+00 2.216636837E-01 5.007176995E-01
 2.716230154E+00 2.248675525E-01 5.007227659E-01
 2.716230154E+00 2.280647010E-01 5.007279515E-01
 2.716230154E+00 2.312551439E-01 5.007324219E-01
 2.716230154E+00 2.344388664E-01 5.007331967E-01
 2.716230154E+00 2.376159132E-01 5.007235408E-01
 2.716230154E+00 2.407862544E-01 5.006928444E-01
 2.716230154E+00 2.439499050E-01 5.006285310E-01
 2.716230154E+00 2.471068799E-01 5.005190969E-01
 2.716230154E+00 2.502571642E-01 5.003569722E-01
 2.716230154E+00 2.534007728E-01 5.001376867E-01
 2.716230392E+00 2.565377653E-01 4.998595417E-01
 2.716230392E+00 2.596680522E-01 4.995219707E-01
 2.716230392E+00 2.627916932E-01 4.991246164E-01
 2.716230392E+00 2.659087181E-01 4.986672103E-01
 2.716230392E+00 2.690190971E-01 4.981494248E-01
 2.716230392E+00 2.721228600E-01 4.975707829E-01
 2.716230392E+00 2.752199769E-01 4.969309866E-01
 2.716230392E+00 2.783105373E-01 4.962295592E-01
 2.716230392E+00 2.813944221E-01 4.954661429E-01
 2.716230392E+00 2.844717503E-01 4.946404696E-01
 2.716230392E+00 2.875424922E-01 4.937523007E-01
 2.716230392E+00 2.906066477E-01 4.928015471E-01
 2.716230392E+00 2.936642468E-01 4.917880893E-01
 2.716230392E+00 2.967152894E-01 4.907119870E-01
 2.716230392E+00 2.997597754E-01 4.895733297E-01
 2.716230392E+00 3.027977049E-01 4.883723557E-01
 2.716230392E+00 3.058290780E-01 4.871093333E-01
 2.716230392E+00 3.088539839E-01 4.857846498E-01
 2.716230392E+00 3.118723333E-01 4.843987525E-01
 2.716230392E+00 3.148841858E-01 4.829522371E-01
 2.716230392E+00 3.178895414E-01 4.814457595E-01
 2.716230392E+00 3.208884299E-01 4.798800349E-01
 2.716230392E+00 3.238808215E-01 4.782559276E-01
 2.716230392E+00 3.268667459E-01 4.765742421E-01
 2.716230392E+00 3.298462331E-01 4.748361111E-01
 2.716230392E+00 3.328192532E-01 4.730425477E-01
 2.716230392E+00 3.357858360E-01 4.711946845E-01
 2.716230392E+00 3.387459815E-01 4.692937434E-01
 2.716230392E+00 3.416997194E-01 4.673410058E-01
 2.716230392E+00 3.446470797E-01 4.653378427E-01
 2.716230392E+00 3.475880027E-01 4.632856250E-01
 2.716230392E+00 3.505225778E-01 4.611858726E-01
 2.716230392E+00 3.534507453E-01 4.590399861E-01
 2.716230392E+00 3.563725650E-01 4.568496048E-01
 2.716230392E+00 3.592880070E-01 4.546162188E-01
 2.716230631E+00 3.621971309E-01 4.523415565E-01
 2.716230631E+00 3.650998771E-01 4.500272274E-01
 2.716230631E+00 3.679963648E-01 4.476748109E-01
 2.716230631E+00 3.708864748E-01 4.452861249E-01
 2.716230631E+00 3.737703264E-01 4.428628087E-01
 2.716230631E+00 3.766478896E-01 4.404065907E-01
 2.716230631E+00 3.795191646E-01 4.379191697E-01
 2.716230631E+00 3.823841512E-01 4.354023039E-01
 2.716230631E+00 3.852428794E-01 4.328576624E-01
 2.716230631E+00 3.880954087E-01 4.302870929E-01
 2.716230631E+00 3.909416497E-01 4.276921749E-01
 2.716230631E+00 3.937816918E-01 4.250746667E-01
 2.716230631E+00 3.966155052E-01 4.224362969E-01
 2.716230631E+00 3.994431198E-01 4.197787344E-01
 2.716230631E+00 4.022645354E-01 4.171036482E-01
 2.716230631E+00 4.050797820E-01 4.144126773E-01
 2.716230631E+00 4.078888297E-01 4.117181599E-01
 2.716230631E+00 4.106473625E-01 4.090431929E-01
 2.716230631E+00 4.133561850E-01 4.064002931E-01
 2.716230631E+00 4.160162508E-01 4.037907720E-01
 2.716230631E+00 4.186284244E-01 4.012157619E-01
 2.716230631E+00 4.211935997E-01 3.986761868E-01
 2.716230631E+00 4.237125516E-01 3.961730003E-01
 2.716230631E+00 4.261861444E-01 3.937068880E-01
 2.716230631E+00 4.286151528E-01 3.912784159E-01
 2.716230631E+00 4.310004115E-01 3.888881207E-01
 2.716230631E+00 4.333426952E-01 3.865363300E-01
 2.716230631E+00 4.356427789E-01 3.842233419E-01
 2.716230631E+00 4.379014373E-01 3.819493949E-01
 2.716230631E+00 4.401193559E-01 3.797145486E-01
 2.716230631E+00 4.422973394E-01 3.775188327E-01
 2.716230631E+00 4.444360435E-01 3.753622770E-01
 2.716230631E+00 4.465361834E-01 3.732447922E-01
 2.716230631E+00 4.485984445E-01 3.711661696E-01
 2.716230631E+00 4.506235421E-01 3.691262901E-01
 2.716230631E+00 4.526121318E-01 3.671248555E-01
 2.716230631E+00 4.545648396E-01 3.651616275E-01
 2.716230631E+00 4.564823210E-01 3.632362485E-01
 2.716230631E+00 4.583652318E-01 3.613484204E-01
 2.716230631E+00 4.602141380E-01 3.594976664E-01
 2.716230631E+00 4.620297253E-01 3.576836884E-01
 2.716230631E+00 4.638125002E-01 3.559059501E-01
 2.716230631E+00 4.655631483E-01 3.541640341E-01
 2.716230631E+00 4.672821760E-01 3.524575233E-01
 2.716230631E+00 4.689701498E-01 3.507858515E-01
 2.716230631E+00 4.706276953E-01 3.491485417E-01
 2.716230869E+00 4.722552896E-01 3.475450873E-01
 2.716230869E+00 4.738534689E-01 3.459749520E-01
 2.716230869E+00 4.754227996E-01 3.444376290E-01
 2.716230869E+00 4.769637883E-01 3.429325521E-01
 2.716230869E+00 4.784769118E-01 3.414592147E-01
 2.716230869E+00 4.799627364E-01 3.400170505E-01
 2.716230869E+00 4.814216793E-01 3.386054933E-01
 2.716230869E+00 4.828542769E-01 3.372240365E-01
 2.716230869E+00 4.842609465E-01 3.358721137E-01
 2.716230869E+00 4.856422246E-01 3.345491588E-01
 2.716230869E+00 4.869984984E-01 3.332546651E-01
 2.716230869E+00 4.883302748E-01 3.319880068E-01
 2.716230869E+00 4.896379411E-01 3.307487369E-01
 2.716230869E+00 4.909219742E-01 3.295362890E-01
 2.716230869E+00 4.921827614E-01 3.283501565E-01
 2.716230869E+00 4.934207499E-01 3.271897733E-01
 2.716230869E+00 4.946362972E-01 3.260546327E-01
 2.716230869E+00 4.958298802E-01 3.249441981E-01
 2.716230869E+00 4.970018268E-01 3.238580227E-01
 2.716230869E+00 4.981526136E-01 3.227955401E-01
 2.716230869E+00 4.992825091E-01 3.217562437E-01
 2.716230869E+00 5.003919601E-01 3.207397163E-01
 2.716230869E+00 5.014812946E-01 3.197454512E-01
 2.716230869E+00 5.025509000E-01 3.187729418E-01
 2.716230869E+00 5.036011338E-01 3.178217411E-01
 2.716230869E+00 5.046323538E-01 3.168914020E-01
 2.716230869E+00 5.056447983E-01 3.159814775E-01
 2.716230869E+00 5.066390038E-01 3.150914907E-01
 2.716230869E+00 5.076150894E-01 3.142210245E-01
 2.716230869E+00 5.085735321E-01 3.133696318E-01
 2.716230869E+00 5.095145702E-01 3.125369549E-01
 2.716230869E+00 5.104385018E-01 3.117225170E-01
 2.716230869E+00 5.113456845E-01 3.109259307E-01
 2.716230869E+00 5.122364163E-01 3.101468086E-01
 2.716230869E+00 5.131109357E-01 3.093847632E-01
 2.716230869E+00 5.139696002E-01 3.086394072E-01
 2.716230869E+00 5.148127079E-01 3.079103529E-01
 2.716230869E+00 5.156404376E-01 3.071973026E-01
 2.716230869E+00 5.164531469E-01 3.064998090E-01
 2.716230869E+00 5.172510743E-01 3.058175445E-01
 2.716230869E+00 5.180344582E-01 3.051502407E-01
 2.716230869E+00 5.188037157E-01 3.044974506E-01
 2.716230869E+00 5.195588470E-01 3.038589358E-01
 2.716230869E+00 5.203003287E-01 3.032342792E-01
 2.716230869E+00 5.210282803E-01 3.026232719E-01
 2.716230869E+00 5.217429996E-01 3.020255268E-01
 2.716230869E+00 5.224447250E-01 3.014407754E-01
 2.716230869E+00 5.231336355E-01 3.008687198E-01
 2.716230869E+00 5.238100290E-01 3.003091216E-01
 2.716230869E+00 5.244740844E-01 2.997615933E-01
 2.716230869E+00 5.251260400E-01 2.992259264E-01
 2.716230869E+00 5.257660747E-01 2.987018824E-01
 2.716230869E+00 5.263944864E-01 2.981890738E-01
 2.716230869E+00 5.270113945E-01 2.976874113E-01
 2.716230869E+00 5.276170969E-01 2.971965373E-01
 2.716230869E+00 5.282117128E-01 2.967162430E-01
 2.716230869E+00 5.287954807E-01 2.962462604E-01
 2.716230869E+00 5.293686390E-01 2.957863808E-01
 2.716230869E+00 5.299312472E-01 2.953363657E-01
 2.716230869E+00 5.304836035E-01 2.948959768E-01
 2.716230869E+00 5.310258865E-01 2.944650650E-01
 2.716230869E+00 5.315582752E-01 2.940433025E-01
 2.716230869E+00 5.320808887E-01 2.936305702E-01
 2.716230869E+00 5.325939655E-01 2.932266295E-01
 2.716230869E+00 5.330976248E-01 2.928313315E-01
 2.716230869E+00 5.335921049E-01 2.924444079E-01
 2.716230869E+00 5.340774655E-01 2.920657396E-01
 2.716230869E+00 5.345540047E-01 2.916950583E-01
 2.716230869E+00 5.350217819E-01 2.913322449E-01
 2.716230869E+00 5.354809761E-01 2.909771502E-01
 2.716230869E+00 5.359317660E-01 2.906295061E-01
 2.716230869E+00 5.363743305E-01 2.902892530E-01
 2.716230869E+00 5.368087292E-01 2.899561524E-01
 2.716230869E+00 5.372351408E-01 2.896300554E-01
 2.716230869E+00 5.376537442E-01 2.893108130E-01
 2.716230869E+00 5.380646586E-01 2.889983356E-01
 2.716230869E+00 5.384680033E-01 2.886923552E-01
 2.716230869E+00 5.388638973E-01 2.883928120E-01
 2.716230869E+00 5.392525792E-01 2.880995870E-01
 2.716230869E+00 5.396341085E-01 2.878124118E-01
 2.716230869E+00 5.400086045E-01 2.875312865E-01
 2.716230869E+00 5.403761864E-01 2.872560322E-01
 2.716230869E+00 5.407369733E-01 2.869864702E-01
 2.716230869E+00 5.410911441E-01 2.867225409E-01
 2.716230869E+00 5.414388180E-01 2.864641249E-01
 2.716230869E+00 5.417799950E-01 2.862110138E-01
 2.716230869E+00 5.421149731E-01 2.859632075E-01
 2.716230869E+00 5.424436927E-01 2.857205272E-01
 2.716230869E+00 5.427663326E-01 2.854828537E-01
 2.716230869E+00 5.430830717E-01 2.852500975E-01
 2.716230869E+00 5.433939099E-01 2.850221395E-01
 2.716230869E+00 5.436990261E-01 2.847989202E-01
 2.716230869E+00 5.439984202E-01 2.845802903E-01
 2.716230869E+00 5.442923903E-01 2.843661308E-01
 2.716230869E+00 5.445808172E-01 2.841564119E-01
 2.716230869E+00 5.448639393E-01 2.839509845E-01
 2.716230869E+00 5.451417565E-01 2.837498188E-01
 2.716230869E+00 5.454145074E-01 2.835527062E-01
 2.716230869E+00 5.456821322E-01 2.833596766E-01
 2.716230869E+00 5.459448099E-01 2.831696570E-01
 2.716230869E+00 5.462078452E-01 2.829789817E-01
 2.716230869E+00 5.464807153E-01 2.827832699E-01
 2.716230869E+00 5.467636585E-01 2.825807333E-01
 2.716230869E+00 5.470571518E-01 2.823711038E-01
 2.716230869E+00 5.473615527E-01 2.821542323E-01
 2.716230869E+00 5.476772189E-01 2.819297314E-01
 2.716230869E+00 5.480046868E-01 2.816975117E-01
 2.716230869E+00 5.483443141E-01 2.814572453E-01
 2.716230869E+00 5.486966372E-01 2.812086344E-01
 2.716230869E+00 5.490620732E-01 2.809514701E-01
 2.716230869E+00 5.494412184E-01 2.806855142E-01
 2.716230869E+00 5.498344898E-01 2.804104090E-01
 2.716230869E+00 5.502424836E-01 2.801259160E-01
 2.716230869E+00 5.506657958E-01 2.798317373E-01
 2.716230869E+00 5.511049032E-01 2.795276046E-01
 2.716230869E+00 5.515604615E-01 2.792132497E-01
 2.716230869E+00 5.520331264E-01 2.788882852E-01
 2.716230869E+00 5.525235534E-01 2.785524428E-01
 2.716230869E+00 5.530323386E-01 2.782054543E-01
 2.716230869E+00 5.535602570E-01 2.778469324E-01
 2.716230869E+00 5.541081429E-01 2.774766386E-01
 2.716230869E+00 5.546765327E-01 2.770941854E-01
 2.716230869E+00 5.552663207E-01 2.766993642E-01
 2.716230869E+00 5.558782816E-01 2.762917578E-01
 2.716230869E+00 5.565133095E-01 2.758711278E-01
 2.716230869E+00 5.571723580E-01 2.754370868E-01
 2.716230869E+00 5.578561425E-01 2.749893665E-01
 2.716230869E+00 5.585657954E-01 2.745276690E-01
 2.716230869E+00 5.593022704E-01 2.740516663E-01
 2.716230869E+00 5.600665212E-01 2.735611498E-01
 2.716230869E+00 5.608596206E-01 2.730557919E-01
 2.716230869E+00 5.616827011E-01 2.725353241E-01
 2.716230869E+00 5.625368953E-01 2.719994783E-01
 2.716230869E+00 5.634233952E-01 2.714481056E-01
 2.716230869E+00 5.643434525E-01 2.708809376E-01
 2.716230869E+00 5.652983189E-01 2.702978551E-01
 2.716230869E+00 5.662894249E-01 2.696986198E-01
 2.716230869E+00 5.673179626E-01 2.690831721E-01
 2.716230869E+00 5.683854818E-01 2.684514821E-01
 2.716230869E+00 5.694934726E-01 2.678034902E-01
 2.716230869E+00 5.706435442E-01 2.671391368E-01
 2.716230869E+00 5.718371272E-01 2.664586008E-01
 2.716230869E+00 5.730760694E-01 2.657620311E-01
 2.716230869E+00 5.743620396E-01 2.650495470E-01
 2.716230869E+00 5.756967068E-01 2.643215358E-01
 2.716230869E+00 5.770820975E-01 2.635783553E-01
 2.716230869E+00 5.785201192E-01 2.628204823E-01
 2.716231108E+00 5.800127983E-01 2.620485127E-01
 2.716231108E+00 5.815621018E-01 2.612631917E-01
 2.716231108E+00 5.831703544E-01 2.604654133E-01
 2.716231108E+00 5.848397017E-01 2.596561015E-01
 2.716231108E+00 5.865725279E-01 2.588365376E-01
 2.716231108E+00 5.883712769E-01 2.580080330E-01
 2.716231108E+00 5.902383327E-01 2.571722269E-01
 2.716231108E+00 5.921764970E-01 2.563309073E-01
 2.716231108E+00 5.941883922E-01 2.554861307E-01
 2.716231108E+00 5.962768197E-01 2.546401620E-01
 2.716231108E+00 5.984448195E-01 2.537957430E-01
 2.716231108E+00 6.006953120E-01 2.529557049E-01
 2.716231108E+00 6.030313969E-01 2.521234751E-01
 2.716231108E+00 6.054565310E-01 2.513025701E-01
 2.716231108E+00 6.079739928E-01 2.504971921E-01
 2.716231108E+00 6.105873585E-01 2.497117668E-01
 2.716231108E+00 6.133002639E-01 2.489512265E-01
 2.716231108E+00 6.161165237E-01 2.482210249E-01
 2.716231108E+00 6.190401316E-01 2.475270182E-01
 2.716231108E+00 6.220750809E-01 2.468755543E-01
 2.716231108E+00 6.252257824E-01 2.462735027E-01
 2.716231108E+00 6.284965873E-01 2.457280755E-01
 2.716231108E+00 6.318919659E-01 2.452469021E-01
 2.716231108E+00 6.354169250E-01 2.448379099E-01
 2.716231108E+00 6.390762329E-01 2.445091009E-01
 2.716231108E+00 6.428750157E-01 2.442684025E-01
 2.716231108E+00 6.468187571E-01 2.441234440E-01
 2.716231108E+00 6.509128809E-01 2.440811098E-01
 2.716231108E+00 6.551631093E-01 2.441471070E-01
 2.716231108E+00 6.595755219E-01 2.443254143E-01
 2.716231108E+00 6.641561985E-01 2.446178496E-01
 2.716231108E+00 6.689116955E-01 2.450234741E-01
 2.716231108E+00 6.738485098E-01 2.455379367E-01
 2.716231108E+00 6.789737344E-01 2.461533397E-01
 2.716231108E+00 6.842945218E-01 2.468576431E-01
 2.716231108E+00 6.898183227E-01 2.476348281E-01
 2.716231108E+00 6.955528855E-01 2.484648377E-01
 2.716231108E+00 7.015063167E-01 2.493242174E-01
 2.716231346E+00 7.076869011E-01 2.501868308E-01
 2.716231346E+00 7.141034007E-01 2.510248125E-01
 2.716231346E+00 7.207648158E-01 2.518092692E-01
 2.716231346E+00 7.276803851E-01 2.525113225E-01
 2.716231346E+00 7.348599434E-01 2.531026006E-01
 2.716231346E+00 7.423135042E-01 2.535578609E-01
 2.716231346E+00 7.500516176E-01 2.538626492E-01
 2.716231346E+00 7.580850720E-01 2.540259957E-01
 2.716231346E+00 7.664252520E-01 2.540867329E-01
 2.716231346E+00 7.750837207E-01 2.540965080E-01
 2.716231346E+00 7.840727568E-01 2.540922463E-01
 2.716231346E+00 7.934049964E-01 2.540872991E-01
 2.716231346E+00 8.030933738E-01 2.540831268E-01
 2.716231346E+00 8.131517172E-01 2.540792823E-01
 2.716231346E+00 8.235940933E-01 2.540758252E-01
 2.716231346E+00 8.344350457E-01 2.540727556E-01
 2.716231346E+00 8.456899524E-01 2.540700436E-01
 2.716231346E+00 8.573744893E-01 2.540677488E-01
 2.716231346E+00 8.695052862E-01 2.540657818E-01
 2.716231346E+00 8.820991516E-01 2.540642321E-01
 2.716231346E+00 8.951739073E-01 2.540629804E-01
 2.716231346E+00 9.087478518E-01 2.540621459E-01
 2.716231346E+00 9.228400588E-01 2.540616691E-01
 2.716231346E+00 9.374704361E-01 2.540614903E-01
 2.716231346E+00 9.526594281E-01 2.540616691E-01
 2.716231346E+00 9.684283733E-01 2.540621758E-01
 2.716231346E+00 9.847994447E-01 2.540630400E-01
 2.716231346E+00 1.001795650E+00 2.540641725E-01
 2.716231346E+00 1.019440889E+00 2.540655732E-01
 2.716231346E+00 1.037759900E+00 2.540672719E-01
 2.716231346E+00 1.056778431E+00 2.540692985E-01
 2.716231346E+00 1.076523185E+00 2.540715337E-01
 2.716231346E+00 1.097022176E+00 2.540740371E-01
 2.716231346E+00 1.118303776E+00 2.540767789E-01
 2.716231346E+00 1.140398145E+00 2.540797591E-01
 2.716231346E+00 1.163336158E+00 2.540829778E-01
 2.716231346E+00 1.187150240E+00 2.540863156E-01
 2.716231346E+00 1.211873770E+00 2.540899515E-01
 2.716231346E+00 1.237541556E+00 2.540937364E-01
 2.716231346E+00 1.264189363E+00 2.540977001E-01
 2.716231346E+00 1.291855216E+00 2.541018724E-01
 2.716231346E+00 1.320577383E+00 2.541061640E-01
 2.716231346E+00 1.350396514E+00 2.541105747E-01
 2.716231346E+00 1.381354809E+00 2.541151941E-01
 2.716231346E+00 1.413495183E+00 2.541199028E-01
 2.716231346E+00 1.446863294E+00 2.541247308E-01
 2.716231346E+00 1.481505871E+00 2.541296780E-01
 2.716231346E+00 1.517471552E+00 2.541346848E-01
 2.716231346E+00 1.554811001E+00 2.541397810E-01
 2.716231346E+00 1.593576789E+00 2.541449666E-01
 2.716231346E+00 1.633823276E+00 2.541502118E-01
 2.716231346E+00 1.675607085E+00 2.541554570E-01
 2.716231346E+00 1.718986988E+00 2.541607618E-01
 2.716231346E+00 1.764024019E+00 2.541660368E-01
 2.716231346E+00 1.810781598E+00 2.541712821E-01
 2.716231346E+00 1.859325409E+00 2.541765273E-01
 2.716231346E+00 1.909723759E+00 2.541817427E-01
 2.716231346E+00 1.962047577E+00 2.541868091E-01
 2.716231346E+00 2.016370535E+00 2.541918159E-01
 2.716231346E+00 2.072769165E+00 2.541967034E-01
 2.716231346E+00 2.131322622E+00 2.542014122E-01
 2.716231346E+00 2.192113161E+00 2.542059720E-01
 2.716231346E+00 2.255227089E+00 2.542103231E-01
 2.716231346E+00 2.320752382E+00 2.542144060E-01
 2.716231346E+00 2.388782024E+00 2.542182803E-01
 2.716231346E+00 2.459411383E+00 2.542218566E-01
 2.716231346E+00 2.532739878E+00 2.542251050E-01
 2.716231346E+00 2.608871460E+00 2.542279959E-01
 2.716231346E+00 2.687912703E+00 2.542305589E-01
 2.716231346E+00 2.769975185E+00 2.542326748E-01
 2.716231346E+00 2.855174780E+00 2.542344034E-01
 2.716231346E+00 2.943631172E+00 2.542356551E-01
 2.716231346E+00 3.035469055E+00 2.542364299E-01
 2.716231346E+00 3.130818367E+00 2.542367280E-01
 2.716231346E+00 3.229813099E+00 2.542364597E-01
 2.716231108E+00 3.332592964E+00 2.542356551E-01
 2.716231108E+00 3.439302921E+00 2.542343140E-01
 2.716231108E+00 3.550093174E+00 2.542324066E-01
 2.716231108E+00 3.665120602E+00 2.542298734E-01
 2.716231108E+00 3.784547091E+00 2.542267144E-01
 2.716230869E+00 3.908541203E+00 2.542229891E-01
 2.716230869E+00 4.037277699E+00 2.542186379E-01
 2.716230869E+00 4.170938015E+00 2.542136908E-01
 2.716230869E+00 4.309711456E+00 2.542081177E-01
 2.716230869E+00 4.453793526E+00 2.542018890E-01
 2.716230631E+00 4.603387356E+00 2.541951239E-01
 2.716230631E+00 4.758704185E+00 2.541877329E-01
 2.716230631E+00 4.919963837E+00 2.541797459E-01
 2.716230631E+00 5.087392807E+00 2.541711926E-01
 2.716230631E+00 5.261229038E+00 2.541620731E-01
 2.716230631E+00 5.441716671E+00 2.541523874E-01
 2.716230392E+00 5.629110336E+00 2.541422248E-01
 2.716230392E+00 5.823676109E+00 2.541315258E-01
 2.716230154E+00 6.025687218E+00 2.541204095E-01
 2.716230154E+00 6.235430241E+00 2.541087568E-01
 2.716229916E+00 6.453199863E+00 2.540967464E-01
 2.716229916E+00 6.679305077E+00 2.540842593E-01
 2.716229677E+00 6.914063931E+00 2.540714145E-01
 2.716229677E+00 7.157809734E+00 2.540582120E-01
 2.716229677E+00 7.410884857E+00 2.540447116E-01
 2.716229439E+00 7.673647881E+00 2.540308237E-01
 2.716229439E+00 7.946469784E+00 2.540167272E-01
 2.716229200E+00 8.229736328E+00 2.540023625E-01
 2.716229200E+00 8.523846626E+00 2.539877594E-01
 2.716229200E+00 8.829216957E+00 2.539729178E-01
 2.716228962E+00 9.146279335E+00 2.539579272E-01
 2.716228962E+00 9.475480080E+00 2.539427280E-01
 2.716228962E+00 9.817286491E+00 2.539274096E-01
 2.716228962E+00 1.017218018E+01 2.539119720E-01
 2.716229200E+00 1.054066372E+01 2.538964152E-01
 2.716229200E+00 1.092325687E+01 2.538807690E-01
 2.716229200E+00 1.132050037E+01 2.538650036E-01
 2.716229200E+00 1.173295593E+01 2.538492680E-01
 2.716229200E+00 1.216120815E+01 2.538334131E-01
 2.716229439E+00 1.260585976E+01 2.538174987E-01
 2.716229439E+00 1.306754208E+01 2.538015842E-01
 2.716229439E+00 1.354690647E+01 2.537856400E-01
 2.716229439E+00 1.404463196E+01 2.537696958E-01
 2.716229677E+00 1.456142235E+01 2.537537217E-01
 2.716229677E+00 1.509800816E+01 2.537377477E-01
 2.716229677E+00 1.565514946E+01 2.537217438E-01
 2.716229677E+00 1.623363495E+01 2.537057996E-01
 2.716229916E+00 1.683428192E+01 2.536898255E-01
 2.716229916E+00 1.745794296E+01 2.536738515E-01
 2.716230154E+00 1.810550117E+01 2.536579072E-01
 2.716230154E+00 1.877787399E+01 2.536419928E-01
 2.716230154E+00 1.947601509E+01 2.536260486E-01
 2.716230392E+00 2.020091248E+01 2.536101043E-01
 2.716230392E+00 2.095359802E+01 2.535942197E-01
 2.716230631E+00 2.173513412E+01 2.535783947E-01
 2.716230631E+00 2.254663658E+01 2.535625100E-01
 2.716230631E+00 2.338925552E+01 2.535467446E-01
 2.716230869E+00 2.426418877E+01 2.535309792E-01
 2.716230869E+00 2.517268181E+01 2.535152733E-01
 2.716230869E+00 2.611602402E+01 2.534995973E-01
 2.716231108E+00 2.709556580E+01 2.534840107E-01
 2.716231108E+00 2.811270142E+01 2.534684837E-01
 2.716231108E+00 2.916888046E+01 2.534530461E-01
 2.716231108E+00 3.026561356E+01 2.534377873E-01
 2.716231585E+00 3.140447044E+01 2.534225583E-01
 2.716232061E+00 3.258708572E+01 2.534074783E-01
 2.716232300E+00 3.381514740E+01 2.533925474E-01
 2.716232777E+00 3.509042358E+01 2.533777356E-01
 2.716233015E+00 3.641474915E+01 2.533631623E-01
 2.716233492E+00 3.779003525E+01 2.533487380E-01
 2.716233730E+00 3.921826553E+01 2.533345520E-01
 2.716234207E+00 4.070150757E+01 2.533205748E-01
 2.716234446E+00 4.224191284E+01 2.533068657E-01
 2.716234684E+00 4.384171677E+01 2.532933950E-01
 2.716234922E+00 4.550325775E+01 2.532802224E-01
 2.716235161E+00 4.722896194E+01 2.532673478E-01
 2.716235399E+00 4.902136230E+01 2.532548010E-01
 2.716235638E+00 5.088308334E+01 2.532425821E-01
 2.716235876E+00 5.281689072E+01 2.532307506E-01
 2.716235876E+00 5.482563782E+01 2.532193065E-01
 2.716236353E+00 5.691231155E+01 2.532082498E-01
 2.716236591E+00 5.908002472E+01 2.531976402E-01
 2.716236830E+00 6.133202362E+01 2.531874776E-01
 2.716236830E+00 6.367167664E+01 2.531777918E-01
 2.716236830E+00 6.610251617E+01 2.531686425E-01
 2.716236830E+00 6.862819672E+01 2.531599998E-01
 2.716236591E+00 7.125254822E+01 2.531518936E-01
 2.716236353E+00 7.397951508E+01 2.531444430E-01
 2.716235876E+00 7.681324005E+01 2.531376183E-01
 2.716234922E+00 7.975795746E+01 2.531314790E-01
 2.716233969E+00 8.281801605E+01 2.531260848E-01
 2.716233015E+00 8.599782562E+01 2.531214952E-01
 2.716231585E+00 8.930176544E+01 2.531177700E-01
 2.716230154E+00 9.273433685E+01 2.531149983E-01
 2.716229200E+00 9.629930115E+01 2.531131804E-01
 2.716229677E+00 1.000000000E+02 2.531125844E-01
zone, t="FUN3D"
    0.271623000E+01    0.000000000E+00    0.500498156E+00
    0.271623000E+01    0.341179236E-02    0.500498151E+00
    0.271623000E+01    0.687854589E-02    0.500498134E+00
    0.271623000E+01    0.103820614E-01    0.500498106E+00
    0.271623000E+01    0.139097433E-01    0.500498066E+00
    0.271623000E+01    0.174526939E-01    0.500498014E+00
    0.271623000E+01    0.210047452E-01    0.500497950E+00
    0.271623000E+01    0.245616199E-01    0.500497874E+00
    0.271623000E+01    0.281202605E-01    0.500497787E+00
    0.271623000E+01    0.316785634E-01    0.500497688E+00
    0.271623000E+01    0.352349811E-01    0.500497577E+00
    0.271623000E+01    0.387884666E-01    0.500497454E+00
    0.271623000E+01    0.423382227E-01    0.500497320E+00
    0.271623000E+01    0.458836794E-01    0.500497174E+00
    0.271623000E+01    0.494244101E-01    0.500497017E+00
    0.271623000E+01    0.529600870E-01    0.500496849E+00
    0.271623000E+01    0.564904605E-01    0.500496670E+00
    0.271623000E+01    0.600153316E-01    0.500496479E+00
    0.271623000E+01    0.635345385E-01    0.500496278E+00
    0.271623000E+01    0.670479535E-01    0.500496065E+00
    0.271623000E+01    0.705554584E-01    0.500495842E+00
    0.271623000E+01    0.740569706E-01    0.500495608E+00
    0.271623000E+01    0.775524074E-01    0.500495364E+00
    0.271623000E+01    0.810416947E-01    0.500495110E+00
    0.271623000E+01    0.845247771E-01    0.500494845E+00
    0.271623000E+01    0.880015879E-01    0.500494571E+00
    0.271623000E+01    0.914720855E-01    0.500494287E+00
    0.271623000E+01    0.949362288E-01    0.500493993E+00
    0.271623000E+01    0.983939773E-01    0.500493690E+00
    0.271623000E+01    0.101845290E+00    0.500493378E+00
    0.271623000E+01    0.105290134E+00    0.500493057E+00
    0.271623000E+01    0.108728482E+00    0.500492727E+00
    0.271623000E+01    0.112160299E+00    0.500492390E+00
    0.271623000E+01    0.115585572E+00    0.500492044E+00
    0.271623000E+01    0.119004278E+00    0.500491691E+00
    0.271623000E+01    0.122416383E+00    0.500491331E+00
    0.271623000E+01    0.125821877E+00    0.500490964E+00
    0.271623000E+01    0.129220747E+00    0.500490591E+00
    0.271623000E+01    0.132612969E+00    0.500490212E+00
    0.271623000E+01    0.135998533E+00    0.500489828E+00
    0.271623000E+01    0.139377426E+00    0.500489439E+00
    0.271623000E+01    0.141412232E+00    0.500489201E+00
    0.271623000E+01    0.142749625E+00    0.500489045E+00
    0.271623000E+01    0.146115151E+00    0.500488649E+00
    0.271623000E+01    0.149473959E+00    0.500488249E+00
    0.271623000E+01    0.152826058E+00    0.500487847E+00
    0.271623000E+01    0.156171436E+00    0.500487444E+00
    0.271623000E+01    0.159510103E+00    0.500487041E+00
    0.271623000E+01    0.162842018E+00    0.500486638E+00
    0.271623000E+01    0.166167209E+00    0.500486236E+00
    0.271623000E+01    0.169485669E+00    0.500485837E+00
    0.271623000E+01    0.172797379E+00    0.500485440E+00
    0.271623000E+01    0.176102348E+00    0.500485049E+00
    0.271623000E+01    0.179400576E+00    0.500484663E+00
    0.271623000E+01    0.182692041E+00    0.500484285E+00
    0.271623000E+01    0.185976776E+00    0.500483915E+00
    0.271623000E+01    0.189254746E+00    0.500483555E+00
    0.271623000E+01    0.192525983E+00    0.500483206E+00
    0.271623000E+01    0.195790468E+00    0.500482870E+00
    0.271623000E+01    0.199048205E+00    0.500482550E+00
    0.271623000E+01    0.202299191E+00    0.500482246E+00
    0.271623000E+01    0.205543446E+00    0.500481961E+00
    0.271623000E+01    0.208780953E+00    0.500481697E+00
    0.271623000E+01    0.212011732E+00    0.500481456E+00
    0.271623000E+01    0.215235783E+00    0.500481241E+00
    0.271623000E+01    0.218453096E+00    0.500481056E+00
    0.271623000E+01    0.221663686E+00    0.500480909E+00
    0.271623000E+01    0.224867545E+00    0.500480802E+00
    0.271623000E+01    0.228064705E+00    0.500480605E+00
    0.271623000E+01    0.231255140E+00    0.500479501E+00
    0.271623000E+01    0.234438870E+00    0.500474592E+00
    0.271623000E+01    0.237615916E+00    0.500459026E+00
    0.271623000E+01    0.240786251E+00    0.500421526E+00
    0.271623000E+01    0.243949896E+00    0.500348841E+00
    0.271623000E+01    0.247106872E+00    0.500229573E+00
    0.271623000E+01    0.250257171E+00    0.500056339E+00
    0.271623000E+01    0.253400780E+00    0.499825423E+00
    0.271623000E+01    0.256537755E+00    0.499535304E+00
    0.271623000E+01    0.259668054E+00    0.499185400E+00
    0.271623000E+01    0.262791700E+00    0.498775356E+00
    0.271623000E+01    0.265908715E+00    0.498304782E+00
    0.271623000E+01    0.269019092E+00    0.497773212E+00
    0.271623000E+01    0.272122852E+00    0.497180125E+00
    0.271623000E+01    0.275219987E+00    0.496524999E+00
    0.271623000E+01    0.278310522E+00    0.495807338E+00
    0.271623000E+01    0.281394415E+00    0.495026717E+00
    0.271623000E+01    0.284471756E+00    0.494182755E+00
    0.271623000E+01    0.287542504E+00    0.493275188E+00
    0.271623000E+01    0.290606651E+00    0.492303838E+00
    0.271623000E+01    0.293664254E+00    0.491268598E+00
    0.271623000E+01    0.296715274E+00    0.490169494E+00
    0.271623000E+01    0.299759768E+00    0.489006618E+00
    0.271623000E+01    0.302797696E+00    0.487780200E+00
    0.271623000E+01    0.305829084E+00    0.486490545E+00
    0.271623000E+01    0.308853988E+00    0.485138049E+00
    0.271623000E+01    0.311872340E+00    0.483723263E+00
    0.271623000E+01    0.314884194E+00    0.482246785E+00
    0.271623000E+01    0.317889547E+00    0.480709340E+00
    0.271623000E+01    0.320888423E+00    0.479111735E+00
    0.271623000E+01    0.323880817E+00    0.477454885E+00
    0.271623000E+01    0.326866755E+00    0.475739783E+00
    0.271623000E+01    0.329846231E+00    0.473967522E+00
    0.271623000E+01    0.332819239E+00    0.472139282E+00
    0.271623000E+01    0.335785838E+00    0.470256278E+00
    0.271623000E+01    0.338745991E+00    0.468319861E+00
    0.271623000E+01    0.341699724E+00    0.466331404E+00
    0.271623000E+01    0.344647063E+00    0.464292346E+00
    0.271623000E+01    0.347588005E+00    0.462204198E+00
    0.271623000E+01    0.350522575E+00    0.460068503E+00
    0.271623000E+01    0.353450738E+00    0.457886894E+00
    0.271623000E+01    0.356372551E+00    0.455660975E+00
    0.271623000E+01    0.359288010E+00    0.453392427E+00
    0.271623000E+01    0.362197111E+00    0.451082964E+00
    0.271623000E+01    0.365099880E+00    0.448734297E+00
    0.271623000E+01    0.367996346E+00    0.446348157E+00
    0.271623000E+01    0.370886472E+00    0.443926338E+00
    0.271623000E+01    0.373770318E+00    0.441470569E+00
    0.271623000E+01    0.376647880E+00    0.438982635E+00
    0.271623000E+01    0.379519153E+00    0.436464326E+00
    0.271623000E+01    0.382384134E+00    0.433917428E+00
    0.271623000E+01    0.385242881E+00    0.431343671E+00
    0.271623000E+01    0.388095393E+00    0.428744826E+00
    0.271623000E+01    0.390941630E+00    0.426122692E+00
    0.271623000E+01    0.393781689E+00    0.423478929E+00
    0.271623000E+01    0.396615498E+00    0.420815337E+00
    0.271623000E+01    0.399443119E+00    0.418133574E+00
    0.271623000E+01    0.402264513E+00    0.415435375E+00
    0.271623000E+01    0.405079777E+00    0.412722324E+00
    0.271623000E+01    0.407888835E+00    0.409996148E+00
    0.271623000E+01    0.410647348E+00    0.407301930E+00
    0.271623000E+01    0.413356186E+00    0.404641132E+00
    0.271623000E+01    0.416016244E+00    0.402015002E+00
    0.271623000E+01    0.418628423E+00    0.399424600E+00
    0.271623000E+01    0.421193588E+00    0.396870856E+00
    0.271623000E+01    0.423712544E+00    0.394354600E+00
    0.271623000E+01    0.426186126E+00    0.391876493E+00
    0.271623000E+01    0.428615142E+00    0.389437081E+00
    0.271623000E+01    0.431000394E+00    0.387036794E+00
    0.271623000E+01    0.433342692E+00    0.384675936E+00
    0.271623000E+01    0.435642775E+00    0.382354774E+00
    0.271623000E+01    0.437901425E+00    0.380073433E+00
    0.271623000E+01    0.440119348E+00    0.377832019E+00
    0.271623000E+01    0.442297326E+00    0.375630479E+00
    0.271623000E+01    0.444436034E+00    0.373468786E+00
    0.271623000E+01    0.446536159E+00    0.371346830E+00
    0.271623000E+01    0.448598442E+00    0.369264380E+00
    0.271623000E+01    0.450623538E+00    0.367221227E+00
    0.271623000E+01    0.452612125E+00    0.365217085E+00
    0.271623000E+01    0.454564827E+00    0.363251668E+00
    0.271623000E+01    0.456482325E+00    0.361324589E+00
    0.271623000E+01    0.458365209E+00    0.359435503E+00
    0.271623000E+01    0.460214128E+00    0.357583971E+00
    0.271623000E+01    0.462029710E+00    0.355769536E+00
    0.271623000E+01    0.463812503E+00    0.353991789E+00
    0.271623000E+01    0.465563135E+00    0.352250209E+00
    0.271623000E+01    0.467282157E+00    0.350544327E+00
    0.271623000E+01    0.468970135E+00    0.348873634E+00
    0.271623000E+01    0.470627685E+00    0.347237548E+00
    0.271623000E+01    0.472255273E+00    0.345635613E+00
    0.271623000E+01    0.473853453E+00    0.344067274E+00
    0.271623000E+01    0.475422791E+00    0.342531942E+00
    0.271623000E+01    0.476963774E+00    0.341029095E+00
    0.271623000E+01    0.478476905E+00    0.339558181E+00
    0.271623000E+01    0.479962736E+00    0.338118589E+00
    0.271623000E+01    0.481421674E+00    0.336709838E+00
    0.271623000E+01    0.482854274E+00    0.335331298E+00
    0.271623000E+01    0.484260942E+00    0.333982471E+00
    0.271623000E+01    0.485642199E+00    0.332662744E+00
    0.271623000E+01    0.486998488E+00    0.331371575E+00
    0.271623000E+01    0.488330264E+00    0.330108403E+00
    0.271623000E+01    0.489637936E+00    0.328872709E+00
    0.271623000E+01    0.490921962E+00    0.327663924E+00
    0.271623000E+01    0.492182752E+00    0.326481521E+00
    0.271623000E+01    0.493420731E+00    0.325324959E+00
    0.271623000E+01    0.494636276E+00    0.324193739E+00
    0.271623000E+01    0.495829879E+00    0.323087255E+00
    0.271623000E+01    0.497001820E+00    0.322005099E+00
    0.271623000E+01    0.498152589E+00    0.320946666E+00
    0.271623000E+01    0.499282501E+00    0.319911517E+00
    0.271623000E+01    0.500391949E+00    0.318899139E+00
    0.271623000E+01    0.501481281E+00    0.317909064E+00
    0.271623000E+01    0.502550890E+00    0.316940782E+00
    0.271623000E+01    0.503601126E+00    0.315993827E+00
    0.271623000E+01    0.504632315E+00    0.315067754E+00
    0.271623000E+01    0.505644808E+00    0.314162101E+00
    0.271623000E+01    0.506638966E+00    0.313276396E+00
    0.271623000E+01    0.507615072E+00    0.312410242E+00
    0.271623000E+01    0.508573489E+00    0.311563173E+00
    0.271623000E+01    0.509514533E+00    0.310734767E+00
    0.271623000E+01    0.510438470E+00    0.309924650E+00
    0.271623000E+01    0.511345681E+00    0.309132348E+00
    0.271623000E+01    0.512236398E+00    0.308357525E+00
    0.271623000E+01    0.513110940E+00    0.307599767E+00
    0.271623000E+01    0.513969603E+00    0.306858687E+00
    0.271623000E+01    0.514812673E+00    0.306133908E+00
    0.271623000E+01    0.515640414E+00    0.305425077E+00
    0.271623000E+01    0.516453115E+00    0.304731822E+00
    0.271623000E+01    0.517251071E+00    0.304053769E+00
    0.271623000E+01    0.518034472E+00    0.303390637E+00
    0.271623000E+01    0.518803681E+00    0.302742002E+00
    0.271623000E+01    0.519558856E+00    0.302107617E+00
    0.271623000E+01    0.520300325E+00    0.301487092E+00
    0.271623000E+01    0.521028280E+00    0.300880160E+00
    0.271623000E+01    0.521742985E+00    0.300286492E+00
    0.271623000E+01    0.522444697E+00    0.299705772E+00
    0.271623000E+01    0.523133615E+00    0.299137731E+00
    0.271623000E+01    0.523809996E+00    0.298582060E+00
    0.271623000E+01    0.524474039E+00    0.298038498E+00
    0.271623000E+01    0.525126001E+00    0.297506738E+00
    0.271623000E+01    0.525766049E+00    0.296986555E+00
    0.271623000E+01    0.526394473E+00    0.296477622E+00
    0.271623000E+01    0.527011406E+00    0.295979743E+00
    0.271623000E+01    0.527617075E+00    0.295492651E+00
    0.271623000E+01    0.528211711E+00    0.295016076E+00
    0.271623000E+01    0.528795475E+00    0.294549811E+00
    0.271623000E+01    0.529368598E+00    0.294093589E+00
    0.271623000E+01    0.529931242E+00    0.293647209E+00
    0.271623000E+01    0.530483604E+00    0.293210437E+00
    0.271623000E+01    0.531025880E+00    0.292783049E+00
    0.271623000E+01    0.531558235E+00    0.292364843E+00
    0.271623000E+01    0.532080863E+00    0.291955598E+00
    0.271623000E+01    0.532593931E+00    0.291555119E+00
    0.271623000E+01    0.533097600E+00    0.291163215E+00
    0.271623000E+01    0.533592069E+00    0.290779668E+00
    0.271623000E+01    0.534077467E+00    0.290404319E+00
    0.271623000E+01    0.534553994E+00    0.290036954E+00
    0.271623000E+01    0.535021777E+00    0.289677418E+00
    0.271623000E+01    0.535480985E+00    0.289325526E+00
    0.271623000E+01    0.535931778E+00    0.288981101E+00
    0.271623000E+01    0.536374290E+00    0.288643989E+00
    0.271623000E+01    0.536808684E+00    0.288314014E+00
    0.271623000E+01    0.537235128E+00    0.287991003E+00
    0.271623000E+01    0.537653716E+00    0.287674834E+00
    0.271623000E+01    0.538064616E+00    0.287365335E+00
    0.271623000E+01    0.538467991E+00    0.287062339E+00
    0.271623000E+01    0.538863909E+00    0.286765752E+00
    0.271623000E+01    0.539252565E+00    0.286475385E+00
    0.271623000E+01    0.539634094E+00    0.286191098E+00
    0.271623000E+01    0.540008560E+00    0.285912803E+00
    0.271623000E+01    0.540376162E+00    0.285640314E+00
    0.271623000E+01    0.540736965E+00    0.285373546E+00
    0.271623000E+01    0.541091135E+00    0.285112341E+00
    0.271623000E+01    0.541438771E+00    0.284856592E+00
    0.271623000E+01    0.541780005E+00    0.284606167E+00
    0.271623000E+01    0.542114936E+00    0.284360962E+00
    0.271623000E+01    0.542443665E+00    0.284120872E+00
    0.271623000E+01    0.542766321E+00    0.283885771E+00
    0.271623000E+01    0.543083040E+00    0.283655532E+00
    0.271623000E+01    0.543393886E+00    0.283430079E+00
    0.271623000E+01    0.543698994E+00    0.283209289E+00
    0.271623000E+01    0.543998427E+00    0.282993087E+00
    0.271623000E+01    0.544292353E+00    0.282781327E+00
    0.271623000E+01    0.544580804E+00    0.282573962E+00
    0.271623000E+01    0.544863915E+00    0.282370870E+00
    0.271623000E+01    0.545141749E+00    0.282171982E+00
    0.271623000E+01    0.545414475E+00    0.281977156E+00
    0.271623000E+01    0.545682092E+00    0.281786371E+00
    0.271623000E+01    0.545944766E+00    0.281599486E+00
    0.271623000E+01    0.546207830E+00    0.281412698E+00
    0.271623000E+01    0.546480691E+00    0.281219352E+00
    0.271623000E+01    0.546763661E+00    0.281019272E+00
    0.271623000E+01    0.547057119E+00    0.280812238E+00
    0.271623000E+01    0.547361507E+00    0.280597990E+00
    0.271623000E+01    0.547677202E+00    0.280376321E+00
    0.271623000E+01    0.548004647E+00    0.280146982E+00
    0.271623000E+01    0.548344281E+00    0.279909731E+00
    0.271623000E+01    0.548696610E+00    0.279664286E+00
    0.271623000E+01    0.549062073E+00    0.279410419E+00
    0.271623000E+01    0.549441174E+00    0.279147864E+00
    0.271623000E+01    0.549834480E+00    0.278876320E+00
    0.271623000E+01    0.550242493E+00    0.278595537E+00
    0.271623000E+01    0.550665779E+00    0.278305232E+00
    0.271623000E+01    0.551104902E+00    0.278005133E+00
    0.271623000E+01    0.551560428E+00    0.277694977E+00
    0.271623000E+01    0.552033113E+00    0.277374383E+00
    0.271623000E+01    0.552523520E+00    0.277043115E+00
    0.271623000E+01    0.553032339E+00    0.276700863E+00
    0.271623000E+01    0.553560261E+00    0.276347333E+00
    0.271623000E+01    0.554108101E+00    0.275982163E+00
    0.271623000E+01    0.554676485E+00    0.275605135E+00
    0.271623000E+01    0.555266291E+00    0.275215883E+00
    0.271623000E+01    0.555878269E+00    0.274814144E+00
    0.271623000E+01    0.556513298E+00    0.274399595E+00
    0.271623000E+01    0.557172317E+00    0.273971897E+00
    0.271623000E+01    0.557856137E+00    0.273530820E+00
    0.271623000E+01    0.558565761E+00    0.273076040E+00
    0.271623000E+01    0.559302253E+00    0.272607225E+00
    0.271623000E+01    0.560066486E+00    0.272124197E+00
    0.271623000E+01    0.560859585E+00    0.271626654E+00
    0.271623000E+01    0.561682675E+00    0.271114336E+00
    0.271623000E+01    0.562536880E+00    0.270587028E+00
    0.271623000E+01    0.563423386E+00    0.270044519E+00
    0.271623000E+01    0.564343442E+00    0.269486615E+00
    0.271623000E+01    0.565298294E+00    0.268913176E+00
    0.271623000E+01    0.566289378E+00    0.268324010E+00
    0.271623000E+01    0.567317939E+00    0.267719105E+00
    0.271623000E+01    0.568385474E+00    0.267098370E+00
    0.271623000E+01    0.569493478E+00    0.266461793E+00
    0.271623000E+01    0.570643508E+00    0.265809411E+00
    0.271623000E+01    0.571837119E+00    0.265141356E+00
    0.271623000E+01    0.573076054E+00    0.264457750E+00
    0.271623000E+01    0.574361994E+00    0.263758864E+00
    0.271623000E+01    0.575696677E+00    0.263045050E+00
    0.271623000E+01    0.577082096E+00    0.262316656E+00
    0.271623000E+01    0.578520112E+00    0.261574237E+00
    0.271623000E+01    0.580012777E+00    0.260818405E+00
    0.271623000E+01    0.581562075E+00    0.260049968E+00
    0.271623000E+01    0.583170306E+00    0.259269757E+00
    0.271623000E+01    0.584839703E+00    0.258478833E+00
    0.271623000E+01    0.586572497E+00    0.257678470E+00
    0.271623000E+01    0.588371232E+00    0.256870023E+00
    0.271623000E+01    0.590238324E+00    0.256055156E+00
    0.271623000E+01    0.592176500E+00    0.255235667E+00
    0.271623000E+01    0.594188360E+00    0.254413698E+00
    0.271623000E+01    0.596276814E+00    0.253591577E+00
    0.271623000E+01    0.598444771E+00    0.252771972E+00
    0.271623000E+01    0.600695262E+00    0.251957868E+00
    0.271623000E+01    0.603031378E+00    0.251152614E+00
    0.271623000E+01    0.605456520E+00    0.250359863E+00
    0.271623000E+01    0.607973962E+00    0.249583750E+00
    0.271623000E+01    0.610587347E+00    0.248828751E+00
    0.271623000E+01    0.613300258E+00    0.248099843E+00
    0.271623000E+01    0.616116519E+00    0.247402424E+00
    0.271623000E+01    0.619040080E+00    0.246742361E+00
    0.271623000E+01    0.622075072E+00    0.246125973E+00
    0.271623000E+01    0.625225749E+00    0.245560028E+00
    0.271623000E+01    0.628496545E+00    0.245051697E+00
    0.271623000E+01    0.631891957E+00    0.244608495E+00
    0.271623000E+01    0.635416910E+00    0.244238141E+00
    0.271623000E+01    0.639076205E+00    0.243948470E+00
    0.271623000E+01    0.642875005E+00    0.243747164E+00
    0.271623000E+01    0.646818725E+00    0.243641496E+00
    0.271623000E+01    0.650912832E+00    0.243637961E+00
    0.271623000E+01    0.655163101E+00    0.243741815E+00
    0.271623000E+01    0.659575488E+00    0.243956568E+00
    0.271623000E+01    0.664156194E+00    0.244283485E+00
    0.271623000E+01    0.668911657E+00    0.244721068E+00
    0.271623000E+01    0.673848504E+00    0.245264559E+00
    0.271623000E+01    0.678973719E+00    0.245905553E+00
    0.271623000E+01    0.684294475E+00    0.246631703E+00
    0.271623000E+01    0.689818303E+00    0.247426679E+00
    0.271623000E+01    0.695552856E+00    0.248270331E+00
    0.271623000E+01    0.701506272E+00    0.249139247E+00
    0.271623000E+01    0.707686872E+00    0.250007481E+00
    0.271623000E+01    0.714103396E+00    0.250847537E+00
    0.271623000E+01    0.720764769E+00    0.251631253E+00
    0.271623000E+01    0.727680335E+00    0.252330520E+00
    0.271623000E+01    0.734859928E+00    0.252917889E+00
    0.271623000E+01    0.742313493E+00    0.253368539E+00
    0.271623000E+01    0.750051589E+00    0.253667437E+00
    0.271623000E+01    0.758085068E+00    0.253823554E+00
    0.271623000E+01    0.766425210E+00    0.253878994E+00
    0.271623000E+01    0.775083711E+00    0.253890275E+00
    0.271623000E+01    0.784072755E+00    0.253893850E+00
    0.271623000E+01    0.793404941E+00    0.253898716E+00
    0.271623000E+01    0.803093358E+00    0.253903977E+00
    0.271623000E+01    0.813151689E+00    0.253909319E+00
    0.271623000E+01    0.823594044E+00    0.253914928E+00
    0.271623000E+01    0.834435007E+00    0.253920763E+00
    0.271623000E+01    0.845689891E+00    0.253926771E+00
    0.271623000E+01    0.857374483E+00    0.253932926E+00
    0.271623000E+01    0.869505237E+00    0.253939197E+00
    0.271623000E+01    0.882099139E+00    0.253945549E+00
    0.271623000E+01    0.895173842E+00    0.253951955E+00
    0.271623000E+01    0.908747835E+00    0.253958390E+00
    0.271623000E+01    0.922840029E+00    0.253964831E+00
    0.271623000E+01    0.937470411E+00    0.253971261E+00
    0.271623000E+01    0.952659391E+00    0.253977664E+00
    0.271623000E+01    0.968428331E+00    0.253984032E+00
    0.271623000E+01    0.984799378E+00    0.253990356E+00
    0.271623000E+01    0.100179563E+01    0.253996632E+00
    0.271623000E+01    0.101944085E+01    0.254002860E+00
    0.271623000E+01    0.103775987E+01    0.254009042E+00
    0.271623000E+01    0.105677843E+01    0.254015180E+00
    0.271623000E+01    0.107652320E+01    0.254021281E+00
    0.271623000E+01    0.109702209E+01    0.254027352E+00
    0.271623000E+01    0.111830373E+01    0.254033399E+00
    0.271623000E+01    0.114039805E+01    0.254039433E+00
    0.271623000E+01    0.116333615E+01    0.254045460E+00
    0.271623000E+01    0.118715020E+01    0.254051489E+00
    0.271623000E+01    0.121187371E+01    0.254057529E+00
    0.271623000E+01    0.123754146E+01    0.254063586E+00
    0.271623000E+01    0.126418934E+01    0.254069665E+00
    0.271623000E+01    0.129185513E+01    0.254075774E+00
    0.271623000E+01    0.132057731E+01    0.254081915E+00
    0.271623000E+01    0.135039653E+01    0.254088090E+00
    0.271623000E+01    0.138135473E+01    0.254094302E+00
    0.271623000E+01    0.141349517E+01    0.254100550E+00
    0.271623000E+01    0.144686326E+01    0.254106831E+00
    0.271623000E+01    0.148150581E+01    0.254113142E+00
    0.271623000E+01    0.151747155E+01    0.254119480E+00
    0.271623000E+01    0.155481100E+01    0.254125836E+00
    0.271623000E+01    0.159357669E+01    0.254132204E+00
    0.271623000E+01    0.163382317E+01    0.254138572E+00
    0.271623000E+01    0.167560701E+01    0.254144931E+00
    0.271623000E+01    0.171898693E+01    0.254151266E+00
    0.271623000E+01    0.176402400E+01    0.254157564E+00
    0.271623000E+01    0.181078159E+01    0.254163809E+00
    0.271623000E+01    0.185932539E+01    0.254169982E+00
    0.271623000E+01    0.190972373E+01    0.254176064E+00
    0.271623000E+01    0.196204756E+01    0.254182035E+00
    0.271623000E+01    0.201637055E+01    0.254187871E+00
    0.271623000E+01    0.207276908E+01    0.254193551E+00
    0.271623000E+01    0.213132251E+01    0.254199047E+00
    0.271623000E+01    0.219211317E+01    0.254204335E+00
    0.271623000E+01    0.225522696E+01    0.254209388E+00
    0.271623000E+01    0.232075222E+01    0.254214176E+00
    0.271623000E+01    0.238878185E+01    0.254218673E+00
    0.271623000E+01    0.245941133E+01    0.254222848E+00
    0.271623000E+01    0.253273992E+01    0.254226671E+00
    0.271623000E+01    0.260887140E+01    0.254230115E+00
    0.271623000E+01    0.268791263E+01    0.254233150E+00
    0.271623000E+01    0.276997519E+01    0.254235746E+00
    0.271623000E+01    0.285517471E+01    0.254237877E+00
    0.271623000E+01    0.294363105E+01    0.254239516E+00
    0.271623000E+01    0.303546905E+01    0.254240637E+00
    0.271623000E+01    0.313081830E+01    0.254241217E+00
    0.271623000E+01    0.322981309E+01    0.254241233E+00
    0.271623000E+01    0.333259294E+01    0.254240667E+00
    0.271623000E+01    0.343930278E+01    0.254239501E+00
    0.271623000E+01    0.355009324E+01    0.254237719E+00
    0.271623000E+01    0.366512058E+01    0.254235309E+00
    0.271623000E+01    0.378454700E+01    0.254232263E+00
    0.271623000E+01    0.390854105E+01    0.254228573E+00
    0.271623000E+01    0.403727744E+01    0.254224236E+00
    0.271623000E+01    0.417093817E+01    0.254219250E+00
    0.271623000E+01    0.430971140E+01    0.254213619E+00
    0.271623000E+01    0.445379327E+01    0.254207346E+00
    0.271623000E+01    0.460338749E+01    0.254200440E+00
    0.271623000E+01    0.475870436E+01    0.254192912E+00
    0.271623000E+01    0.491996359E+01    0.254184773E+00
    0.271623000E+01    0.508739291E+01    0.254176039E+00
    0.271623000E+01    0.526122900E+01    0.254166727E+00
    0.271623000E+01    0.544171652E+01    0.254156858E+00
    0.271623000E+01    0.562911052E+01    0.254146451E+00
    0.271623000E+01    0.582367586E+01    0.254135529E+00
    0.271623000E+01    0.602568732E+01    0.254124116E+00
    0.271623000E+01    0.623543000E+01    0.254112237E+00
    0.271623000E+01    0.638392148E+01    0.254103837E+00
    0.271623000E+01    0.645319981E+01    0.254099917E+00
    0.271623000E+01    0.667930488E+01    0.254087184E+00
    0.271623000E+01    0.691406413E+01    0.254074064E+00
    0.271623000E+01    0.715780963E+01    0.254060583E+00
    0.271623000E+01    0.741088473E+01    0.254046768E+00
    0.271623000E+01    0.767364778E+01    0.254032647E+00
    0.271623000E+01    0.794646980E+01    0.254018246E+00
    0.271623000E+01    0.822973632E+01    0.254003591E+00
    0.271623000E+01    0.852384654E+01    0.253988706E+00
    0.271623000E+01    0.882921693E+01    0.253973617E+00
    0.271623000E+01    0.914627904E+01    0.253958345E+00
    0.271623000E+01    0.947548031E+01    0.253942915E+00
    0.271623000E+01    0.981728699E+01    0.253927345E+00
    0.271623000E+01    0.101721802E+02    0.253911657E+00
    0.271623000E+01    0.105406635E+02    0.253895868E+00
    0.271623000E+01    0.109232567E+02    0.253879996E+00
    0.271623000E+01    0.113205006E+02    0.253864055E+00
    0.271623000E+01    0.117329563E+02    0.253848060E+00
    0.271623000E+01    0.121612078E+02    0.253832023E+00
    0.271623000E+01    0.126058600E+02    0.253815955E+00
    0.271623000E+01    0.130675422E+02    0.253799866E+00
    0.271623000E+01    0.135469069E+02    0.253783763E+00
    0.271623000E+01    0.140446322E+02    0.253767653E+00
    0.271623000E+01    0.145614220E+02    0.253751543E+00
    0.271623000E+01    0.150980080E+02    0.253735437E+00
    0.271623000E+01    0.156551495E+02    0.253719339E+00
    0.271623000E+01    0.162336344E+02    0.253703253E+00
    0.271623000E+01    0.168342822E+02    0.253687180E+00
    0.271623000E+01    0.174579437E+02    0.253671122E+00
    0.271623000E+01    0.177566914E+02    0.253663723E+00
    0.271623000E+01    0.181055015E+02    0.253655083E+00
    0.271623000E+01    0.187778739E+02    0.253639063E+00
    0.271623000E+01    0.194760151E+02    0.253623066E+00
    0.271623000E+01    0.202009133E+02    0.253607092E+00
    0.271623000E+01    0.209535980E+02    0.253591147E+00
    0.271623000E+01    0.217351349E+02    0.253575232E+00
    0.271623000E+01    0.225466370E+02    0.253559352E+00
    0.271623000E+01    0.233892552E+02    0.253543513E+00
    0.271623000E+01    0.242641879E+02    0.253527720E+00
    0.271623000E+01    0.251726811E+02    0.253511980E+00
    0.271623000E+01    0.261160247E+02    0.253496303E+00
    0.271623000E+01    0.270955662E+02    0.253480696E+00
    0.271623000E+01    0.281127008E+02    0.253465169E+00
    0.271623000E+01    0.291688798E+02    0.253449736E+00
    0.271623000E+01    0.302656142E+02    0.253434406E+00
    0.271623000E+01    0.314044712E+02    0.253419195E+00
    0.271623000E+01    0.325870843E+02    0.253404115E+00
    0.271623000E+01    0.338151459E+02    0.253389182E+00
    0.271623000E+01    0.350904225E+02    0.253374411E+00
    0.271623000E+01    0.364147480E+02    0.253359819E+00
    0.271623000E+01    0.377900354E+02    0.253345421E+00
    0.271623000E+01    0.392182661E+02    0.253331237E+00
    0.271623000E+01    0.407015058E+02    0.253317283E+00
    0.271623000E+01    0.422419124E+02    0.253303578E+00
    0.271623000E+01    0.438417183E+02    0.253290140E+00
    0.271623000E+01    0.455032580E+02    0.253276989E+00
    0.271623000E+01    0.472289606E+02    0.253264142E+00
    0.271623000E+01    0.490213604E+02    0.253251621E+00
    0.271623000E+01    0.508830849E+02    0.253239444E+00
    0.271623000E+01    0.528168917E+02    0.253227632E+00
    0.271623000E+01    0.548256364E+02    0.253216207E+00
    0.271623000E+01    0.569123130E+02    0.253205189E+00
    0.271623000E+01    0.590800259E+02    0.253194602E+00
    0.271623000E+01    0.613320221E+02    0.253184468E+00
    0.271623000E+01    0.636716750E+02    0.253174813E+00
    0.271623000E+01    0.661025181E+02    0.253165665E+00
    0.271623000E+01    0.686281958E+02    0.253157051E+00
    0.271623000E+01    0.712525520E+02    0.253149004E+00
    0.271623000E+01    0.739795129E+02    0.253141558E+00
    0.271623000E+01    0.768132408E+02    0.253134753E+00
    0.271623000E+01    0.797579539E+02    0.253128632E+00
    0.271623000E+01    0.828180150E+02    0.253123247E+00
    0.271623000E+01    0.859978258E+02    0.253118655E+00
    0.271623000E+01    0.893017679E+02    0.253114923E+00
    0.271623000E+01    0.927343377E+02    0.253112131E+00
    0.271623000E+01    0.933996208E+02    0.253111802E+00
    0.271623000E+01    0.962993032E+02    0.253110368E+00
    0.271623000E+01    0.100000000E+03    0.253109751E+00
