# Planar shear case, x=95.501
VARIABLES = "X"
"Y"
"U Velocity"
zone, t="CFL3D"
 9.550101471E+01 0.000000000E+00 3.274752200E-01
 9.550101471E+01 3.408005228E-03 3.274751008E-01
 9.550101471E+01 7.532086689E-03 3.274746239E-01
 9.550101471E+01 1.229701098E-02 3.274735510E-01
 9.550101471E+01 1.762626879E-02 3.274718225E-01
 9.550101471E+01 2.345188335E-02 3.274692595E-01
 9.550101471E+01 2.971539460E-02 3.274656832E-01
 9.550101471E+01 3.636940196E-02 3.274609447E-01
 9.550101471E+01 4.337535053E-02 3.274548948E-01
 9.550101471E+01 5.070259795E-02 3.274475038E-01
 9.550101471E+01 5.832638219E-02 3.274385333E-01
 9.550101471E+01 6.622669101E-02 3.274279833E-01
 9.550101471E+01 7.438711077E-02 3.274156153E-01
 9.550101471E+01 8.279412240E-02 3.274013996E-01
 9.550101471E+01 9.143626690E-02 3.273852170E-01
 9.550101471E+01 1.003037915E-01 3.273669183E-01
 9.550101471E+01 1.093881652E-01 3.273464441E-01
 9.550101471E+01 1.186819300E-01 3.273236752E-01
 9.550101471E+01 1.281783730E-01 3.272985518E-01
 9.550101471E+01 1.378714591E-01 3.272708654E-01
 9.550101471E+01 1.477556378E-01 3.272406161E-01
 9.550101471E+01 1.578258425E-01 3.272076547E-01
 9.550101471E+01 1.680773050E-01 3.271718323E-01
 9.550101471E+01 1.785056740E-01 3.271332085E-01
 9.550101471E+01 1.891067624E-01 3.270915151E-01
 9.550101471E+01 1.998767108E-01 3.270468116E-01
 9.550101471E+01 2.108118236E-01 3.269988298E-01
 9.550101471E+01 2.219086140E-01 3.269476593E-01
 9.550101471E+01 2.331637591E-01 3.268930912E-01
 9.550101471E+01 2.445741147E-01 3.268350661E-01
 9.550101471E+01 2.561366260E-01 3.267735243E-01
 9.550101471E+01 2.678484321E-01 3.267083764E-01
 9.550101471E+01 2.797067165E-01 3.266395032E-01
 9.550101471E+01 2.917088866E-01 3.265668750E-01
 9.550101471E+01 3.038523793E-01 3.264904022E-01
 9.550101471E+01 3.161347210E-01 3.264099658E-01
 9.550101471E+01 3.285535276E-01 3.263255656E-01
 9.550101471E+01 3.411065936E-01 3.262370825E-01
 9.550101471E+01 3.537916243E-01 3.261443973E-01
 9.550101471E+01 3.666065633E-01 3.260475099E-01
 9.550101471E+01 3.795493245E-01 3.259463608E-01
 9.550101471E+01 3.926179111E-01 3.258408606E-01
 9.550101471E+01 4.058104753E-01 3.257309496E-01
 9.550101471E+01 4.191250503E-01 3.256165385E-01
 9.550101471E+01 4.325598776E-01 3.254976571E-01
 9.550101471E+01 4.461132288E-01 3.253741860E-01
 9.550101471E+01 4.597833753E-01 3.252460063E-01
 9.550101471E+01 4.735686183E-01 3.251132071E-01
 9.550101471E+01 4.874674082E-01 3.249756396E-01
 9.550101471E+01 5.014781952E-01 3.248332739E-01
 9.550101471E+01 5.155993700E-01 3.246861100E-01
 9.550101471E+01 5.298295617E-01 3.245340288E-01
 9.550101471E+01 5.441672802E-01 3.243770897E-01
 9.550101471E+01 5.586110950E-01 3.242151439E-01
 9.550101471E+01 5.731596351E-01 3.240482807E-01
 9.550101471E+01 5.878115892E-01 3.238763213E-01
 9.550101471E+01 6.025656462E-01 3.236993551E-01
 9.550101471E+01 6.174204946E-01 3.235172927E-01
 9.550101471E+01 6.323748827E-01 3.233301342E-01
 9.550101471E+01 6.474276781E-01 3.231378496E-01
 9.550101471E+01 6.625775695E-01 3.229403794E-01
 9.550101471E+01 6.778234839E-01 3.227377534E-01
 9.550101471E+01 6.931642890E-01 3.225299120E-01
 9.550101471E+01 7.085987926E-01 3.223169446E-01
 9.550101471E+01 7.241259813E-01 3.220987022E-01
 9.550101471E+01 7.397447228E-01 3.218752444E-01
 9.550101471E+01 7.554539442E-01 3.216465116E-01
 9.550101471E+01 7.712527514E-01 3.214125633E-01
 9.550101471E+01 7.871400118E-01 3.211733997E-01
 9.550101471E+01 8.031147718E-01 3.209289312E-01
 9.550101471E+01 8.191761374E-01 3.206792474E-01
 9.550101471E+01 8.353230357E-01 3.204242885E-01
 9.550101471E+01 8.515545726E-01 3.201641142E-01
 9.550101471E+01 8.678699136E-01 3.198987246E-01
 9.550101471E+01 8.842681050E-01 3.196280897E-01
 9.550101471E+01 9.007482529E-01 3.193522394E-01
 9.550101471E+01 9.173095226E-01 3.190711737E-01
 9.550101471E+01 9.339510202E-01 3.187849522E-01
 9.550101471E+01 9.506719112E-01 3.184935749E-01
 9.550101471E+01 9.674714208E-01 3.181970417E-01
 9.550101471E+01 9.843486547E-01 3.178953826E-01
 9.550101471E+01 1.001302958E+00 3.175885975E-01
 9.550101471E+01 1.018333435E+00 3.172767758E-01
 9.550101471E+01 1.035439491E+00 3.169598579E-01
 9.550101471E+01 1.052619934E+00 3.166379631E-01
 9.550101471E+01 1.069874525E+00 3.163110614E-01
 9.550101471E+01 1.087202311E+00 3.159792423E-01
 9.550101471E+01 1.104602575E+00 3.156425059E-01
 9.550101471E+01 1.122074604E+00 3.153008223E-01
 9.550101471E+01 1.139617682E+00 3.149543405E-01
 9.550101471E+01 1.157231212E+00 3.146030605E-01
 9.550101471E+01 1.174914360E+00 3.142469823E-01
 9.550101471E+01 1.192666531E+00 3.138861954E-01
 9.550101471E+01 1.210487247E+00 3.135207593E-01
 9.550101471E+01 1.228375554E+00 3.131506741E-01
 9.550101471E+01 1.246330976E+00 3.127760291E-01
 9.550101471E+01 1.264352918E+00 3.123968542E-01
 9.550101471E+01 1.282440662E+00 3.120131791E-01
 9.550101471E+01 1.300593615E+00 3.116250634E-01
 9.550101471E+01 1.318811297E+00 3.112326264E-01
 9.550101471E+01 1.337092996E+00 3.108358383E-01
 9.550101471E+01 1.355437994E+00 3.104348183E-01
 9.550101471E+01 1.373845935E+00 3.100295961E-01
 9.550101471E+01 1.392316222E+00 3.096202314E-01
 9.550101471E+01 1.410848141E+00 3.092068136E-01
 9.550102234E+01 1.429441214E+00 3.087893724E-01
 9.550102234E+01 1.448094964E+00 3.083679378E-01
 9.550102234E+01 1.466808915E+00 3.079426587E-01
 9.550102234E+01 1.485582232E+00 3.075135648E-01
 9.550102234E+01 1.504414558E+00 3.070807159E-01
 9.550102234E+01 1.523305416E+00 3.066441119E-01
 9.550102234E+01 1.542254210E+00 3.062039614E-01
 9.550102234E+01 1.561260462E+00 3.057602644E-01
 9.550102234E+01 1.580323696E+00 3.053131104E-01
 9.550102234E+01 1.599443316E+00 3.048624992E-01
 9.550102234E+01 1.618618965E+00 3.044086397E-01
 9.550102234E+01 1.637850046E+00 3.039514720E-01
 9.550102234E+01 1.657136202E+00 3.034912050E-01
 9.550102234E+01 1.676476717E+00 3.030277491E-01
 9.550102234E+01 1.695871353E+00 3.025613427E-01
 9.550102234E+01 1.715319753E+00 3.020919859E-01
 9.550102234E+01 1.734821081E+00 3.016197383E-01
 9.550102234E+01 1.754375219E+00 3.011446893E-01
 9.550102234E+01 1.773981452E+00 3.006670475E-01
 9.550102234E+01 1.793639541E+00 3.001867235E-01
 9.550102234E+01 1.813348770E+00 2.997038364E-01
 9.550102234E+01 1.833109260E+00 2.992185652E-01
 9.550102234E+01 1.852920055E+00 2.987319231E-01
 9.550102234E+01 1.872613549E+00 2.982461154E-01
 9.550102234E+01 1.892190099E+00 2.977622747E-01
 9.550102234E+01 1.911649585E+00 2.972804606E-01
 9.550102234E+01 1.930992603E+00 2.968007624E-01
 9.550102234E+01 1.950219035E+00 2.963232100E-01
 9.550102234E+01 1.969329119E+00 2.958480716E-01
 9.550102234E+01 1.988323092E+00 2.953752279E-01
 9.550102234E+01 2.007201195E+00 2.949048281E-01
 9.550102234E+01 2.025963545E+00 2.944369614E-01
 9.550102234E+01 2.044610739E+00 2.939716578E-01
 9.550102234E+01 2.063142776E+00 2.935090363E-01
 9.550102234E+01 2.081559896E+00 2.930490971E-01
 9.550102234E+01 2.099862576E+00 2.925918996E-01
 9.550102234E+01 2.118051052E+00 2.921375334E-01
 9.550102234E+01 2.136125326E+00 2.916860580E-01
 9.550102234E+01 2.154086113E+00 2.912374735E-01
 9.550102234E+01 2.171933651E+00 2.907918394E-01
 9.550102234E+01 2.189667940E+00 2.903492749E-01
 9.550102234E+01 2.207289696E+00 2.899096906E-01
 9.550102234E+01 2.224799156E+00 2.894732952E-01
 9.550102234E+01 2.242196560E+00 2.890399396E-01
 9.550102234E+01 2.259482384E+00 2.886098027E-01
 9.550102234E+01 2.276656866E+00 2.881828547E-01
 9.550102234E+01 2.293720722E+00 2.877590954E-01
 9.550102234E+01 2.310673714E+00 2.873386443E-01
 9.550102234E+01 2.327516794E+00 2.869214416E-01
 9.550102234E+01 2.344250202E+00 2.865075767E-01
 9.550102234E+01 2.360874176E+00 2.860969901E-01
 9.550102234E+01 2.377389193E+00 2.856898308E-01
 9.550102234E+01 2.393795729E+00 2.852859795E-01
 9.550102234E+01 2.410094023E+00 2.848855257E-01
 9.550102234E+01 2.426284790E+00 2.844884694E-01
 9.550102234E+01 2.442368031E+00 2.840948105E-01
 9.550102234E+01 2.458344698E+00 2.837046087E-01
 9.550102234E+01 2.474214792E+00 2.833178341E-01
 9.550102234E+01 2.489978790E+00 2.829344869E-01
 9.550102234E+01 2.505637407E+00 2.825545967E-01
 9.550102234E+01 2.521190882E+00 2.821781635E-01
 9.550102234E+01 2.536639452E+00 2.818052173E-01
 9.550102234E+01 2.551984072E+00 2.814357281E-01
 9.550102234E+01 2.567224979E+00 2.810696959E-01
 9.550102234E+01 2.582362413E+00 2.807071209E-01
 9.550102234E+01 2.597397089E+00 2.803480029E-01
 9.550102234E+01 2.612329483E+00 2.799923718E-01
 9.550102234E+01 2.627159595E+00 2.796402276E-01
 9.550102234E+01 2.641888380E+00 2.792915404E-01
 9.550102234E+01 2.656516314E+00 2.789462805E-01
 9.550102234E+01 2.671043634E+00 2.786044478E-01
 9.550102234E+01 2.685471058E+00 2.782661319E-01
 9.550102234E+01 2.699798822E+00 2.779311836E-01
 9.550102234E+01 2.714027405E+00 2.775996923E-01
 9.550102234E+01 2.728157282E+00 2.772716284E-01
 9.550102234E+01 2.742189169E+00 2.769469619E-01
 9.550102234E+01 2.756123304E+00 2.766256928E-01
 9.550102234E+01 2.769960403E+00 2.763078213E-01
 9.550102234E+01 2.783700705E+00 2.759933174E-01
 9.550102234E+01 2.797344923E+00 2.756821513E-01
 9.550102234E+01 2.810893536E+00 2.753743529E-01
 9.550102234E+01 2.824346781E+00 2.750698626E-01
 9.550102234E+01 2.837705374E+00 2.747687101E-01
 9.550102234E+01 2.850969553E+00 2.744708955E-01
 9.550102234E+01 2.864140272E+00 2.741763294E-01
 9.550102234E+01 2.877217531E+00 2.738850415E-01
 9.550102234E+01 2.890202045E+00 2.735970020E-01
 9.550102234E+01 2.903094530E+00 2.733121514E-01
 9.550102234E+01 2.915894985E+00 2.730305791E-01
 9.550102234E+01 2.928604126E+00 2.727521956E-01
 9.550102234E+01 2.941222429E+00 2.724770010E-01
 9.550102234E+01 2.953750849E+00 2.722049356E-01
 9.550102234E+01 2.966188908E+00 2.719360292E-01
 9.550102234E+01 2.978538275E+00 2.716702223E-01
 9.550102234E+01 2.990798235E+00 2.714075446E-01
 9.550102234E+01 3.002970457E+00 2.711479068E-01
 9.550102234E+01 3.015054464E+00 2.708913684E-01
 9.550102234E+01 3.027051210E+00 2.706378102E-01
 9.550102234E+01 3.038961172E+00 2.703873217E-01
 9.550102234E+01 3.050784826E+00 2.701398134E-01
 9.550102234E+01 3.062522650E+00 2.698952556E-01
 9.550102234E+01 3.074175119E+00 2.696536779E-01
 9.550102234E+01 3.085742950E+00 2.694149911E-01
 9.550102234E+01 3.097225904E+00 2.691792250E-01
 9.550102234E+01 3.108625650E+00 2.689463198E-01
 9.550102234E+01 3.119941473E+00 2.687163055E-01
 9.550102234E+01 3.131174564E+00 2.684891224E-01
 9.550102234E+01 3.142325401E+00 2.682647407E-01
 9.550102234E+01 3.153393984E+00 2.680431306E-01
 9.550102234E+01 3.164381504E+00 2.678243220E-01
 9.550102234E+01 3.175287724E+00 2.676081955E-01
 9.550102234E+01 3.186113596E+00 2.673948407E-01
 9.550102234E+01 3.196859598E+00 2.671841383E-01
 9.550102234E+01 3.207526207E+00 2.669761181E-01
 9.550102234E+01 3.218113661E+00 2.667707503E-01
 9.550102234E+01 3.228622675E+00 2.665680051E-01
 9.550102234E+01 3.239053488E+00 2.663678229E-01
 9.550102234E+01 3.249406815E+00 2.661702335E-01
 9.550102234E+01 3.259682894E+00 2.659752071E-01
 9.550102234E+01 3.269882679E+00 2.657826841E-01
 9.550102234E+01 3.280006170E+00 2.655926347E-01
 9.550102234E+01 3.290054083E+00 2.654051185E-01
 9.550102234E+01 3.300026655E+00 2.652200460E-01
 9.550102234E+01 3.309924603E+00 2.650373578E-01
 9.550102234E+01 3.319748163E+00 2.648571134E-01
 9.550102234E+01 3.329498053E+00 2.646791935E-01
 9.550102234E+01 3.339174509E+00 2.645036876E-01
 9.550102234E+01 3.348778009E+00 2.643305063E-01
 9.550102234E+01 3.358309746E+00 2.641595900E-01
 9.550102234E+01 3.367768764E+00 2.639909685E-01
 9.550102234E+01 3.377156496E+00 2.638246715E-01
 9.550102234E+01 3.386473656E+00 2.636605501E-01
 9.550102234E+01 3.395719767E+00 2.634986341E-01
 9.550102234E+01 3.404896021E+00 2.633389235E-01
 9.550102234E+01 3.414002419E+00 2.631813884E-01
 9.550102234E+01 3.423039913E+00 2.630259395E-01
 9.550102234E+01 3.432008505E+00 2.628726959E-01
 9.550102234E+01 3.440908909E+00 2.627215087E-01
 9.550102234E+01 3.449741364E+00 2.625723779E-01
 9.550102234E+01 3.458506107E+00 2.624253035E-01
 9.550102234E+01 3.467204094E+00 2.622802854E-01
 9.550102234E+01 3.475835800E+00 2.621372044E-01
 9.550102234E+01 3.484401226E+00 2.619961798E-01
 9.550102234E+01 3.492901325E+00 2.618570626E-01
 9.550102234E+01 3.501335621E+00 2.617198825E-01
 9.550102234E+01 3.509705782E+00 2.615846395E-01
 9.550102234E+01 3.518011093E+00 2.614512742E-01
 9.550102234E+01 3.526252747E+00 2.613197863E-01
 9.550102234E+01 3.534430504E+00 2.611901462E-01
 9.550102234E+01 3.542545795E+00 2.610623240E-01
 9.550102234E+01 3.550597906E+00 2.609363198E-01
 9.550102234E+01 3.558588266E+00 2.608117461E-01
 9.550102234E+01 3.566601753E+00 2.606879175E-01
 9.550102234E+01 3.574653387E+00 2.605643868E-01
 9.550102234E+01 3.582746506E+00 2.604410350E-01
 9.550102234E+01 3.590885162E+00 2.603178322E-01
 9.550102234E+01 3.599074841E+00 2.601947486E-01
 9.550102234E+01 3.607318878E+00 2.600717545E-01
 9.550102234E+01 3.615621805E+00 2.599487305E-01
 9.550102234E+01 3.623987913E+00 2.598257065E-01
 9.550102234E+01 3.632421970E+00 2.597026229E-01
 9.550102234E+01 3.640927553E+00 2.595794201E-01
 9.550102234E+01 3.649509192E+00 2.594561279E-01
 9.550102234E+01 3.658171654E+00 2.593326867E-01
 9.550102234E+01 3.666918755E+00 2.592090666E-01
 9.550102234E+01 3.675755262E+00 2.590852380E-01
 9.550102234E+01 3.684684992E+00 2.589612007E-01
 9.550102234E+01 3.693712473E+00 2.588368952E-01
 9.550102234E+01 3.702842951E+00 2.587123513E-01
 9.550102234E+01 3.712080479E+00 2.585875094E-01
 9.550102234E+01 3.721429586E+00 2.584623396E-01
 9.550102234E+01 3.730895042E+00 2.583368719E-01
 9.550102234E+01 3.740481853E+00 2.582111061E-01
 9.550102234E+01 3.750194073E+00 2.580849826E-01
 9.550102234E+01 3.760037184E+00 2.579585910E-01
 9.550102234E+01 3.770015240E+00 2.578318715E-01
 9.550102234E+01 3.780133963E+00 2.577047944E-01
 9.550102234E+01 3.790398359E+00 2.575774193E-01
 9.550102234E+01 3.800812960E+00 2.574497461E-01
 9.550102234E+01 3.811383486E+00 2.573218048E-01
 9.550102234E+01 3.822115660E+00 2.571935952E-01
 9.550102234E+01 3.833013773E+00 2.570650876E-01
 9.550102234E+01 3.844083548E+00 2.569364011E-01
 9.550102234E+01 3.855331182E+00 2.568075657E-01
 9.550102234E+01 3.866761684E+00 2.566785216E-01
 9.550102234E+01 3.878381014E+00 2.565494180E-01
 9.550102234E+01 3.890195131E+00 2.564202249E-01
 9.550102234E+01 3.902209759E+00 2.562910318E-01
 9.550102234E+01 3.914431572E+00 2.561618984E-01
 9.550102234E+01 3.926865816E+00 2.560328841E-01
 9.550102234E+01 3.939519405E+00 2.559040487E-01
 9.550102234E+01 3.952398777E+00 2.557754815E-01
 9.550102234E+01 3.965510130E+00 2.556473017E-01
 9.550102234E+01 3.978860378E+00 2.555195093E-01
 9.550102234E+01 3.992456436E+00 2.553923130E-01
 9.550102234E+01 4.006305218E+00 2.552657425E-01
 9.550102234E+01 4.020412922E+00 2.551399469E-01
 9.550102234E+01 4.034788132E+00 2.550151050E-01
 9.550102234E+01 4.049437046E+00 2.548912764E-01
 9.550102234E+01 4.064368248E+00 2.547686398E-01
 9.550102234E+01 4.079587936E+00 2.546473742E-01
 9.550102234E+01 4.095105648E+00 2.545276284E-01
 9.550102234E+01 4.110928535E+00 2.544095814E-01
 9.550102234E+01 4.127064228E+00 2.542934120E-01
 9.550102234E+01 4.143521786E+00 2.541793585E-01
 9.550102234E+01 4.160309315E+00 2.540675998E-01
 9.550102234E+01 4.177435875E+00 2.539584041E-01
 9.550102234E+01 4.194910049E+00 2.538519502E-01
 9.550102234E+01 4.212740421E+00 2.537485659E-01
 9.550102234E+01 4.230937481E+00 2.536484301E-01
 9.550102234E+01 4.249509335E+00 2.535518706E-01
 9.550102234E+01 4.268465996E+00 2.534591556E-01
 9.550102234E+01 4.287817478E+00 2.533705831E-01
 9.550102234E+01 4.307573318E+00 2.532863915E-01
 9.550102234E+01 4.327744961E+00 2.532069683E-01
 9.550102997E+01 4.348341465E+00 2.531325221E-01
 9.550102997E+01 4.369374275E+00 2.530634105E-01
 9.550102997E+01 4.390854359E+00 2.529998422E-01
 9.550102997E+01 4.412792683E+00 2.529420853E-01
 9.550102997E+01 4.435201168E+00 2.528903484E-01
 9.550102997E+01 4.458090782E+00 2.528448105E-01
 9.550102997E+01 4.481473446E+00 2.528055310E-01
 9.550102997E+01 4.505362034E+00 2.527725101E-01
 9.550102997E+01 4.529768467E+00 2.527456284E-01
 9.550102997E+01 4.554705620E+00 2.527245879E-01
 9.550102997E+01 4.580186844E+00 2.527090013E-01
 9.550102997E+01 4.606224537E+00 2.526981235E-01
 9.550102997E+01 4.632833481E+00 2.526912987E-01
 9.550102997E+01 4.660027027E+00 2.526874840E-01
 9.550102997E+01 4.687819004E+00 2.526858449E-01
 9.550102997E+01 4.716224670E+00 2.526854873E-01
 9.550102997E+01 4.745258331E+00 2.526857257E-01
 9.550102997E+01 4.774935722E+00 2.526861131E-01
 9.550102997E+01 4.805271626E+00 2.526864111E-01
 9.550102997E+01 4.836282730E+00 2.526866198E-01
 9.550102997E+01 4.867985249E+00 2.526867390E-01
 9.550102997E+01 4.900394917E+00 2.526867986E-01
 9.550102997E+01 4.933529854E+00 2.526868880E-01
 9.550102997E+01 4.967407227E+00 2.526869774E-01
 9.550102997E+01 5.002043724E+00 2.526870966E-01
 9.550102997E+01 5.037458897E+00 2.526872158E-01
 9.550102997E+01 5.073670864E+00 2.526873052E-01
 9.550102997E+01 5.110698223E+00 2.526873946E-01
 9.550102997E+01 5.148561478E+00 2.526875138E-01
 9.550102997E+01 5.187279224E+00 2.526876330E-01
 9.550102997E+01 5.226872921E+00 2.526877224E-01
 9.550102997E+01 5.267363071E+00 2.526878417E-01
 9.550102997E+01 5.308770657E+00 2.526879907E-01
 9.550102997E+01 5.351118088E+00 2.526881099E-01
 9.550102997E+01 5.394426823E+00 2.526882291E-01
 9.550102997E+01 5.438720703E+00 2.526883483E-01
 9.550102997E+01 5.484022617E+00 2.526884973E-01
 9.550102997E+01 5.530356407E+00 2.526886463E-01
 9.550102997E+01 5.577746391E+00 2.526887655E-01
 9.550102997E+01 5.626217842E+00 2.526889443E-01
 9.550102997E+01 5.675796509E+00 2.526890635E-01
 9.550102997E+01 5.726508141E+00 2.526892126E-01
 9.550102997E+01 5.778379440E+00 2.526893914E-01
 9.550102997E+01 5.831439018E+00 2.526895404E-01
 9.550102997E+01 5.885713577E+00 2.526896894E-01
 9.550102997E+01 5.941232681E+00 2.526898384E-01
 9.550102997E+01 5.998024940E+00 2.526899874E-01
 9.550102997E+01 6.056121349E+00 2.526901662E-01
 9.550102997E+01 6.115552425E+00 2.526903450E-01
 9.550102997E+01 6.176349640E+00 2.526905239E-01
 9.550102997E+01 6.238544941E+00 2.526907027E-01
 9.550102997E+01 6.302172184E+00 2.526909113E-01
 9.550102997E+01 6.367264271E+00 2.526910901E-01
 9.550102997E+01 6.433856010E+00 2.526912987E-01
 9.550102997E+01 6.501983166E+00 2.526914775E-01
 9.550102997E+01 6.571682453E+00 2.526917160E-01
 9.550102997E+01 6.642989635E+00 2.526918948E-01
 9.550102997E+01 6.715944290E+00 2.526921332E-01
 9.550102997E+01 6.790584087E+00 2.526923120E-01
 9.550102997E+01 6.866949081E+00 2.526925206E-01
 9.550102997E+01 6.945081234E+00 2.526927888E-01
 9.550102997E+01 7.025020599E+00 2.526930273E-01
 9.550102997E+01 7.106811523E+00 2.526932657E-01
 9.550102997E+01 7.190496922E+00 2.526935041E-01
 9.550102997E+01 7.276121616E+00 2.526937425E-01
 9.550102997E+01 7.363732338E+00 2.526940405E-01
 9.550102997E+01 7.453374863E+00 2.526942790E-01
 9.550103760E+01 7.545098782E+00 2.526945472E-01
 9.550103760E+01 7.638952732E+00 2.526947856E-01
 9.550103760E+01 7.734986782E+00 2.526950836E-01
 9.550103760E+01 7.833253860E+00 2.526953816E-01
 9.550103760E+01 7.933805943E+00 2.526956499E-01
 9.550103760E+01 8.036698341E+00 2.526959777E-01
 9.550103760E+01 8.141985893E+00 2.526963055E-01
 9.550103760E+01 8.249726295E+00 2.526966035E-01
 9.550103760E+01 8.359977722E+00 2.526969314E-01
 9.550103760E+01 8.472799301E+00 2.526972592E-01
 9.550103760E+01 8.588253021E+00 2.526975572E-01
 9.550103760E+01 8.706402779E+00 2.526979148E-01
 9.550103760E+01 8.827310562E+00 2.526982725E-01
 9.550103760E+01 8.951045036E+00 2.526986599E-01
 9.550103760E+01 9.077672005E+00 2.526990473E-01
 9.550103760E+01 9.207262039E+00 2.526994050E-01
 9.550103760E+01 9.339884758E+00 2.526997626E-01
 9.550103760E+01 9.475614548E+00 2.527001500E-01
 9.550103760E+01 9.614524841E+00 2.527005672E-01
 9.550103760E+01 9.756692886E+00 2.527009845E-01
 9.550103760E+01 9.902196884E+00 2.527014315E-01
 9.550103760E+01 1.005111790E+01 2.527018785E-01
 9.550103760E+01 1.020353889E+01 2.527022958E-01
 9.550103760E+01 1.035954285E+01 2.527027428E-01
 9.550103760E+01 1.051921749E+01 2.527032197E-01
 9.550103760E+01 1.068265247E+01 2.527036965E-01
 9.550104523E+01 1.084993935E+01 2.527041733E-01
 9.550104523E+01 1.102116966E+01 2.527046502E-01
 9.550104523E+01 1.119644260E+01 2.527051568E-01
 9.550104523E+01 1.137585449E+01 2.527056634E-01
 9.550104523E+01 1.155950832E+01 2.527061999E-01
 9.550104523E+01 1.174750710E+01 2.527067363E-01
 9.550104523E+01 1.193995667E+01 2.527073026E-01
 9.550104523E+01 1.213696861E+01 2.527078688E-01
 9.550104523E+01 1.233865452E+01 2.527084351E-01
 9.550104523E+01 1.254512978E+01 2.527090311E-01
 9.550104523E+01 1.275651360E+01 2.527096272E-01
 9.550104523E+01 1.297292709E+01 2.527102530E-01
 9.550104523E+01 1.319449520E+01 2.527108788E-01
 9.550104523E+01 1.342134762E+01 2.527115643E-01
 9.550104523E+01 1.365361691E+01 2.527121902E-01
 9.550104523E+01 1.389143753E+01 2.527128756E-01
 9.550104523E+01 1.413494968E+01 2.527135611E-01
 9.550104523E+01 1.438429642E+01 2.527142763E-01
 9.550105286E+01 1.463962841E+01 2.527149916E-01
 9.550105286E+01 1.490109348E+01 2.527157366E-01
 9.550105286E+01 1.516885090E+01 2.527165115E-01
 9.550105286E+01 1.544306087E+01 2.527172267E-01
 9.550105286E+01 1.572388935E+01 2.527180314E-01
 9.550105286E+01 1.601150703E+01 2.527188659E-01
 9.550105286E+01 1.630608940E+01 2.527196705E-01
 9.550105286E+01 1.660781670E+01 2.527205050E-01
 9.550105286E+01 1.691687775E+01 2.527213693E-01
 9.550105286E+01 1.723346329E+01 2.527222335E-01
 9.550105286E+01 1.755777168E+01 2.527231276E-01
 9.550105286E+01 1.789000893E+01 2.527240217E-01
 9.550105286E+01 1.823038483E+01 2.527249753E-01
 9.550105286E+01 1.857911873E+01 2.527259290E-01
 9.550106049E+01 1.893643570E+01 2.527268827E-01
 9.550106049E+01 1.930257034E+01 2.527278960E-01
 9.550106049E+01 1.967775917E+01 2.527289093E-01
 9.550106049E+01 2.006225586E+01 2.527299523E-01
 9.550106049E+01 2.045631599E+01 2.527309954E-01
 9.550106049E+01 2.086020470E+01 2.527320683E-01
 9.550106049E+01 2.127420235E+01 2.527331710E-01
 9.550106049E+01 2.169859314E+01 2.527342737E-01
 9.550106049E+01 2.213367653E+01 2.527354360E-01
 9.550106049E+01 2.257975769E+01 2.527365685E-01
 9.550106049E+01 2.303715897E+01 2.527377903E-01
 9.550106049E+01 2.350621414E+01 2.527390122E-01
 9.550106049E+01 2.398727036E+01 2.527402341E-01
 9.550106812E+01 2.448068619E+01 2.527414858E-01
 9.550106812E+01 2.498683929E+01 2.527427971E-01
 9.550106812E+01 2.550612068E+01 2.527440786E-01
 9.550106812E+01 2.603894043E+01 2.527454495E-01
 9.550106812E+01 2.658572388E+01 2.527467608E-01
 9.550106812E+01 2.714692116E+01 2.527481616E-01
 9.550106812E+01 2.772299576E+01 2.527495921E-01
 9.550106812E+01 2.831444168E+01 2.527509928E-01
 9.550106812E+01 2.892177010E+01 2.527524531E-01
 9.550106812E+01 2.954552460E+01 2.527539432E-01
 9.550106812E+01 3.018626976E+01 2.527554333E-01
 9.550106812E+01 3.084460449E+01 2.527569830E-01
 9.550107574E+01 3.152115822E+01 2.527585328E-01
 9.550107574E+01 3.221659851E+01 2.527601421E-01
 9.550107574E+01 3.293162537E+01 2.527617216E-01
 9.550107574E+01 3.366698456E+01 2.527633607E-01
 9.550107574E+01 3.442346573E+01 2.527650297E-01
 9.550107574E+01 3.520190430E+01 2.527667284E-01
 9.550107574E+01 3.600319290E+01 2.527684271E-01
 9.550107574E+01 3.682828140E+01 2.527701557E-01
 9.550107574E+01 3.767818451E+01 2.527719140E-01
 9.550107574E+01 3.855398178E+01 2.527737021E-01
 9.550107574E+01 3.945683289E+01 2.527754903E-01
 9.550107574E+01 4.038798523E+01 2.527773380E-01
 9.550107574E+01 4.134877396E+01 2.527791858E-01
 9.550107574E+01 4.234063721E+01 2.527810335E-01
 9.550107574E+01 4.336513901E+01 2.527829409E-01
 9.550107574E+01 4.442395020E+01 2.527848482E-01
 9.550107574E+01 4.551890945E+01 2.527867854E-01
 9.550107574E+01 4.665198898E+01 2.527887523E-01
 9.550107574E+01 4.782535172E+01 2.527906895E-01
 9.550107574E+01 4.904135895E+01 2.527926564E-01
 9.550107574E+01 5.030258942E+01 2.527946830E-01
 9.550107574E+01 5.161187744E+01 2.527966797E-01
 9.550107574E+01 5.297234344E+01 2.527986765E-01
 9.550107574E+01 5.438742065E+01 2.528007030E-01
 9.550107574E+01 5.586091232E+01 2.528026998E-01
 9.550107574E+01 5.739704132E+01 2.528046966E-01
 9.550107574E+01 5.900048828E+01 2.528067529E-01
 9.550106812E+01 6.067647934E+01 2.528087497E-01
 9.550106812E+01 6.243082809E+01 2.528107464E-01
 9.550106812E+01 6.427005005E+01 2.528127134E-01
 9.550106049E+01 6.620140839E+01 2.528146505E-01
 9.550106049E+01 6.823300934E+01 2.528165877E-01
 9.550106049E+01 7.037388611E+01 2.528184652E-01
 9.550105286E+01 7.263403320E+01 2.528202534E-01
 9.550105286E+01 7.502436066E+01 2.528220117E-01
 9.550104523E+01 7.755661011E+01 2.528237104E-01
 9.550103760E+01 8.024299622E+01 2.528252304E-01
 9.550103760E+01 8.309553528E+01 2.528266609E-01
 9.550102997E+01 8.612479401E+01 2.528279126E-01
 9.550102234E+01 8.933766937E+01 2.528289557E-01
 9.550101471E+01 9.273377991E+01 2.528297305E-01
 9.550101471E+01 9.629962921E+01 2.528302073E-01
 9.550101471E+01 1.000000000E+02 2.528303266E-01
zone, t="FUN3D"
    0.955010000E+02    0.000000000E+00    0.327122798E+00
    0.955010000E+02    0.340800516E-02    0.327122674E+00
    0.955010000E+02    0.753208682E-02    0.327122191E+00
    0.955010000E+02    0.122970112E-01    0.327121180E+00
    0.955010000E+02    0.176262690E-01    0.327119474E+00
    0.955010000E+02    0.234518830E-01    0.327116915E+00
    0.955010000E+02    0.297153939E-01    0.327113353E+00
    0.955010000E+02    0.363693990E-01    0.327108650E+00
    0.955010000E+02    0.433753477E-01    0.327102675E+00
    0.955010000E+02    0.507025952E-01    0.327095305E+00
    0.955010000E+02    0.583263787E-01    0.327086418E+00
    0.955010000E+02    0.662266875E-01    0.327075900E+00
    0.955010000E+02    0.743871070E-01    0.327063638E+00
    0.955010000E+02    0.827941187E-01    0.327049520E+00
    0.955010000E+02    0.914362625E-01    0.327033438E+00
    0.955010000E+02    0.100303783E+00    0.327015285E+00
    0.955010000E+02    0.109388157E+00    0.326994953E+00
    0.955010000E+02    0.118681920E+00    0.326972340E+00
    0.955010000E+02    0.128178365E+00    0.326947341E+00
    0.955010000E+02    0.137871450E+00    0.326919854E+00
    0.955010000E+02    0.147755623E+00    0.326889780E+00
    0.955010000E+02    0.157825821E+00    0.326857018E+00
    0.955010000E+02    0.168077292E+00    0.326821473E+00
    0.955010000E+02    0.178505649E+00    0.326783046E+00
    0.955010000E+02    0.189106744E+00    0.326741644E+00
    0.955010000E+02    0.199876691E+00    0.326697173E+00
    0.955010000E+02    0.210811793E+00    0.326649541E+00
    0.955010000E+02    0.221908589E+00    0.326598660E+00
    0.955010000E+02    0.233163732E+00    0.326544439E+00
    0.955010000E+02    0.244574079E+00    0.326486794E+00
    0.955010000E+02    0.256136584E+00    0.326425638E+00
    0.955010000E+02    0.267848386E+00    0.326360888E+00
    0.955010000E+02    0.279706680E+00    0.326292464E+00
    0.955010000E+02    0.291708856E+00    0.326220285E+00
    0.955010000E+02    0.303852341E+00    0.326144274E+00
    0.955010000E+02    0.316134676E+00    0.326064354E+00
    0.955010000E+02    0.328553491E+00    0.325980452E+00
    0.955010000E+02    0.341106535E+00    0.325892496E+00
    0.955010000E+02    0.353791573E+00    0.325800416E+00
    0.955010000E+02    0.366606508E+00    0.325704143E+00
    0.955010000E+02    0.379549267E+00    0.325603612E+00
    0.955010000E+02    0.392617859E+00    0.325498758E+00
    0.955010000E+02    0.405810407E+00    0.325389519E+00
    0.955010000E+02    0.419124990E+00    0.325275836E+00
    0.955010000E+02    0.432559817E+00    0.325157651E+00
    0.955010000E+02    0.446113144E+00    0.325034909E+00
    0.955010000E+02    0.459783287E+00    0.324907555E+00
    0.955010000E+02    0.473568531E+00    0.324775539E+00
    0.955010000E+02    0.487467321E+00    0.324638810E+00
    0.955010000E+02    0.501478105E+00    0.324497324E+00
    0.955010000E+02    0.515599307E+00    0.324351034E+00
    0.955010000E+02    0.529829490E+00    0.324199899E+00
    0.955010000E+02    0.544167194E+00    0.324043878E+00
    0.955010000E+02    0.558610983E+00    0.323882933E+00
    0.955010000E+02    0.573159542E+00    0.323717029E+00
    0.955010000E+02    0.587811466E+00    0.323546133E+00
    0.955010000E+02    0.602565510E+00    0.323370212E+00
    0.955010000E+02    0.617420367E+00    0.323189238E+00
    0.955010000E+02    0.632374777E+00    0.323003186E+00
    0.955010000E+02    0.647427528E+00    0.322812030E+00
    0.955010000E+02    0.662577454E+00    0.322615748E+00
    0.955010000E+02    0.677823360E+00    0.322414322E+00
    0.955010000E+02    0.693164133E+00    0.322207732E+00
    0.955010000E+02    0.708598665E+00    0.321995964E+00
    0.955010000E+02    0.724125811E+00    0.321779005E+00
    0.955010000E+02    0.739744552E+00    0.321556845E+00
    0.955010000E+02    0.755453787E+00    0.321329475E+00
    0.955010000E+02    0.771252579E+00    0.321096888E+00
    0.955010000E+02    0.787139827E+00    0.320859082E+00
    0.955010000E+02    0.803114594E+00    0.320616053E+00
    0.955010000E+02    0.819175942E+00    0.320367802E+00
    0.955010000E+02    0.835322843E+00    0.320114333E+00
    0.955010000E+02    0.851554400E+00    0.319855649E+00
    0.955010000E+02    0.867869746E+00    0.319591757E+00
    0.955010000E+02    0.884267932E+00    0.319322666E+00
    0.955010000E+02    0.900748037E+00    0.319048389E+00
    0.955010000E+02    0.917309318E+00    0.318768936E+00
    0.955010000E+02    0.933950798E+00    0.318484325E+00
    0.955010000E+02    0.950671677E+00    0.318194572E+00
    0.955010000E+02    0.967471183E+00    0.317899696E+00
    0.955010000E+02    0.984348456E+00    0.317599719E+00
    0.955010000E+02    0.100130275E+01    0.317294663E+00
    0.955010000E+02    0.101833324E+01    0.316984554E+00
    0.955010000E+02    0.103543920E+01    0.316669418E+00
    0.955010000E+02    0.105261972E+01    0.316349288E+00
    0.955010000E+02    0.106987432E+01    0.316024189E+00
    0.955010000E+02    0.108720209E+01    0.315694156E+00
    0.955010000E+02    0.110460229E+01    0.315359225E+00
    0.955010000E+02    0.112207433E+01    0.315019430E+00
    0.955010000E+02    0.113961739E+01    0.314674810E+00
    0.955010000E+02    0.115723091E+01    0.314325404E+00
    0.955010000E+02    0.117491407E+01    0.313971255E+00
    0.955010000E+02    0.119266625E+01    0.313612404E+00
    0.955010000E+02    0.121048695E+01    0.313248895E+00
    0.955010000E+02    0.122837526E+01    0.312880778E+00
    0.955010000E+02    0.124633069E+01    0.312508097E+00
    0.955010000E+02    0.126435257E+01    0.312130903E+00
    0.955010000E+02    0.128244033E+01    0.311749247E+00
    0.955010000E+02    0.130059331E+01    0.311363180E+00
    0.955010000E+02    0.131881094E+01    0.310972757E+00
    0.955010000E+02    0.133709259E+01    0.310578033E+00
    0.955010000E+02    0.135543762E+01    0.310179066E+00
    0.955010000E+02    0.137384560E+01    0.309775911E+00
    0.955010000E+02    0.139231581E+01    0.309368630E+00
    0.955010000E+02    0.141084773E+01    0.308957283E+00
    0.955010000E+02    0.142944087E+01    0.308541930E+00
    0.955010000E+02    0.144809462E+01    0.308122637E+00
    0.955010000E+02    0.146680849E+01    0.307699465E+00
    0.955010000E+02    0.148558178E+01    0.307272486E+00
    0.955010000E+02    0.150441414E+01    0.306841761E+00
    0.955010000E+02    0.152330498E+01    0.306407359E+00
    0.955010000E+02    0.154225374E+01    0.305969352E+00
    0.955010000E+02    0.156125996E+01    0.305527808E+00
    0.955010000E+02    0.158032321E+01    0.305082797E+00
    0.955010000E+02    0.159944281E+01    0.304634396E+00
    0.955010000E+02    0.161861845E+01    0.304182673E+00
    0.955010000E+02    0.163784959E+01    0.303727704E+00
    0.955010000E+02    0.165713569E+01    0.303269567E+00
    0.955010000E+02    0.167647623E+01    0.302808338E+00
    0.955010000E+02    0.169587091E+01    0.302344092E+00
    0.955010000E+02    0.171531921E+01    0.301876906E+00
    0.955010000E+02    0.173482051E+01    0.301406866E+00
    0.955010000E+02    0.175437465E+01    0.300934043E+00
    0.955010000E+02    0.177398088E+01    0.300458525E+00
    0.955010000E+02    0.179363896E+01    0.299980391E+00
    0.955010000E+02    0.181334826E+01    0.299499726E+00
    0.955010000E+02    0.183310866E+01    0.299016606E+00
    0.955010000E+02    0.185291943E+01    0.298531124E+00
    0.955010000E+02    0.187261303E+01    0.298047472E+00
    0.955010000E+02    0.189218951E+01    0.297565748E+00
    0.955010000E+02    0.191164904E+01    0.297086042E+00
    0.955010000E+02    0.193099194E+01    0.296608439E+00
    0.955010000E+02    0.195021839E+01    0.296133023E+00
    0.955010000E+02    0.196932850E+01    0.295659876E+00
    0.955010000E+02    0.198832247E+01    0.295189077E+00
    0.955010000E+02    0.200720055E+01    0.294720697E+00
    0.955010000E+02    0.202596297E+01    0.294254807E+00
    0.955010000E+02    0.204461012E+01    0.293791472E+00
    0.955010000E+02    0.206314210E+01    0.293330758E+00
    0.955010000E+02    0.208155931E+01    0.292872724E+00
    0.955010000E+02    0.209986187E+01    0.292417433E+00
    0.955010000E+02    0.211805031E+01    0.291964932E+00
    0.955010000E+02    0.213612473E+01    0.291515280E+00
    0.955010000E+02    0.215408539E+01    0.291068527E+00
    0.955010000E+02    0.217193281E+01    0.290624715E+00
    0.955010000E+02    0.218966723E+01    0.290183891E+00
    0.955010000E+02    0.220728902E+01    0.289746096E+00
    0.955010000E+02    0.222479841E+01    0.289311372E+00
    0.955010000E+02    0.224219588E+01    0.288879754E+00
    0.955010000E+02    0.225948164E+01    0.288451279E+00
    0.955010000E+02    0.227665616E+01    0.288025978E+00
    0.955010000E+02    0.229371991E+01    0.287603878E+00
    0.955010000E+02    0.231067302E+01    0.287185014E+00
    0.955010000E+02    0.232751609E+01    0.286769407E+00
    0.955010000E+02    0.234424936E+01    0.286357086E+00
    0.955010000E+02    0.236087324E+01    0.285948071E+00
    0.955010000E+02    0.237738841E+01    0.285542377E+00
    0.955010000E+02    0.239379490E+01    0.285140031E+00
    0.955010000E+02    0.241009316E+01    0.284741050E+00
    0.955010000E+02    0.242628386E+01    0.284345443E+00
    0.955010000E+02    0.244236723E+01    0.283953228E+00
    0.955010000E+02    0.245834368E+01    0.283564418E+00
    0.955010000E+02    0.247421392E+01    0.283179015E+00
    0.955010000E+02    0.248997794E+01    0.282797040E+00
    0.955010000E+02    0.250563656E+01    0.282418492E+00
    0.955010000E+02    0.252118987E+01    0.282043384E+00
    0.955010000E+02    0.253663861E+01    0.281671715E+00
    0.955010000E+02    0.255198318E+01    0.281303489E+00
    0.955010000E+02    0.256722405E+01    0.280938709E+00
    0.955010000E+02    0.258236151E+01    0.280577378E+00
    0.955010000E+02    0.259739616E+01    0.280219494E+00
    0.955010000E+02    0.261232839E+01    0.279865056E+00
    0.955010000E+02    0.262715868E+01    0.279514063E+00
    0.955010000E+02    0.264188734E+01    0.279166514E+00
    0.955010000E+02    0.265651536E+01    0.278822393E+00
    0.955010000E+02    0.267104252E+01    0.278481710E+00
    0.955010000E+02    0.268546994E+01    0.278144444E+00
    0.955010000E+02    0.269979767E+01    0.277810598E+00
    0.955010000E+02    0.271402630E+01    0.277480160E+00
    0.955010000E+02    0.272815620E+01    0.277153125E+00
    0.955010000E+02    0.274218804E+01    0.276829477E+00
    0.955010000E+02    0.275612231E+01    0.276509207E+00
    0.955010000E+02    0.276995931E+01    0.276192306E+00
    0.955010000E+02    0.278369962E+01    0.275878762E+00
    0.955010000E+02    0.279734388E+01    0.275568556E+00
    0.955010000E+02    0.281089228E+01    0.275261684E+00
    0.955010000E+02    0.282434555E+01    0.274958125E+00
    0.955010000E+02    0.283770422E+01    0.274657863E+00
    0.955010000E+02    0.285096839E+01    0.274360892E+00
    0.955010000E+02    0.286413915E+01    0.274067183E+00
    0.955010000E+02    0.287721644E+01    0.273776731E+00
    0.955010000E+02    0.289020096E+01    0.273489516E+00
    0.955010000E+02    0.290309322E+01    0.273205520E+00
    0.955010000E+02    0.291589375E+01    0.272924722E+00
    0.955010000E+02    0.292860289E+01    0.272647110E+00
    0.955010000E+02    0.294122127E+01    0.272372661E+00
    0.955010000E+02    0.295374957E+01    0.272101352E+00
    0.955010000E+02    0.296618769E+01    0.271833176E+00
    0.955010000E+02    0.297853695E+01    0.271568096E+00
    0.955010000E+02    0.299079704E+01    0.271306109E+00
    0.955010000E+02    0.300296910E+01    0.271047180E+00
    0.955010000E+02    0.301505316E+01    0.270791299E+00
    0.955010000E+02    0.302704989E+01    0.270538441E+00
    0.955010000E+02    0.303895997E+01    0.270288580E+00
    0.955010000E+02    0.305078355E+01    0.270041701E+00
    0.955010000E+02    0.306252141E+01    0.269797778E+00
    0.955010000E+02    0.307417378E+01    0.269556793E+00
    0.955010000E+02    0.308574149E+01    0.269318718E+00
    0.955010000E+02    0.309722454E+01    0.269083538E+00
    0.955010000E+02    0.310862418E+01    0.268851218E+00
    0.955010000E+02    0.311994014E+01    0.268621749E+00
    0.955010000E+02    0.313117313E+01    0.268395103E+00
    0.955010000E+02    0.314232390E+01    0.268171253E+00
    0.955010000E+02    0.315339257E+01    0.267950182E+00
    0.955010000E+02    0.316438000E+01    0.267731859E+00
    0.955010000E+02    0.317528636E+01    0.267516268E+00
    0.955010000E+02    0.318611224E+01    0.267303383E+00
    0.955010000E+02    0.319685823E+01    0.267093177E+00
    0.955010000E+02    0.320752464E+01    0.266885631E+00
    0.955010000E+02    0.321811214E+01    0.266680717E+00
    0.955010000E+02    0.322862109E+01    0.266478414E+00
    0.955010000E+02    0.323905189E+01    0.266278699E+00
    0.955010000E+02    0.324940532E+01    0.266081543E+00
    0.955010000E+02    0.325968148E+01    0.265886929E+00
    0.955010000E+02    0.326988123E+01    0.265694825E+00
    0.955010000E+02    0.328000471E+01    0.265505214E+00
    0.955010000E+02    0.329005249E+01    0.265318071E+00
    0.955010000E+02    0.330002515E+01    0.265133369E+00
    0.955010000E+02    0.330992294E+01    0.264951088E+00
    0.955010000E+02    0.331974650E+01    0.264771202E+00
    0.955010000E+02    0.332949653E+01    0.264593682E+00
    0.955010000E+02    0.333917296E+01    0.264418514E+00
    0.955010000E+02    0.334877653E+01    0.264245670E+00
    0.955010000E+02    0.335830804E+01    0.264075120E+00
    0.955010000E+02    0.336776709E+01    0.263906855E+00
    0.955010000E+02    0.337715493E+01    0.263740837E+00
    0.955010000E+02    0.338647205E+01    0.263577044E+00
    0.955010000E+02    0.339571808E+01    0.263415465E+00
    0.955010000E+02    0.340489444E+01    0.263256061E+00
    0.955010000E+02    0.341400078E+01    0.263098822E+00
    0.955010000E+02    0.342303816E+01    0.262943715E+00
    0.955010000E+02    0.343200674E+01    0.262790721E+00
    0.955010000E+02    0.344090718E+01    0.262639813E+00
    0.955010000E+02    0.344973969E+01    0.262490974E+00
    0.955010000E+02    0.345850453E+01    0.262344183E+00
    0.955010000E+02    0.346720242E+01    0.262199412E+00
    0.955010000E+02    0.347583416E+01    0.262056634E+00
    0.955010000E+02    0.348439958E+01    0.261915836E+00
    0.955010000E+02    0.349289952E+01    0.261776988E+00
    0.955010000E+02    0.350133387E+01    0.261640079E+00
    0.955010000E+02    0.350970401E+01    0.261505070E+00
    0.955010000E+02    0.351800937E+01    0.261371955E+00
    0.955010000E+02    0.352625092E+01    0.261240704E+00
    0.955010000E+02    0.353442862E+01    0.261111303E+00
    0.955010000E+02    0.354254400E+01    0.260983712E+00
    0.955010000E+02    0.355059604E+01    0.260857934E+00
    0.955010000E+02    0.355858635E+01    0.260733928E+00
    0.955010000E+02    0.356659991E+01    0.260610374E+00
    0.955010000E+02    0.357465150E+01    0.260487057E+00
    0.955010000E+02    0.358274459E+01    0.260363941E+00
    0.955010000E+02    0.359088345E+01    0.260240980E+00
    0.955010000E+02    0.359907302E+01    0.260118118E+00
    0.955010000E+02    0.360731706E+01    0.259995321E+00
    0.955010000E+02    0.361562000E+01    0.259872545E+00
    0.955010000E+02    0.362398605E+01    0.259749754E+00
    0.955010000E+02    0.363242001E+01    0.259626902E+00
    0.955010000E+02    0.364092561E+01    0.259503965E+00
    0.955010000E+02    0.364950720E+01    0.259380909E+00
    0.955010000E+02    0.365816967E+01    0.259257698E+00
    0.955010000E+02    0.366691690E+01    0.259134310E+00
    0.955010000E+02    0.367575333E+01    0.259010719E+00
    0.955010000E+02    0.368468318E+01    0.258886904E+00
    0.955010000E+02    0.369371049E+01    0.258762852E+00
    0.955010000E+02    0.370284109E+01    0.258638524E+00
    0.955010000E+02    0.371207860E+01    0.258513919E+00
    0.955010000E+02    0.372142774E+01    0.258389020E+00
    0.955010000E+02    0.373089303E+01    0.258263820E+00
    0.955010000E+02    0.374047999E+01    0.258138298E+00
    0.955010000E+02    0.375019214E+01    0.258012468E+00
    0.955010000E+02    0.376003514E+01    0.257886315E+00
    0.955010000E+02    0.377001330E+01    0.257759848E+00
    0.955010000E+02    0.378013184E+01    0.257633069E+00
    0.955010000E+02    0.379039630E+01    0.257505979E+00
    0.955010000E+02    0.380081094E+01    0.257378600E+00
    0.955010000E+02    0.381138141E+01    0.257250942E+00
    0.955010000E+02    0.382211357E+01    0.257123017E+00
    0.955010000E+02    0.383301165E+01    0.256994863E+00
    0.955010000E+02    0.384408158E+01    0.256866502E+00
    0.955010000E+02    0.385532908E+01    0.256737964E+00
    0.955010000E+02    0.386675965E+01    0.256609289E+00
    0.955010000E+02    0.387837900E+01    0.256480520E+00
    0.955010000E+02    0.389019310E+01    0.256351704E+00
    0.955010000E+02    0.390220767E+01    0.256222898E+00
    0.955010000E+02    0.391442947E+01    0.256094154E+00
    0.955010000E+02    0.392686379E+01    0.255965549E+00
    0.955010000E+02    0.393951733E+01    0.255837152E+00
    0.955010000E+02    0.395239654E+01    0.255709042E+00
    0.955010000E+02    0.396550803E+01    0.255581308E+00
    0.955010000E+02    0.397885817E+01    0.255454048E+00
    0.955010000E+02    0.399245421E+01    0.255327363E+00
    0.955010000E+02    0.400630278E+01    0.255201367E+00
    0.955010000E+02    0.402041063E+01    0.255076186E+00
    0.955010000E+02    0.403478567E+01    0.254951945E+00
    0.955010000E+02    0.404943485E+01    0.254828790E+00
    0.955010000E+02    0.406436589E+01    0.254706870E+00
    0.955010000E+02    0.407958591E+01    0.254586353E+00
    0.955010000E+02    0.409510339E+01    0.254467406E+00
    0.955010000E+02    0.411092623E+01    0.254350217E+00
    0.955010000E+02    0.412706204E+01    0.254234987E+00
    0.955010000E+02    0.414351970E+01    0.254121920E+00
    0.955010000E+02    0.416030720E+01    0.254011243E+00
    0.955010000E+02    0.417743374E+01    0.253903186E+00
    0.955010000E+02    0.419490762E+01    0.253797998E+00
    0.955010000E+02    0.421273829E+01    0.253695937E+00
    0.955010000E+02    0.423093488E+01    0.253597273E+00
    0.955010000E+02    0.424950679E+01    0.253502288E+00
    0.955010000E+02    0.426846334E+01    0.253411275E+00
    0.955010000E+02    0.428781492E+01    0.253324528E+00
    0.955010000E+02    0.430757102E+01    0.253242356E+00
    0.955010000E+02    0.432774237E+01    0.253165063E+00
    0.955010000E+02    0.434833909E+01    0.253092955E+00
    0.955010000E+02    0.436937198E+01    0.253026325E+00
    0.955010000E+02    0.439085197E+01    0.252965451E+00
    0.955010000E+02    0.441279034E+01    0.252910584E+00
    0.955010000E+02    0.443519849E+01    0.252861931E+00
    0.955010000E+02    0.445808816E+01    0.252819635E+00
    0.955010000E+02    0.448147092E+01    0.252783757E+00
    0.955010000E+02    0.450535955E+01    0.252754241E+00
    0.955010000E+02    0.452976598E+01    0.252730886E+00
    0.955010000E+02    0.455470305E+01    0.252713308E+00
    0.955010000E+02    0.458018406E+01    0.252700928E+00
    0.955010000E+02    0.460622208E+01    0.252692965E+00
    0.955010000E+02    0.463283083E+01    0.252688479E+00
    0.955010000E+02    0.466002417E+01    0.252686458E+00
    0.955010000E+02    0.468781634E+01    0.252685941E+00
    0.955010000E+02    0.471622192E+01    0.252686142E+00
    0.955010000E+02    0.474525561E+01    0.252686533E+00
    0.955010000E+02    0.477493279E+01    0.252686851E+00
    0.955010000E+02    0.480526892E+01    0.252687037E+00
    0.955010000E+02    0.483628008E+01    0.252687136E+00
    0.955010000E+02    0.486798223E+01    0.252687211E+00
    0.955010000E+02    0.490039223E+01    0.252687294E+00
    0.955010000E+02    0.493352699E+01    0.252687391E+00
    0.955010000E+02    0.496740406E+01    0.252687495E+00
    0.955010000E+02    0.500204098E+01    0.252687601E+00
    0.955010000E+02    0.503745593E+01    0.252687707E+00
    0.955010000E+02    0.507366783E+01    0.252687815E+00
    0.955010000E+02    0.511069536E+01    0.252687925E+00
    0.955010000E+02    0.514855822E+01    0.252688038E+00
    0.955010000E+02    0.518727628E+01    0.252688153E+00
    0.955010000E+02    0.522686990E+01    0.252688271E+00
    0.955010000E+02    0.526735989E+01    0.252688391E+00
    0.955010000E+02    0.530876761E+01    0.252688514E+00
    0.955010000E+02    0.535111482E+01    0.252688640E+00
    0.955010000E+02    0.539442378E+01    0.252688768E+00
    0.955010000E+02    0.543871751E+01    0.252688900E+00
    0.955010000E+02    0.548401931E+01    0.252689034E+00
    0.955010000E+02    0.553035289E+01    0.252689171E+00
    0.955010000E+02    0.557774291E+01    0.252689312E+00
    0.955010000E+02    0.562621432E+01    0.252689455E+00
    0.955010000E+02    0.567579283E+01    0.252689602E+00
    0.955010000E+02    0.572650451E+01    0.252689752E+00
    0.955010000E+02    0.577837610E+01    0.252689905E+00
    0.955010000E+02    0.583143529E+01    0.252690062E+00
    0.955010000E+02    0.588570982E+01    0.252690223E+00
    0.955010000E+02    0.594122883E+01    0.252690386E+00
    0.955010000E+02    0.599802143E+01    0.252690554E+00
    0.955010000E+02    0.605611777E+01    0.252690725E+00
    0.955010000E+02    0.611554865E+01    0.252690901E+00
    0.955010000E+02    0.617634578E+01    0.252691080E+00
    0.955010000E+02    0.623854122E+01    0.252691263E+00
    0.955010000E+02    0.630216808E+01    0.252691451E+00
    0.955010000E+02    0.636726017E+01    0.252691642E+00
    0.955010000E+02    0.643385204E+01    0.252691838E+00
    0.955010000E+02    0.650197938E+01    0.252692038E+00
    0.955010000E+02    0.657167820E+01    0.252692243E+00
    0.955010000E+02    0.664298567E+01    0.252692453E+00
    0.955010000E+02    0.671593990E+01    0.252692667E+00
    0.955010000E+02    0.679057973E+01    0.252692886E+00
    0.955010000E+02    0.686694505E+01    0.252693110E+00
    0.955010000E+02    0.694507678E+01    0.252693340E+00
    0.955010000E+02    0.702501637E+01    0.252693574E+00
    0.955010000E+02    0.710680715E+01    0.252693814E+00
    0.955010000E+02    0.719049229E+01    0.252694059E+00
    0.955010000E+02    0.727611711E+01    0.252694309E+00
    0.955010000E+02    0.736372758E+01    0.252694566E+00
    0.955010000E+02    0.745337039E+01    0.252694828E+00
    0.955010000E+02    0.754509403E+01    0.252695096E+00
    0.955010000E+02    0.763894777E+01    0.252695370E+00
    0.955010000E+02    0.773498217E+01    0.252695651E+00
    0.955010000E+02    0.783324896E+01    0.252695938E+00
    0.955010000E+02    0.793380121E+01    0.252696231E+00
    0.955010000E+02    0.803669334E+01    0.252696531E+00
    0.955010000E+02    0.814198096E+01    0.252696838E+00
    0.955010000E+02    0.824972104E+01    0.252697152E+00
    0.955010000E+02    0.835997210E+01    0.252697473E+00
    0.955010000E+02    0.847279400E+01    0.252697801E+00
    0.955010000E+02    0.858824799E+01    0.252698137E+00
    0.955010000E+02    0.870639700E+01    0.252698480E+00
    0.955010000E+02    0.882730544E+01    0.252698831E+00
    0.955010000E+02    0.895103940E+01    0.252699190E+00
    0.955010000E+02    0.907766645E+01    0.252699558E+00
    0.955010000E+02    0.920725592E+01    0.252699933E+00
    0.955010000E+02    0.933987878E+01    0.252700317E+00
    0.955010000E+02    0.947560825E+01    0.252700710E+00
    0.955010000E+02    0.961451845E+01    0.252701112E+00
    0.955010000E+02    0.975668667E+01    0.252701523E+00
    0.955010000E+02    0.990219104E+01    0.252701943E+00
    0.955010000E+02    0.100511119E+02    0.252702372E+00
    0.955010000E+02    0.102035322E+02    0.252702812E+00
    0.955010000E+02    0.103595364E+02    0.252703261E+00
    0.955010000E+02    0.105192114E+02    0.252703720E+00
    0.955010000E+02    0.106826463E+02    0.252704190E+00
    0.955010000E+02    0.108499323E+02    0.252704671E+00
    0.955010000E+02    0.110211632E+02    0.252705162E+00
    0.955010000E+02    0.111964355E+02    0.252705664E+00
    0.955010000E+02    0.113758477E+02    0.252706178E+00
    0.955010000E+02    0.115595010E+02    0.252706703E+00
    0.955010000E+02    0.117474994E+02    0.252707240E+00
    0.955010000E+02    0.119399496E+02    0.252707789E+00
    0.955010000E+02    0.121369614E+02    0.252708350E+00
    0.955010000E+02    0.123386472E+02    0.252708924E+00
    0.955010000E+02    0.125451225E+02    0.252709511E+00
    0.955010000E+02    0.127565057E+02    0.252710111E+00
    0.955010000E+02    0.129729191E+02    0.252710724E+00
    0.955010000E+02    0.131944875E+02    0.252711350E+00
    0.955010000E+02    0.134213397E+02    0.252711991E+00
    0.955010000E+02    0.136536084E+02    0.252712646E+00
    0.955010000E+02    0.138914287E+02    0.252713315E+00
    0.955010000E+02    0.141349407E+02    0.252714000E+00
    0.955010000E+02    0.143842882E+02    0.252714699E+00
    0.955010000E+02    0.146396191E+02    0.252715413E+00
    0.955010000E+02    0.149010849E+02    0.252716144E+00
    0.955010000E+02    0.151688422E+02    0.252716890E+00
    0.955010000E+02    0.154430521E+02    0.252717653E+00
    0.955010000E+02    0.157238804E+02    0.252718432E+00
    0.955010000E+02    0.160114977E+02    0.252719228E+00
    0.955010000E+02    0.163060794E+02    0.252720041E+00
    0.955010000E+02    0.166078072E+02    0.252720872E+00
    0.955010000E+02    0.169168675E+02    0.252721721E+00
    0.955010000E+02    0.172334529E+02    0.252722587E+00
    0.955010000E+02    0.175577613E+02    0.252723473E+00
    0.955010000E+02    0.178899981E+02    0.252724377E+00
    0.955010000E+02    0.182303744E+02    0.252725300E+00
    0.955010000E+02    0.185791087E+02    0.252726243E+00
    0.955010000E+02    0.189364256E+02    0.252727205E+00
    0.955010000E+02    0.193025587E+02    0.252728188E+00
    0.955010000E+02    0.196777488E+02    0.252729191E+00
    0.955010000E+02    0.200622445E+02    0.252730214E+00
    0.955010000E+02    0.204563044E+02    0.252731259E+00
    0.955010000E+02    0.208601941E+02    0.252732325E+00
    0.955010000E+02    0.212741914E+02    0.252733413E+00
    0.955010000E+02    0.216985823E+02    0.252734522E+00
    0.955010000E+02    0.221336643E+02    0.252735654E+00
    0.955010000E+02    0.225797457E+02    0.252736809E+00
    0.955010000E+02    0.230371476E+02    0.252737986E+00
    0.955010000E+02    0.235062028E+02    0.252739186E+00
    0.955010000E+02    0.239872581E+02    0.252740409E+00
    0.955010000E+02    0.244806743E+02    0.252741656E+00
    0.955010000E+02    0.249868270E+02    0.252742927E+00
    0.955010000E+02    0.255061084E+02    0.252744222E+00
    0.955010000E+02    0.260389275E+02    0.252745541E+00
    0.955010000E+02    0.265857119E+02    0.252746885E+00
    0.955010000E+02    0.271469079E+02    0.252748253E+00
    0.955010000E+02    0.277229836E+02    0.252749646E+00
    0.955010000E+02    0.283144291E+02    0.252751064E+00
    0.955010000E+02    0.289217582E+02    0.252752506E+00
    0.955010000E+02    0.295455114E+02    0.252753974E+00
    0.955010000E+02    0.301862568E+02    0.252755467E+00
    0.955010000E+02    0.308445914E+02    0.252756986E+00
    0.955010000E+02    0.315211461E+02    0.252758529E+00
    0.955010000E+02    0.322165846E+02    0.252760098E+00
    0.955010000E+02    0.329316118E+02    0.252761691E+00
    0.955010000E+02    0.336669709E+02    0.252763310E+00
    0.955010000E+02    0.344234513E+02    0.252764954E+00
    0.955010000E+02    0.352018915E+02    0.252766622E+00
    0.955010000E+02    0.360031811E+02    0.252768314E+00
    0.955010000E+02    0.368282707E+02    0.252770031E+00
    0.955010000E+02    0.376781726E+02    0.252771772E+00
    0.955010000E+02    0.385539694E+02    0.252773536E+00
    0.955010000E+02    0.394568216E+02    0.252775323E+00
    0.955010000E+02    0.403879729E+02    0.252777132E+00
    0.955010000E+02    0.413487617E+02    0.252778963E+00
    0.955010000E+02    0.423406273E+02    0.252780815E+00
    0.955010000E+02    0.433651264E+02    0.252782687E+00
    0.955010000E+02    0.444239415E+02    0.252784579E+00
    0.955010000E+02    0.455188991E+02    0.252786489E+00
    0.955010000E+02    0.466519799E+02    0.252788416E+00
    0.955010000E+02    0.478253436E+02    0.252790358E+00
    0.955010000E+02    0.490413516E+02    0.252792315E+00
    0.955010000E+02    0.503025826E+02    0.252794284E+00
    0.955010000E+02    0.516118709E+02    0.252796264E+00
    0.955010000E+02    0.529723342E+02    0.252798253E+00
    0.955010000E+02    0.543874129E+02    0.252800248E+00
    0.955010000E+02    0.558609065E+02    0.252802245E+00
    0.955010000E+02    0.573970358E+02    0.252804243E+00
    0.955010000E+02    0.590004831E+02    0.252806237E+00
    0.955010000E+02    0.606764731E+02    0.252808224E+00
    0.955010000E+02    0.624308249E+02    0.252810197E+00
    0.955010000E+02    0.642700454E+02    0.252812152E+00
    0.955010000E+02    0.662014015E+02    0.252814082E+00
    0.955010000E+02    0.682330060E+02    0.252815979E+00
    0.955010000E+02    0.703738864E+02    0.252817832E+00
    0.955010000E+02    0.726340314E+02    0.252819631E+00
    0.955010000E+02    0.750243572E+02    0.252821362E+00
    0.955010000E+02    0.775566088E+02    0.252823007E+00
    0.955010000E+02    0.802429954E+02    0.252824545E+00
    0.955010000E+02    0.830955367E+02    0.252825952E+00
    0.955010000E+02    0.861247913E+02    0.252827195E+00
    0.955010000E+02    0.893376669E+02    0.252828239E+00
    0.955010000E+02    0.927337797E+02    0.252829040E+00
    0.955010000E+02    0.962996307E+02    0.252829552E+00
    0.955010000E+02    0.100000000E+03    0.252829730E+00
