VARIABLES = "x"
"y"
"z"
"rho"
"u"
ZONE T="G1, diag, x=40, sorted"
    0.400000000E+02    0.214639501E-09    0.000000000E+00    0.811083376E+00    0.000000000E+00
    0.400000000E+02    0.214660963E-05    0.214660963E-05    0.811083376E+00    0.173608711E-06
    0.400000000E+02    0.431504850E-05    0.431504850E-05    0.811083376E+00    0.721952290E-06
    0.400000000E+02    0.650553875E-05    0.650553875E-05    0.811083376E+00    0.166898235E-05
    0.400000000E+02    0.871830434E-05    0.871830434E-05    0.811083376E+00    0.303352545E-05
    0.400000000E+02    0.109535722E-04    0.109533466E-04    0.811083376E+00    0.483288204E-05
    0.400000000E+02    0.109537978E-04    0.109535722E-04    0.811083376E+00    0.483308531E-05
    0.400000000E+02    0.132115711E-04    0.132115711E-04    0.811083376E+00    0.708419611E-05
    0.400000000E+02    0.154925310E-04    0.154925310E-04    0.811083376E+00    0.980379991E-05
    0.400000000E+02    0.177966867E-04    0.177966867E-04    0.811083376E+00    0.130084218E-04
    0.400000000E+02    0.201242747E-04    0.201242747E-04    0.811083376E+00    0.167147900E-04
    0.400000000E+02    0.224755331E-04    0.224752948E-04    0.811083317E+00    0.209395803E-04
    0.400000000E+02    0.224757714E-04    0.224755331E-04    0.811083317E+00    0.209400314E-04
    0.400000000E+02    0.248507004E-04    0.248507004E-04    0.811083317E+00    0.257006050E-04
    0.400000000E+02    0.272500220E-04    0.272500220E-04    0.811083317E+00    0.310145915E-04
    0.400000000E+02    0.296737417E-04    0.296737417E-04    0.811083317E+00    0.368994661E-04
    0.400000000E+02    0.321221087E-04    0.321221087E-04    0.811083317E+00    0.433732603E-04
    0.400000000E+02    0.345953777E-04    0.345953777E-04    0.811083317E+00    0.504543568E-04
    0.400000000E+02    0.370937923E-04    0.370937923E-04    0.811083317E+00    0.581615059E-04
    0.400000000E+02    0.396176183E-04    0.396176183E-04    0.811083317E+00    0.665138359E-04
    0.400000000E+02    0.421671066E-04    0.421671066E-04    0.811083317E+00    0.755308938E-04
    0.400000000E+02    0.447425227E-04    0.447425227E-04    0.811083317E+00    0.852326266E-04
    0.400000000E+02    0.473441251E-04    0.473441251E-04    0.811083317E+00    0.956394288E-04
    0.400000000E+02    0.499721900E-04    0.499719245E-04    0.811083317E+00    0.106771549E-03
    0.400000000E+02    0.499724556E-04    0.499721900E-04    0.811083317E+00    0.106772706E-03
    0.400000000E+02    0.526269760E-04    0.526269760E-04    0.811083257E+00    0.118652024E-03
    0.400000000E+02    0.553087593E-04    0.553087593E-04    0.811083257E+00    0.131300883E-03
    0.400000000E+02    0.580178130E-04    0.580178130E-04    0.811083257E+00    0.144740960E-03
    0.400000000E+02    0.607544207E-04    0.607544207E-04    0.811083257E+00    0.158994997E-03
    0.400000000E+02    0.635188553E-04    0.635188553E-04    0.811083257E+00    0.174086279E-03
    0.400000000E+02    0.663113969E-04    0.663113969E-04    0.811083257E+00    0.190038583E-03
    0.400000000E+02    0.691323439E-04    0.691323439E-04    0.811083257E+00    0.206876255E-03
    0.400000000E+02    0.719819727E-04    0.719819727E-04    0.811083257E+00    0.224624178E-03
    0.400000000E+02    0.748605817E-04    0.748605817E-04    0.811083198E+00    0.243307790E-03
    0.400000000E+02    0.777684618E-04    0.777684618E-04    0.811083198E+00    0.262953137E-03
    0.400000000E+02    0.807059187E-04    0.807059187E-04    0.811083198E+00    0.283586822E-03
    0.400000000E+02    0.836732434E-04    0.836732434E-04    0.811083198E+00    0.305236084E-03
    0.400000000E+02    0.866707414E-04    0.866704431E-04    0.811083198E+00    0.327927613E-03
    0.400000000E+02    0.866710470E-04    0.866707414E-04    0.811083198E+00    0.327929942E-03
    0.400000000E+02    0.896987185E-04    0.896987185E-04    0.811083138E+00    0.351693394E-03
    0.400000000E+02    0.927574947E-04    0.927574947E-04    0.811083138E+00    0.376559095E-03
    0.400000000E+02    0.958473756E-04    0.958473756E-04    0.811083138E+00    0.402555626E-03
    0.400000000E+02    0.989686741E-04    0.989686741E-04    0.811083138E+00    0.429713516E-03
    0.400000000E+02    0.102121718E-03    0.102121718E-03    0.811083138E+00    0.458063965E-03
    0.400000000E+02    0.105306826E-03    0.105306506E-03    0.811083078E+00    0.487637299E-03
    0.400000000E+02    0.105307146E-03    0.105306826E-03    0.811083078E+00    0.487640325E-03
    0.400000000E+02    0.108524320E-03    0.108524320E-03    0.811083078E+00    0.518470712E-03
    0.400000000E+02    0.111774534E-03    0.111774534E-03    0.811083078E+00    0.550593017E-03
    0.400000000E+02    0.115057803E-03    0.115057803E-03    0.811083078E+00    0.584039837E-03
    0.400000000E+02    0.118374461E-03    0.118374461E-03    0.811083078E+00    0.618846097E-03
    0.400000000E+02    0.121724843E-03    0.121724843E-03    0.811083019E+00    0.655047479E-03
    0.400000000E+02    0.125109291E-03    0.125109291E-03    0.811083019E+00    0.692680478E-03
    0.400000000E+02    0.128528161E-03    0.128528161E-03    0.811083019E+00    0.731782522E-03
    0.400000000E+02    0.131981811E-03    0.131981811E-03    0.811083019E+00    0.772391679E-03
    0.400000000E+02    0.135470560E-03    0.135470560E-03    0.811082959E+00    0.814547064E-03
    0.400000000E+02    0.138994801E-03    0.138994801E-03    0.811082959E+00    0.858288608E-03
    0.400000000E+02    0.142554883E-03    0.142554883E-03    0.811082959E+00    0.903657230E-03
    0.400000000E+02    0.146151157E-03    0.146151157E-03    0.811082900E+00    0.950694550E-03
    0.400000000E+02    0.149784013E-03    0.149784013E-03    0.811082900E+00    0.999443466E-03
    0.400000000E+02    0.153453802E-03    0.153453802E-03    0.811082900E+00    0.104994746E-02
    0.400000000E+02    0.157160917E-03    0.157160917E-03    0.811082900E+00    0.110225147E-02
    0.400000000E+02    0.160905722E-03    0.160905722E-03    0.811082840E+00    0.115640089E-02
    0.400000000E+02    0.164688623E-03    0.164688623E-03    0.811082840E+00    0.121244264E-02
    0.400000000E+02    0.168509985E-03    0.168509985E-03    0.811082840E+00    0.127042446E-02
    0.400000000E+02    0.172370201E-03    0.172370201E-03    0.811082780E+00    0.133039511E-02
    0.400000000E+02    0.176269677E-03    0.176269677E-03    0.811082780E+00    0.139240467E-02
    0.400000000E+02    0.180208808E-03    0.180208808E-03    0.811082780E+00    0.145650411E-02
    0.400000000E+02    0.184188000E-03    0.184188000E-03    0.811082721E+00    0.152274570E-02
    0.400000000E+02    0.188207647E-03    0.188207647E-03    0.811082721E+00    0.159118278E-02
    0.400000000E+02    0.192268184E-03    0.192268184E-03    0.811082721E+00    0.166186993E-02
    0.400000000E+02    0.196370005E-03    0.196370005E-03    0.811082661E+00    0.173486304E-02
    0.400000000E+02    0.200513547E-03    0.200513125E-03    0.811082661E+00    0.181021530E-02
    0.400000000E+02    0.200513969E-03    0.200513547E-03    0.811082661E+00    0.181022298E-02
    0.400000000E+02    0.204699216E-03    0.204699216E-03    0.811082661E+00    0.188799668E-02
    0.400000000E+02    0.208927449E-03    0.208927449E-03    0.811082661E+00    0.196825503E-02
    0.400000000E+02    0.213198684E-03    0.213198684E-03    0.811082602E+00    0.205105566E-02
    0.400000000E+02    0.217513356E-03    0.217513356E-03    0.811082602E+00    0.213646051E-02
    0.400000000E+02    0.221871902E-03    0.221871902E-03    0.811082602E+00    0.222453335E-02
    0.400000000E+02    0.226274773E-03    0.226274773E-03    0.811082542E+00    0.231533963E-02
    0.400000000E+02    0.230722420E-03    0.230722420E-03    0.811082542E+00    0.240894570E-02
    0.400000000E+02    0.235215295E-03    0.235215295E-03    0.811082542E+00    0.250541978E-02
    0.400000000E+02    0.239753848E-03    0.239753848E-03    0.811082482E+00    0.260483148E-02
    0.400000000E+02    0.244338560E-03    0.244338560E-03    0.811082482E+00    0.270725205E-02
    0.400000000E+02    0.248969911E-03    0.248969911E-03    0.811082482E+00    0.281275413E-02
    0.400000000E+02    0.253648352E-03    0.253648352E-03    0.811082482E+00    0.292141200E-02
    0.400000000E+02    0.258374348E-03    0.258374348E-03    0.811082423E+00    0.303330203E-02
    0.400000000E+02    0.263148424E-03    0.263148424E-03    0.811082423E+00    0.314850174E-02
    0.400000000E+02    0.267971045E-03    0.267971045E-03    0.811082423E+00    0.326709030E-02
    0.400000000E+02    0.272842706E-03    0.272842706E-03    0.811082423E+00    0.338914944E-02
    0.400000000E+02    0.277763902E-03    0.277763902E-03    0.811082423E+00    0.351476180E-02
    0.400000000E+02    0.282735156E-03    0.282735156E-03    0.811082363E+00    0.364401215E-02
    0.400000000E+02    0.287756964E-03    0.287756964E-03    0.811082363E+00    0.377698755E-02
    0.400000000E+02    0.292829820E-03    0.292829820E-03    0.811082363E+00    0.391377648E-02
    0.400000000E+02    0.297954277E-03    0.297954277E-03    0.811082363E+00    0.405446952E-02
    0.400000000E+02    0.303130859E-03    0.303130859E-03    0.811082363E+00    0.419915887E-02
    0.400000000E+02    0.308360060E-03    0.308360060E-03    0.811082363E+00    0.434793951E-02
    0.400000000E+02    0.313642435E-03    0.313642435E-03    0.811082363E+00    0.450090831E-02
    0.400000000E+02    0.318978535E-03    0.318978535E-03    0.811082363E+00    0.465816399E-02
    0.400000000E+02    0.324368913E-03    0.324368913E-03    0.811082363E+00    0.481980760E-02
    0.400000000E+02    0.329814095E-03    0.329814095E-03    0.811082363E+00    0.498594204E-02
    0.400000000E+02    0.335314660E-03    0.335314660E-03    0.811082363E+00    0.515667349E-02
    0.400000000E+02    0.340871135E-03    0.340871135E-03    0.811082363E+00    0.533210905E-02
    0.400000000E+02    0.346484128E-03    0.346484128E-03    0.811082363E+00    0.551235955E-02
    0.400000000E+02    0.352154224E-03    0.352154224E-03    0.811082423E+00    0.569753721E-02
    0.400000000E+02    0.357881945E-03    0.357881945E-03    0.811082423E+00    0.588775706E-02
    0.400000000E+02    0.363667932E-03    0.363667932E-03    0.811082423E+00    0.608313736E-02
    0.400000000E+02    0.369512767E-03    0.369512767E-03    0.811082482E+00    0.628379779E-02
    0.400000000E+02    0.375417003E-03    0.375417003E-03    0.811082482E+00    0.648986083E-02
    0.400000000E+02    0.381381309E-03    0.381381309E-03    0.811082482E+00    0.670145266E-02
    0.400000000E+02    0.387406268E-03    0.387405657E-03    0.811082542E+00    0.691869063E-02
    0.400000000E+02    0.387406879E-03    0.387406268E-03    0.811082542E+00    0.691871298E-02
    0.400000000E+02    0.393492490E-03    0.393492490E-03    0.811082602E+00    0.714173820E-02
    0.400000000E+02    0.399640616E-03    0.399640616E-03    0.811082602E+00    0.737069687E-02
    0.400000000E+02    0.405851257E-03    0.405851257E-03    0.811082661E+00    0.760571379E-02
    0.400000000E+02    0.412125024E-03    0.412125024E-03    0.811082721E+00    0.784693006E-02
    0.400000000E+02    0.418462616E-03    0.418462616E-03    0.811082780E+00    0.809448678E-02
    0.400000000E+02    0.424864673E-03    0.424864673E-03    0.811082840E+00    0.834853202E-02
    0.400000000E+02    0.431331806E-03    0.431331806E-03    0.811082900E+00    0.860921387E-02
    0.400000000E+02    0.437864714E-03    0.437864714E-03    0.811083019E+00    0.887668412E-02
    0.400000000E+02    0.444464065E-03    0.444464065E-03    0.811083078E+00    0.915110018E-02
    0.400000000E+02    0.451130531E-03    0.451130531E-03    0.811083198E+00    0.943261944E-02
    0.400000000E+02    0.457864779E-03    0.457864779E-03    0.811083257E+00    0.972140674E-02
    0.400000000E+02    0.464667508E-03    0.464667508E-03    0.811083376E+00    0.100176260E-01
    0.400000000E+02    0.471539417E-03    0.471539417E-03    0.811083496E+00    0.103214486E-01
    0.400000000E+02    0.478481204E-03    0.478481204E-03    0.811083615E+00    0.106330477E-01
    0.400000000E+02    0.485493569E-03    0.485493569E-03    0.811083794E+00    0.109526003E-01
    0.400000000E+02    0.492577266E-03    0.492577266E-03    0.811083913E+00    0.112802871E-01
    0.400000000E+02    0.499733025E-03    0.499733025E-03    0.811084092E+00    0.116162933E-01
    0.400000000E+02    0.506961485E-03    0.506961485E-03    0.811084211E+00    0.119608091E-01
    0.400000000E+02    0.514263520E-03    0.514263520E-03    0.811084449E+00    0.123140262E-01
    0.400000000E+02    0.521639769E-03    0.521639769E-03    0.811084628E+00    0.126761422E-01
    0.400000000E+02    0.529091049E-03    0.529091049E-03    0.811084807E+00    0.130473599E-01
    0.400000000E+02    0.536618056E-03    0.536618056E-03    0.811085045E+00    0.134278834E-01
    0.400000000E+02    0.544221664E-03    0.544221664E-03    0.811085284E+00    0.138179250E-01
    0.400000000E+02    0.551902573E-03    0.551902573E-03    0.811085522E+00    0.142176989E-01
    0.400000000E+02    0.559661596E-03    0.559661596E-03    0.811085820E+00    0.146274250E-01
    0.400000000E+02    0.567499490E-03    0.567499490E-03    0.811086059E+00    0.150473267E-01
    0.400000000E+02    0.575417129E-03    0.575417129E-03    0.811086416E+00    0.154776350E-01
    0.400000000E+02    0.583415269E-03    0.583415269E-03    0.811086714E+00    0.159185827E-01
    0.400000000E+02    0.591494783E-03    0.591494783E-03    0.811087072E+00    0.163704101E-01
    0.400000000E+02    0.599656370E-03    0.599656370E-03    0.811087430E+00    0.168333594E-01
    0.400000000E+02    0.607901020E-03    0.607901020E-03    0.811087787E+00    0.173076838E-01
    0.400000000E+02    0.616229489E-03    0.616229489E-03    0.811088204E+00    0.177936368E-01
    0.400000000E+02    0.624642707E-03    0.624642707E-03    0.811088681E+00    0.182914771E-01
    0.400000000E+02    0.633141433E-03    0.633141433E-03    0.811089158E+00    0.188014749E-01
    0.400000000E+02    0.641726539E-03    0.641726539E-03    0.811089635E+00    0.193239003E-01
    0.400000000E+02    0.650399015E-03    0.650399015E-03    0.811090171E+00    0.198590290E-01
    0.400000000E+02    0.659159676E-03    0.659159676E-03    0.811090708E+00    0.204071496E-01
    0.400000000E+02    0.668009394E-03    0.668009394E-03    0.811091304E+00    0.209685471E-01
    0.400000000E+02    0.676949159E-03    0.676949159E-03    0.811091900E+00    0.215435214E-01
    0.400000000E+02    0.685979787E-03    0.685979787E-03    0.811092556E+00    0.221323743E-01
    0.400000000E+02    0.695102266E-03    0.695102266E-03    0.811093271E+00    0.227354132E-01
    0.400000000E+02    0.704317528E-03    0.704317528E-03    0.811093986E+00    0.233529564E-01
    0.400000000E+02    0.713626447E-03    0.713626447E-03    0.811094761E+00    0.239853244E-01
    0.400000000E+02    0.723030069E-03    0.723030069E-03    0.811095536E+00    0.246328488E-01
    0.400000000E+02    0.732529326E-03    0.732529326E-03    0.811096430E+00    0.252958648E-01
    0.400000000E+02    0.742125208E-03    0.742125208E-03    0.811097324E+00    0.259747170E-01
    0.400000000E+02    0.751818588E-03    0.751818588E-03    0.811098278E+00    0.266697556E-01
    0.400000000E+02    0.761610630E-03    0.761610630E-03    0.811099291E+00    0.273813400E-01
    0.400000000E+02    0.771502207E-03    0.771502207E-03    0.811100364E+00    0.281098392E-01
    0.400000000E+02    0.781494367E-03    0.781493378E-03    0.811101496E+00    0.288555883E-01
    0.400000000E+02    0.781495357E-03    0.781494367E-03    0.811101496E+00    0.288556628E-01
    0.400000000E+02    0.791588158E-03    0.791588158E-03    0.811102688E+00    0.296190809E-01
    0.400000000E+02    0.801784568E-03    0.801784568E-03    0.811103940E+00    0.304005966E-01
    0.400000000E+02    0.812084705E-03    0.812084705E-03    0.811105251E+00    0.312005728E-01
    0.400000000E+02    0.822489557E-03    0.822489557E-03    0.811106622E+00    0.320194177E-01
    0.400000000E+02    0.833000231E-03    0.833000231E-03    0.811108112E+00    0.328575447E-01
    0.400000000E+02    0.843617774E-03    0.843617774E-03    0.811109662E+00    0.337153859E-01
    0.400000000E+02    0.854343351E-03    0.854343351E-03    0.811111271E+00    0.345933661E-01
    0.400000000E+02    0.865177950E-03    0.865177950E-03    0.811113000E+00    0.354919396E-01
    0.400000000E+02    0.876122736E-03    0.876122736E-03    0.811114788E+00    0.364115499E-01
    0.400000000E+02    0.887178816E-03    0.887178816E-03    0.811116695E+00    0.373526700E-01
    0.400000000E+02    0.898347294E-03    0.898347294E-03    0.811118662E+00    0.383157693E-01
    0.400000000E+02    0.909629394E-03    0.909629394E-03    0.811120749E+00    0.393013284E-01
    0.400000000E+02    0.921026221E-03    0.921026221E-03    0.811122954E+00    0.403098427E-01
    0.400000000E+02    0.932538940E-03    0.932538940E-03    0.811125278E+00    0.413418189E-01
    0.400000000E+02    0.944168714E-03    0.944168714E-03    0.811127722E+00    0.423977710E-01
    0.400000000E+02    0.955916767E-03    0.955916767E-03    0.811130285E+00    0.434782244E-01
    0.400000000E+02    0.967784261E-03    0.967784261E-03    0.811132967E+00    0.445837192E-01
    0.400000000E+02    0.979772420E-03    0.979772420E-03    0.811135769E+00    0.457147993E-01
    0.400000000E+02    0.991882640E-03    0.991882640E-03    0.811138749E+00    0.468720347E-01
    0.400000000E+02    0.100411591E-02    0.100411591E-02    0.811141849E+00    0.480559915E-01
    0.400000000E+02    0.101647351E-02    0.101647351E-02    0.811145127E+00    0.492672548E-01
    0.400000000E+02    0.102895685E-02    0.102895685E-02    0.811148584E+00    0.505064242E-01
    0.400000000E+02    0.104156719E-02    0.104156719E-02    0.811152160E+00    0.517741144E-01
    0.400000000E+02    0.105430570E-02    0.105430570E-02    0.811155975E+00    0.530709438E-01
    0.400000000E+02    0.106717367E-02    0.106717367E-02    0.811159968E+00    0.543975532E-01
    0.400000000E+02    0.108017260E-02    0.108017260E-02    0.811164141E+00    0.557545908E-01
    0.400000000E+02    0.109330378E-02    0.109330378E-02    0.811168551E+00    0.571427196E-01
    0.400000000E+02    0.110656838E-02    0.110656838E-02    0.811173141E+00    0.585626252E-01
    0.400000000E+02    0.111996790E-02    0.111996790E-02    0.811177969E+00    0.600150004E-01
    0.400000000E+02    0.113350374E-02    0.113350374E-02    0.811183035E+00    0.615005456E-01
    0.400000000E+02    0.114717707E-02    0.114717707E-02    0.811188340E+00    0.630199909E-01
    0.400000000E+02    0.116098963E-02    0.116098963E-02    0.811193943E+00    0.645740777E-01
    0.400000000E+02    0.117494259E-02    0.117494259E-02    0.811199784E+00    0.661635622E-01
    0.400000000E+02    0.118903734E-02    0.118903734E-02    0.811205924E+00    0.677892044E-01
    0.400000000E+02    0.120327552E-02    0.120327552E-02    0.811212361E+00    0.694518015E-01
    0.400000000E+02    0.121765852E-02    0.121765852E-02    0.811219156E+00    0.711521506E-01
    0.400000000E+02    0.123218773E-02    0.123218773E-02    0.811226189E+00    0.728910789E-01
    0.400000000E+02    0.124686467E-02    0.124686467E-02    0.811233640E+00    0.746694282E-01
    0.400000000E+02    0.126169098E-02    0.126169098E-02    0.811241448E+00    0.764880478E-01
    0.400000000E+02    0.127666793E-02    0.127666793E-02    0.811249614E+00    0.783478096E-01
    0.400000000E+02    0.129179726E-02    0.129179726E-02    0.811258137E+00    0.802496150E-01
    0.400000000E+02    0.130708038E-02    0.130708038E-02    0.811267138E+00    0.821943730E-01
    0.400000000E+02    0.132251903E-02    0.132251903E-02    0.811276495E+00    0.841830149E-01
    0.400000000E+02    0.133811461E-02    0.133811461E-02    0.811286390E+00    0.862164944E-01
    0.400000000E+02    0.135386875E-02    0.135386875E-02    0.811296701E+00    0.882957727E-01
    0.400000000E+02    0.136978307E-02    0.136978307E-02    0.811307490E+00    0.904218480E-01
    0.400000000E+02    0.138585933E-02    0.138585770E-02    0.811318874E+00    0.925956145E-01
    0.400000000E+02    0.138586096E-02    0.138585933E-02    0.811318874E+00    0.925958380E-01
    0.400000000E+02    0.140209903E-02    0.140209903E-02    0.811330736E+00    0.948184431E-01
    0.400000000E+02    0.141850382E-02    0.141850382E-02    0.811343193E+00    0.970910490E-01
    0.400000000E+02    0.143507554E-02    0.143507554E-02    0.811356246E+00    0.994146168E-01
    0.400000000E+02    0.145181571E-02    0.145181571E-02    0.811369896E+00    0.101790249E+00
    0.400000000E+02    0.146872608E-02    0.146872434E-02    0.811384201E+00    0.104218937E+00
    0.400000000E+02    0.146872783E-02    0.146872608E-02    0.811384201E+00    0.104219183E+00
    0.400000000E+02    0.148580852E-02    0.148580852E-02    0.811399162E+00    0.106702186E+00
    0.400000000E+02    0.150306465E-02    0.150306290E-02    0.811414838E+00    0.109240673E+00
    0.400000000E+02    0.150306639E-02    0.150306465E-02    0.811414838E+00    0.109240927E+00
    0.400000000E+02    0.152049621E-02    0.152049621E-02    0.811431289E+00    0.111836076E+00
    0.400000000E+02    0.153810508E-02    0.153810508E-02    0.811448514E+00    0.114489235E+00
    0.400000000E+02    0.155589299E-02    0.155589299E-02    0.811466515E+00    0.117201507E+00
    0.400000000E+02    0.157386169E-02    0.157386169E-02    0.811485410E+00    0.119974136E+00
    0.400000000E+02    0.159201329E-02    0.159201142E-02    0.811505198E+00    0.122808278E+00
    0.400000000E+02    0.159201515E-02    0.159201329E-02    0.811505198E+00    0.122808561E+00
    0.400000000E+02    0.161034940E-02    0.161034940E-02    0.811525881E+00    0.125705644E+00
    0.400000000E+02    0.162887201E-02    0.162887201E-02    0.811547577E+00    0.128667146E+00
    0.400000000E+02    0.164758286E-02    0.164758286E-02    0.811570227E+00    0.131694272E+00
    0.400000000E+02    0.166648417E-02    0.166648417E-02    0.811593950E+00    0.134788409E+00
    0.400000000E+02    0.168557756E-02    0.168557756E-02    0.811618865E+00    0.137950942E+00
    0.400000000E+02    0.170486514E-02    0.170486514E-02    0.811644852E+00    0.141183287E+00
    0.400000000E+02    0.172434887E-02    0.172434887E-02    0.811672091E+00    0.144486889E+00
    0.400000000E+02    0.174403074E-02    0.174403074E-02    0.811700583E+00    0.147863224E+00
    0.400000000E+02    0.176391273E-02    0.176391273E-02    0.811730444E+00    0.151313782E+00
    0.400000000E+02    0.178399694E-02    0.178399694E-02    0.811761677E+00    0.154840067E+00
    0.400000000E+02    0.180428533E-02    0.180428533E-02    0.811794341E+00    0.158443630E+00
    0.400000000E+02    0.182478013E-02    0.182478013E-02    0.811828494E+00    0.162125990E+00
    0.400000000E+02    0.184548332E-02    0.184548332E-02    0.811864316E+00    0.165888742E+00
    0.400000000E+02    0.186639698E-02    0.186639698E-02    0.811901748E+00    0.169733480E+00
    0.400000000E+02    0.188752334E-02    0.188752334E-02    0.811940908E+00    0.173661798E+00
    0.400000000E+02    0.190886459E-02    0.190886459E-02    0.811981857E+00    0.177675337E+00
    0.400000000E+02    0.193042285E-02    0.193042285E-02    0.812024713E+00    0.181775719E+00
    0.400000000E+02    0.195220031E-02    0.195220031E-02    0.812069535E+00    0.185964599E+00
    0.400000000E+02    0.197419920E-02    0.197419920E-02    0.812116444E+00    0.190243647E+00
    0.400000000E+02    0.199642195E-02    0.199642195E-02    0.812165499E+00    0.194614530E+00
    0.400000000E+02    0.201887055E-02    0.201887055E-02    0.812216759E+00    0.199078932E+00
    0.400000000E+02    0.204154733E-02    0.204154733E-02    0.812270403E+00    0.203638509E+00
    0.400000000E+02    0.206445483E-02    0.206445483E-02    0.812326491E+00    0.208294973E+00
    0.400000000E+02    0.208759541E-02    0.208759541E-02    0.812385142E+00    0.213049978E+00
    0.400000000E+02    0.211097114E-02    0.211097114E-02    0.812446475E+00    0.217905194E+00
    0.400000000E+02    0.213458459E-02    0.213458459E-02    0.812510550E+00    0.222862303E+00
    0.400000000E+02    0.215843832E-02    0.215843832E-02    0.812577546E+00    0.227922946E+00
    0.400000000E+02    0.218253443E-02    0.218253443E-02    0.812647521E+00    0.233088732E+00
    0.400000000E+02    0.220687571E-02    0.220687571E-02    0.812720716E+00    0.238361269E+00
    0.400000000E+02    0.223146449E-02    0.223146449E-02    0.812797189E+00    0.243742153E+00
    0.400000000E+02    0.225630333E-02    0.225630333E-02    0.812876999E+00    0.249232888E+00
    0.400000000E+02    0.228139479E-02    0.228139479E-02    0.812960446E+00    0.254834980E+00
    0.400000000E+02    0.230674143E-02    0.230674143E-02    0.813047588E+00    0.260549903E+00
    0.400000000E+02    0.233234558E-02    0.233234558E-02    0.813138604E+00    0.266378999E+00
    0.400000000E+02    0.235821051E-02    0.235821051E-02    0.813233614E+00    0.272323638E+00
    0.400000000E+02    0.238433806E-02    0.238433806E-02    0.813332796E+00    0.278385043E+00
    0.400000000E+02    0.241073151E-02    0.241073151E-02    0.813436270E+00    0.284564376E+00
    0.400000000E+02    0.243739341E-02    0.243739341E-02    0.813544333E+00    0.290862769E+00
    0.400000000E+02    0.246432633E-02    0.246432633E-02    0.813656986E+00    0.297281176E+00
    0.400000000E+02    0.249153329E-02    0.249153329E-02    0.813774526E+00    0.303820491E+00
    0.400000000E+02    0.251901662E-02    0.251901662E-02    0.813897133E+00    0.310481489E+00
    0.400000000E+02    0.254677981E-02    0.254677981E-02    0.814024925E+00    0.317264736E+00
    0.400000000E+02    0.257482496E-02    0.257482496E-02    0.814158082E+00    0.324170798E+00
    0.400000000E+02    0.260315556E-02    0.260315556E-02    0.814296842E+00    0.331200004E+00
    0.400000000E+02    0.263177417E-02    0.263177417E-02    0.814441383E+00    0.338352501E+00
    0.400000000E+02    0.266068382E-02    0.266068382E-02    0.814591885E+00    0.345628321E+00
    0.400000000E+02    0.268988754E-02    0.268988754E-02    0.814748585E+00    0.353027314E+00
    0.400000000E+02    0.271938811E-02    0.271938811E-02    0.814911544E+00    0.360549062E+00
    0.400000000E+02    0.274918880E-02    0.274918880E-02    0.815081120E+00    0.368193030E+00
    0.400000000E+02    0.277929241E-02    0.277929241E-02    0.815257430E+00    0.375958443E+00
    0.400000000E+02    0.280970219E-02    0.280970219E-02    0.815440655E+00    0.383844256E+00
    0.400000000E+02    0.284042116E-02    0.284042116E-02    0.815630972E+00    0.391849250E+00
    0.400000000E+02    0.287145260E-02    0.287145260E-02    0.815828621E+00    0.399971932E+00
    0.400000000E+02    0.290279975E-02    0.290279672E-02    0.816033721E+00    0.408210158E+00
    0.400000000E+02    0.290280301E-02    0.290279975E-02    0.816033721E+00    0.408210993E+00
    0.400000000E+02    0.293446542E-02    0.293446542E-02    0.816246510E+00    0.416563213E+00
    0.400000000E+02    0.296645309E-02    0.296645309E-02    0.816467166E+00    0.425027549E+00
    0.400000000E+02    0.299876626E-02    0.299876626E-02    0.816695750E+00    0.433601081E+00
    0.400000000E+02    0.303140795E-02    0.303140795E-02    0.816932499E+00    0.442281067E+00
    0.400000000E+02    0.306438166E-02    0.306437840E-02    0.817177594E+00    0.451063961E+00
    0.400000000E+02    0.306438492E-02    0.306438166E-02    0.817177594E+00    0.451064855E+00
    0.400000000E+02    0.309769041E-02    0.309769041E-02    0.817431092E+00    0.459947824E+00
    0.400000000E+02    0.313133816E-02    0.313133490E-02    0.817693174E+00    0.468927234E+00
    0.400000000E+02    0.313134165E-02    0.313133816E-02    0.817693174E+00    0.468928128E+00
    0.400000000E+02    0.316532794E-02    0.316532794E-02    0.817963898E+00    0.478000194E+00
    0.400000000E+02    0.319966348E-02    0.319965999E-02    0.818243444E+00    0.487160802E+00
    0.400000000E+02    0.319966697E-02    0.319966348E-02    0.818243444E+00    0.487161696E+00
    0.400000000E+02    0.323434803E-02    0.323434803E-02    0.818531871E+00    0.496406496E+00
    0.400000000E+02    0.326938531E-02    0.326938182E-02    0.818829238E+00    0.505730867E+00
    0.400000000E+02    0.326938881E-02    0.326938531E-02    0.818829238E+00    0.505731821E+00
    0.400000000E+02    0.330477906E-02    0.330477906E-02    0.819135547E+00    0.515131056E+00
    0.400000000E+02    0.334053254E-02    0.334053254E-02    0.819450974E+00    0.524600506E+00
    0.400000000E+02    0.337664969E-02    0.337664969E-02    0.819775403E+00    0.534134626E+00
    0.400000000E+02    0.341313425E-02    0.341313425E-02    0.820108950E+00    0.543727934E+00
    0.400000000E+02    0.344998972E-02    0.344998972E-02    0.820451498E+00    0.553374946E+00
    0.400000000E+02    0.348722003E-02    0.348722003E-02    0.820803165E+00    0.563070059E+00
    0.400000000E+02    0.352482870E-02    0.352482870E-02    0.821163774E+00    0.572807372E+00
    0.400000000E+02    0.356282014E-02    0.356282014E-02    0.821533322E+00    0.582581103E+00
    0.400000000E+02    0.360119785E-02    0.360119785E-02    0.821911693E+00    0.592385232E+00
    0.400000000E+02    0.363996578E-02    0.363996578E-02    0.822298825E+00    0.602213919E+00
    0.400000000E+02    0.367912790E-02    0.367912790E-02    0.822694540E+00    0.612061083E+00
    0.400000000E+02    0.371868815E-02    0.371868815E-02    0.823098719E+00    0.621920764E+00
    0.400000000E+02    0.375865097E-02    0.375865097E-02    0.823511302E+00    0.631787002E+00
    0.400000000E+02    0.379902008E-02    0.379902008E-02    0.823931992E+00    0.641653955E+00
    0.400000000E+02    0.383979967E-02    0.383979967E-02    0.824360609E+00    0.651515782E+00
    0.400000000E+02    0.388099393E-02    0.388099393E-02    0.824797034E+00    0.661366761E+00
    0.400000000E+02    0.392260728E-02    0.392260728E-02    0.825241029E+00    0.671201408E+00
    0.400000000E+02    0.396464346E-02    0.396464346E-02    0.825692356E+00    0.681014240E+00
    0.400000000E+02    0.400710758E-02    0.400710758E-02    0.826150775E+00    0.690799952E+00
    0.400000000E+02    0.405000336E-02    0.405000336E-02    0.826616108E+00    0.700553536E+00
    0.400000000E+02    0.409333501E-02    0.409333501E-02    0.827087939E+00    0.710270107E+00
    0.400000000E+02    0.413710764E-02    0.413710764E-02    0.827566206E+00    0.719944954E+00
    0.400000000E+02    0.418132544E-02    0.418132544E-02    0.828050494E+00    0.729573667E+00
    0.400000000E+02    0.422599260E-02    0.422599260E-02    0.828540623E+00    0.739152014E+00
    0.400000000E+02    0.427111425E-02    0.427111425E-02    0.829036295E+00    0.748676062E+00
    0.400000000E+02    0.431669457E-02    0.431669457E-02    0.829537213E+00    0.758142054E+00
    0.400000000E+02    0.436273869E-02    0.436273869E-02    0.830043137E+00    0.767546594E+00
    0.400000000E+02    0.440925080E-02    0.440925080E-02    0.830553770E+00    0.776886404E+00
    0.400000000E+02    0.445623603E-02    0.445623603E-02    0.831068814E+00    0.786158562E+00
    0.400000000E+02    0.450369902E-02    0.450369902E-02    0.831588089E+00    0.795360386E+00
    0.400000000E+02    0.455164444E-02    0.455164444E-02    0.832111239E+00    0.804489434E+00
    0.400000000E+02    0.460007787E-02    0.460007787E-02    0.832638085E+00    0.813543439E+00
    0.400000000E+02    0.464900350E-02    0.464900350E-02    0.833168328E+00    0.822520554E+00
    0.400000000E+02    0.469842693E-02    0.469842693E-02    0.833701730E+00    0.831419051E+00
    0.400000000E+02    0.474835280E-02    0.474835280E-02    0.834238052E+00    0.840237439E+00
    0.400000000E+02    0.479878625E-02    0.479878625E-02    0.834777057E+00    0.848974466E+00
    0.400000000E+02    0.484973285E-02    0.484973285E-02    0.835318506E+00    0.857629120E+00
    0.400000000E+02    0.490119727E-02    0.490119727E-02    0.835862219E+00    0.866200626E+00
    0.400000000E+02    0.495318510E-02    0.495318510E-02    0.836408019E+00    0.874688327E+00
    0.400000000E+02    0.500570191E-02    0.500570191E-02    0.836955607E+00    0.883091867E+00
    0.400000000E+02    0.505875237E-02    0.505875237E-02    0.837504923E+00    0.891410947E+00
    0.400000000E+02    0.511234254E-02    0.511234254E-02    0.838055670E+00    0.899645507E+00
    0.400000000E+02    0.516647752E-02    0.516647752E-02    0.838607848E+00    0.907795668E+00
    0.400000000E+02    0.522116292E-02    0.522116292E-02    0.839161098E+00    0.915861666E+00
    0.400000000E+02    0.527640479E-02    0.527640479E-02    0.839715481E+00    0.923843861E+00
    0.400000000E+02    0.533220824E-02    0.533220824E-02    0.840270698E+00    0.931742847E+00
    0.400000000E+02    0.538857887E-02    0.538857887E-02    0.840826750E+00    0.939559221E+00
    0.400000000E+02    0.544552319E-02    0.544552319E-02    0.841383398E+00    0.947293758E+00
    0.400000000E+02    0.550304633E-02    0.550304633E-02    0.841940641E+00    0.954947293E+00
    0.400000000E+02    0.556115480E-02    0.556115480E-02    0.842498362E+00    0.962520838E+00
    0.400000000E+02    0.561985373E-02    0.561985373E-02    0.843056500E+00    0.970015466E+00
    0.400000000E+02    0.567914965E-02    0.567914965E-02    0.843614876E+00    0.977432191E+00
    0.400000000E+02    0.573904859E-02    0.573904859E-02    0.844173551E+00    0.984772265E+00
    0.400000000E+02    0.579955708E-02    0.579955103E-02    0.844732404E+00    0.992036641E+00
    0.400000000E+02    0.579956314E-02    0.579955708E-02    0.844732404E+00    0.992037356E+00
    0.400000000E+02    0.586068025E-02    0.586068025E-02    0.845291376E+00    0.999227643E+00
    0.400000000E+02    0.592242554E-02    0.592241948E-02    0.845850408E+00    0.100634515E+01
    0.400000000E+02    0.592243159E-02    0.592242554E-02    0.845850408E+00    0.100634587E+01
    0.400000000E+02    0.598479854E-02    0.598479854E-02    0.846409559E+00    0.101339221E+01
    0.400000000E+02    0.604780577E-02    0.604779925E-02    0.846968710E+00    0.102036870E+01
    0.400000000E+02    0.604781229E-02    0.604780577E-02    0.846968710E+00    0.102036941E+01
    0.400000000E+02    0.611145375E-02    0.611145375E-02    0.847527862E+00    0.102727747E+01
    0.400000000E+02    0.617574900E-02    0.617574900E-02    0.848087072E+00    0.103411913E+01
    0.400000000E+02    0.624069804E-02    0.624069804E-02    0.848646224E+00    0.104089534E+01
    0.400000000E+02    0.630630739E-02    0.630630087E-02    0.849205375E+00    0.104760754E+01
    0.400000000E+02    0.630631391E-02    0.630630739E-02    0.849205375E+00    0.104760826E+01
    0.400000000E+02    0.637258403E-02    0.637258403E-02    0.849764526E+00    0.105425823E+01
    0.400000000E+02    0.643953495E-02    0.643953495E-02    0.850323677E+00    0.106084788E+01
    0.400000000E+02    0.650716666E-02    0.650716666E-02    0.850882888E+00    0.106737840E+01
    0.400000000E+02    0.657548569E-02    0.657548569E-02    0.851442099E+00    0.107385147E+01
    0.400000000E+02    0.664449995E-02    0.664449995E-02    0.852001429E+00    0.108026862E+01
    0.400000000E+02    0.671421550E-02    0.671421550E-02    0.852560818E+00    0.108663142E+01
    0.400000000E+02    0.678464072E-02    0.678464072E-02    0.853120327E+00    0.109294140E+01
    0.400000000E+02    0.685578166E-02    0.685578166E-02    0.853680074E+00    0.109920013E+01
    0.400000000E+02    0.692764577E-02    0.692764577E-02    0.854239941E+00    0.110540915E+01
    0.400000000E+02    0.700024143E-02    0.700024143E-02    0.854800105E+00    0.111157000E+01
    0.400000000E+02    0.707357470E-02    0.707357470E-02    0.855360568E+00    0.111768425E+01
    0.400000000E+02    0.714765396E-02    0.714765396E-02    0.855921388E+00    0.112375331E+01
    0.400000000E+02    0.722248666E-02    0.722248666E-02    0.856482625E+00    0.112977862E+01
    0.400000000E+02    0.729807978E-02    0.729807978E-02    0.857044280E+00    0.113576174E+01
    0.400000000E+02    0.737444218E-02    0.737444218E-02    0.857606471E+00    0.114170396E+01
    0.400000000E+02    0.745158130E-02    0.745158130E-02    0.858169198E+00    0.114760697E+01
    0.400000000E+02    0.752950413E-02    0.752950413E-02    0.858732581E+00    0.115347183E+01
    0.400000000E+02    0.760821998E-02    0.760821998E-02    0.859296679E+00    0.115930021E+01
    0.400000000E+02    0.768773630E-02    0.768773630E-02    0.859861493E+00    0.116509318E+01
    0.400000000E+02    0.776806101E-02    0.776806101E-02    0.860427141E+00    0.117085230E+01
    0.400000000E+02    0.784920249E-02    0.784920249E-02    0.860993683E+00    0.117657864E+01
    0.400000000E+02    0.793116912E-02    0.793116912E-02    0.861561179E+00    0.118227375E+01
    0.400000000E+02    0.801396929E-02    0.801396929E-02    0.862129688E+00    0.118793857E+01
    0.400000000E+02    0.809761137E-02    0.809761137E-02    0.862699270E+00    0.119357443E+01
    0.400000000E+02    0.818210468E-02    0.818210468E-02    0.863270044E+00    0.119918251E+01
    0.400000000E+02    0.826745667E-02    0.826745667E-02    0.863842010E+00    0.120476413E+01
    0.400000000E+02    0.835367665E-02    0.835367665E-02    0.864415288E+00    0.121032023E+01
    0.400000000E+02    0.844077393E-02    0.844077393E-02    0.864989936E+00    0.121585190E+01
    0.400000000E+02    0.852875598E-02    0.852875598E-02    0.865566015E+00    0.122136045E+01
    0.400000000E+02    0.861763302E-02    0.861763302E-02    0.866143644E+00    0.122684669E+01
    0.400000000E+02    0.870741438E-02    0.870741438E-02    0.866722822E+00    0.123231173E+01
    0.400000000E+02    0.879810844E-02    0.879810844E-02    0.867303610E+00    0.123775673E+01
    0.400000000E+02    0.888972450E-02    0.888972450E-02    0.867886186E+00    0.124318242E+01
    0.400000000E+02    0.898227282E-02    0.898227282E-02    0.868470490E+00    0.124858987E+01
    0.400000000E+02    0.907576177E-02    0.907576177E-02    0.869056702E+00    0.125398004E+01
    0.400000000E+02    0.917020161E-02    0.917020161E-02    0.869644821E+00    0.125935376E+01
    0.400000000E+02    0.926560257E-02    0.926560257E-02    0.870234966E+00    0.126471198E+01
    0.400000000E+02    0.936197303E-02    0.936197303E-02    0.870827198E+00    0.127005541E+01
    0.400000000E+02    0.945932325E-02    0.945932325E-02    0.871421516E+00    0.127538514E+01
    0.400000000E+02    0.955766346E-02    0.955766346E-02    0.872018099E+00    0.128070176E+01
    0.400000000E+02    0.965700392E-02    0.965700392E-02    0.872616947E+00    0.128600609E+01
    0.400000000E+02    0.975735486E-02    0.975735486E-02    0.873218119E+00    0.129129887E+01
    0.400000000E+02    0.985872559E-02    0.985872559E-02    0.873821735E+00    0.129658091E+01
    0.400000000E+02    0.996112730E-02    0.996112730E-02    0.874427855E+00    0.130185294E+01
    0.400000000E+02    0.100645712E-01    0.100645712E-01    0.875036478E+00    0.130711555E+01
    0.400000000E+02    0.101690665E-01    0.101690665E-01    0.875647724E+00    0.131236959E+01
    0.400000000E+02    0.102746245E-01    0.102746245E-01    0.876261711E+00    0.131761539E+01
    0.400000000E+02    0.103812553E-01    0.103812553E-01    0.876878381E+00    0.132285392E+01
    0.400000000E+02    0.104889711E-01    0.104889711E-01    0.877497911E+00    0.132808566E+01
    0.400000000E+02    0.105977822E-01    0.105977822E-01    0.878120303E+00    0.133331108E+01
    0.400000000E+02    0.107076997E-01    0.107076997E-01    0.878745675E+00    0.133853090E+01
    0.400000000E+02    0.108187357E-01    0.108187357E-01    0.879374027E+00    0.134374571E+01
    0.400000000E+02    0.109308995E-01    0.109308995E-01    0.880005419E+00    0.134895587E+01
    0.400000000E+02    0.110442052E-01    0.110442052E-01    0.880639970E+00    0.135416210E+01
    0.400000000E+02    0.111586619E-01    0.111586619E-01    0.881277740E+00    0.135936475E+01
    0.400000000E+02    0.112742838E-01    0.112742726E-01    0.881918669E+00    0.136456406E+01
    0.400000000E+02    0.112742959E-01    0.112742838E-01    0.881918788E+00    0.136456454E+01
    0.400000000E+02    0.113910809E-01    0.113910809E-01    0.882563055E+00    0.136976135E+01
    0.400000000E+02    0.115090655E-01    0.115090534E-01    0.883210659E+00    0.137495589E+01
    0.400000000E+02    0.115090776E-01    0.115090655E-01    0.883210778E+00    0.137495637E+01
    0.400000000E+02    0.116282497E-01    0.116282497E-01    0.883861840E+00    0.138014936E+01
    0.400000000E+02    0.117486464E-01    0.117486464E-01    0.884516478E+00    0.138534117E+01
    0.400000000E+02    0.118702678E-01    0.118702678E-01    0.885174632E+00    0.139053226E+01
    0.400000000E+02    0.119931251E-01    0.119931251E-01    0.885836422E+00    0.139572275E+01
    0.400000000E+02    0.121172322E-01    0.121172201E-01    0.886501849E+00    0.140091288E+01
    0.400000000E+02    0.121172443E-01    0.121172322E-01    0.886501968E+00    0.140091336E+01
    0.400000000E+02    0.122426022E-01    0.122426022E-01    0.887171090E+00    0.140610385E+01
    0.400000000E+02    0.123692462E-01    0.123692462E-01    0.887844026E+00    0.141129506E+01
    0.400000000E+02    0.124971783E-01    0.124971783E-01    0.888520837E+00    0.141648722E+01
    0.400000000E+02    0.126264105E-01    0.126264105E-01    0.889201462E+00    0.142168069E+01
    0.400000000E+02    0.127569577E-01    0.127569577E-01    0.889886141E+00    0.142687571E+01
    0.400000000E+02    0.128888329E-01    0.128888329E-01    0.890574753E+00    0.143207252E+01
    0.400000000E+02    0.130220484E-01    0.130220484E-01    0.891267419E+00    0.143727160E+01
    0.400000000E+02    0.131566189E-01    0.131566189E-01    0.891964197E+00    0.144247293E+01
    0.400000000E+02    0.132925576E-01    0.132925576E-01    0.892665148E+00    0.144767714E+01
    0.400000000E+02    0.134298792E-01    0.134298792E-01    0.893370330E+00    0.145288420E+01
    0.400000000E+02    0.135685969E-01    0.135685969E-01    0.894079745E+00    0.145809436E+01
    0.400000000E+02    0.137087256E-01    0.137087256E-01    0.894793510E+00    0.146330810E+01
    0.400000000E+02    0.138502792E-01    0.138502792E-01    0.895511627E+00    0.146852529E+01
    0.400000000E+02    0.139932716E-01    0.139932716E-01    0.896234155E+00    0.147374654E+01
    0.400000000E+02    0.141377188E-01    0.141377188E-01    0.896961153E+00    0.147897172E+01
    0.400000000E+02    0.142836347E-01    0.142836347E-01    0.897692680E+00    0.148420119E+01
    0.400000000E+02    0.144310342E-01    0.144310342E-01    0.898428738E+00    0.148943508E+01
    0.400000000E+02    0.145799331E-01    0.145799331E-01    0.899169445E+00    0.149467349E+01
    0.400000000E+02    0.147303464E-01    0.147303464E-01    0.899914861E+00    0.149991679E+01
    0.400000000E+02    0.148822889E-01    0.148822740E-01    0.900664866E+00    0.150516486E+01
    0.400000000E+02    0.148823038E-01    0.148822889E-01    0.900664985E+00    0.150516534E+01
    0.400000000E+02    0.150357764E-01    0.150357764E-01    0.901419818E+00    0.151041842E+01
    0.400000000E+02    0.151908249E-01    0.151908249E-01    0.902179480E+00    0.151567698E+01
    0.400000000E+02    0.153474500E-01    0.153474500E-01    0.902944028E+00    0.152094102E+01
    0.400000000E+02    0.155056678E-01    0.155056678E-01    0.903713524E+00    0.152621055E+01
    0.400000000E+02    0.156654939E-01    0.156654939E-01    0.904487908E+00    0.153148568E+01
    0.400000000E+02    0.158269461E-01    0.158269461E-01    0.905267358E+00    0.153676665E+01
    0.400000000E+02    0.159900412E-01    0.159900412E-01    0.906051815E+00    0.154205346E+01
    0.400000000E+02    0.161547940E-01    0.161547940E-01    0.906841397E+00    0.154734635E+01
    0.400000000E+02    0.163212214E-01    0.163212214E-01    0.907636106E+00    0.155264521E+01
    0.400000000E+02    0.164893419E-01    0.164893419E-01    0.908436060E+00    0.155795038E+01
    0.400000000E+02    0.166591723E-01    0.166591723E-01    0.909241199E+00    0.156326175E+01
    0.400000000E+02    0.168307293E-01    0.168307293E-01    0.910051644E+00    0.156857955E+01
    0.400000000E+02    0.170040298E-01    0.170040298E-01    0.910867453E+00    0.157390368E+01
    0.400000000E+02    0.171790943E-01    0.171790943E-01    0.911688626E+00    0.157923448E+01
    0.400000000E+02    0.173559394E-01    0.173559394E-01    0.912515223E+00    0.158457184E+01
    0.400000000E+02    0.175345819E-01    0.175345819E-01    0.913347304E+00    0.158991587E+01
    0.400000000E+02    0.177150406E-01    0.177150406E-01    0.914184868E+00    0.159526658E+01
    0.400000000E+02    0.178973358E-01    0.178973358E-01    0.915028036E+00    0.160062408E+01
    0.400000000E+02    0.180814844E-01    0.180814844E-01    0.915876806E+00    0.160598838E+01
    0.400000000E+02    0.182675049E-01    0.182675049E-01    0.916731238E+00    0.161135960E+01
    0.400000000E+02    0.184554178E-01    0.184554178E-01    0.917591333E+00    0.161673784E+01
    0.400000000E+02    0.186452400E-01    0.186452400E-01    0.918457210E+00    0.162212288E+01
    0.400000000E+02    0.188369937E-01    0.188369937E-01    0.919328868E+00    0.162751508E+01
    0.400000000E+02    0.190306976E-01    0.190306976E-01    0.920206368E+00    0.163291430E+01
    0.400000000E+02    0.192263722E-01    0.192263722E-01    0.921089768E+00    0.163832045E+01
    0.400000000E+02    0.194240361E-01    0.194240361E-01    0.921979070E+00    0.164373386E+01
    0.400000000E+02    0.196237098E-01    0.196237098E-01    0.922874391E+00    0.164915431E+01
    0.400000000E+02    0.198254138E-01    0.198254138E-01    0.923775673E+00    0.165458190E+01
    0.400000000E+02    0.200291686E-01    0.200291686E-01    0.924683094E+00    0.166001666E+01
    0.400000000E+02    0.202349965E-01    0.202349965E-01    0.925596595E+00    0.166545856E+01
    0.400000000E+02    0.204429161E-01    0.204429161E-01    0.926516235E+00    0.167090774E+01
    0.400000000E+02    0.206529517E-01    0.206529517E-01    0.927442074E+00    0.167636406E+01
    0.400000000E+02    0.208651219E-01    0.208651219E-01    0.928374231E+00    0.168182755E+01
    0.400000000E+02    0.210794490E-01    0.210794490E-01    0.929312587E+00    0.168729830E+01
    0.400000000E+02    0.212959573E-01    0.212959573E-01    0.930257380E+00    0.169277632E+01
    0.400000000E+02    0.215146672E-01    0.215146672E-01    0.931208491E+00    0.169826138E+01
    0.400000000E+02    0.217356011E-01    0.217356011E-01    0.932166100E+00    0.170375371E+01
    0.400000000E+02    0.219587814E-01    0.219587814E-01    0.933130145E+00    0.170925331E+01
    0.400000000E+02    0.221842304E-01    0.221842304E-01    0.934100688E+00    0.171476007E+01
    0.400000000E+02    0.224119741E-01    0.224119741E-01    0.935077846E+00    0.172027397E+01
    0.400000000E+02    0.226420313E-01    0.226420090E-01    0.936061561E+00    0.172579491E+01
    0.400000000E+02    0.226420537E-01    0.226420313E-01    0.936061680E+00    0.172579539E+01
    0.400000000E+02    0.228744298E-01    0.228744298E-01    0.937052071E+00    0.173132336E+01
    0.400000000E+02    0.231091920E-01    0.231091920E-01    0.938049257E+00    0.173685873E+01
    0.400000000E+02    0.233463403E-01    0.233463403E-01    0.939053178E+00    0.174240124E+01
    0.400000000E+02    0.235859007E-01    0.235859007E-01    0.940063894E+00    0.174795091E+01
    0.400000000E+02    0.238278974E-01    0.238278974E-01    0.941081464E+00    0.175350761E+01
    0.400000000E+02    0.240723547E-01    0.240723547E-01    0.942105949E+00    0.175907147E+01
    0.400000000E+02    0.243192967E-01    0.243192967E-01    0.943137407E+00    0.176464224E+01
    0.400000000E+02    0.245687515E-01    0.245687515E-01    0.944175839E+00    0.177022004E+01
    0.400000000E+02    0.248207431E-01    0.248207431E-01    0.945221305E+00    0.177580488E+01
    0.400000000E+02    0.250752959E-01    0.250752959E-01    0.946273923E+00    0.178139663E+01
    0.400000000E+02    0.253324397E-01    0.253324397E-01    0.947333634E+00    0.178699541E+01
    0.400000000E+02    0.255921967E-01    0.255921967E-01    0.948400557E+00    0.179260099E+01
    0.400000000E+02    0.258545950E-01    0.258545950E-01    0.949474692E+00    0.179821336E+01
    0.400000000E+02    0.261196624E-01    0.261196624E-01    0.950556159E+00    0.180383265E+01
    0.400000000E+02    0.263874251E-01    0.263874251E-01    0.951644957E+00    0.180945873E+01
    0.400000000E+02    0.266579110E-01    0.266579110E-01    0.952741086E+00    0.181509161E+01
    0.400000000E+02    0.269311480E-01    0.269311480E-01    0.953844726E+00    0.182073116E+01
    0.400000000E+02    0.272071622E-01    0.272071622E-01    0.954955816E+00    0.182637739E+01
    0.400000000E+02    0.274859834E-01    0.274859834E-01    0.956074417E+00    0.183203030E+01
    0.400000000E+02    0.277676415E-01    0.277676415E-01    0.957200646E+00    0.183768976E+01
    0.400000000E+02    0.280521624E-01    0.280521624E-01    0.958334506E+00    0.184335577E+01
    0.400000000E+02    0.283395778E-01    0.283395778E-01    0.959476054E+00    0.184902823E+01
    0.400000000E+02    0.286299139E-01    0.286299139E-01    0.960625350E+00    0.185470724E+01
    0.400000000E+02    0.289232042E-01    0.289232042E-01    0.961782455E+00    0.186039269E+01
    0.400000000E+02    0.292194765E-01    0.292194765E-01    0.962947369E+00    0.186608446E+01
    0.400000000E+02    0.295187626E-01    0.295187626E-01    0.964120150E+00    0.187178266E+01
    0.400000000E+02    0.298210923E-01    0.298210923E-01    0.965300918E+00    0.187748706E+01
    0.400000000E+02    0.301264953E-01    0.301264953E-01    0.966489673E+00    0.188319767E+01
    0.400000000E+02    0.304350033E-01    0.304350033E-01    0.967686534E+00    0.188891447E+01
    0.400000000E+02    0.307466500E-01    0.307466500E-01    0.968891442E+00    0.189463735E+01
    0.400000000E+02    0.310614649E-01    0.310614649E-01    0.970104516E+00    0.190036643E+01
    0.400000000E+02    0.313794836E-01    0.313794836E-01    0.971325755E+00    0.190610135E+01
    0.400000000E+02    0.317007340E-01    0.317007340E-01    0.972555339E+00    0.191184235E+01
    0.400000000E+02    0.320252515E-01    0.320252515E-01    0.973793209E+00    0.191758931E+01
    0.400000000E+02    0.323530696E-01    0.323530696E-01    0.975039423E+00    0.192334199E+01
    0.400000000E+02    0.326842219E-01    0.326842219E-01    0.976294100E+00    0.192910063E+01
    0.400000000E+02    0.330187418E-01    0.330187418E-01    0.977557182E+00    0.193486488E+01
    0.400000000E+02    0.333566591E-01    0.333566591E-01    0.978828907E+00    0.194063485E+01
    0.400000000E+02    0.336980186E-01    0.336980186E-01    0.980109155E+00    0.194641054E+01
    0.400000000E+02    0.340428464E-01    0.340428464E-01    0.981398046E+00    0.195219171E+01
    0.400000000E+02    0.343911834E-01    0.343911834E-01    0.982695639E+00    0.195797837E+01
    0.400000000E+02    0.347430594E-01    0.347430594E-01    0.984002054E+00    0.196377051E+01
    0.400000000E+02    0.350985155E-01    0.350985155E-01    0.985317230E+00    0.196956801E+01
    0.400000000E+02    0.354575850E-01    0.354575850E-01    0.986641288E+00    0.197537088E+01
    0.400000000E+02    0.358203091E-01    0.358203091E-01    0.987974226E+00    0.198117900E+01
    0.400000000E+02    0.361867175E-01    0.361867175E-01    0.989316225E+00    0.198699236E+01
    0.400000000E+02    0.365568548E-01    0.365568548E-01    0.990667224E+00    0.199281073E+01
    0.400000000E+02    0.369307548E-01    0.369307548E-01    0.992027342E+00    0.199863422E+01
    0.400000000E+02    0.373084582E-01    0.373084582E-01    0.993396580E+00    0.200446272E+01
    0.400000000E+02    0.376900025E-01    0.376900025E-01    0.994775057E+00    0.201029611E+01
    0.400000000E+02    0.380754247E-01    0.380754247E-01    0.996162832E+00    0.201613450E+01
    0.400000000E+02    0.384647697E-01    0.384647697E-01    0.997559965E+00    0.202197766E+01
    0.400000000E+02    0.388580710E-01    0.388580710E-01    0.998966455E+00    0.202782536E+01
    0.400000000E+02    0.392553732E-01    0.392553732E-01    0.100038242E+01    0.203367782E+01
    0.400000000E+02    0.396567173E-01    0.396567173E-01    0.100180781E+01    0.203953505E+01
    0.400000000E+02    0.400621407E-01    0.400621407E-01    0.100324285E+01    0.204539657E+01
    0.400000000E+02    0.404716879E-01    0.404716879E-01    0.100468755E+01    0.205126262E+01
    0.400000000E+02    0.408854000E-01    0.408854000E-01    0.100614190E+01    0.205713320E+01
    0.400000000E+02    0.413033180E-01    0.413033180E-01    0.100760603E+01    0.206300783E+01
    0.400000000E+02    0.417254865E-01    0.417254865E-01    0.100908005E+01    0.206888676E+01
    0.400000000E+02    0.421519466E-01    0.421519466E-01    0.101056385E+01    0.207476997E+01
    0.400000000E+02    0.425827466E-01    0.425827466E-01    0.101205766E+01    0.208065724E+01
    0.400000000E+02    0.430179238E-01    0.430179238E-01    0.101356149E+01    0.208654857E+01
    0.400000000E+02    0.434575304E-01    0.434575304E-01    0.101507533E+01    0.209244370E+01
    0.400000000E+02    0.439016037E-01    0.439016037E-01    0.101659930E+01    0.209834266E+01
    0.400000000E+02    0.443501957E-01    0.443501510E-01    0.101813340E+01    0.210424542E+01
    0.400000000E+02    0.443502404E-01    0.443501957E-01    0.101813364E+01    0.210424590E+01
    0.400000000E+02    0.448033474E-01    0.448033474E-01    0.101967788E+01    0.211015201E+01
    0.400000000E+02    0.452611074E-01    0.452611074E-01    0.102123272E+01    0.211606240E+01
    0.400000000E+02    0.457235239E-01    0.457235239E-01    0.102279782E+01    0.212197590E+01
    0.400000000E+02    0.461906418E-01    0.461906418E-01    0.102437353E+01    0.212789321E+01
    0.400000000E+02    0.466625132E-01    0.466625132E-01    0.102595961E+01    0.213381386E+01
    0.400000000E+02    0.471391790E-01    0.471391790E-01    0.102755642E+01    0.213973761E+01
    0.400000000E+02    0.476206951E-01    0.476206951E-01    0.102916372E+01    0.214566493E+01
    0.400000000E+02    0.481071062E-01    0.481071062E-01    0.103078187E+01    0.215159512E+01
    0.400000000E+02    0.485984609E-01    0.485984609E-01    0.103241074E+01    0.215752840E+01
    0.400000000E+02    0.490948148E-01    0.490947664E-01    0.103405035E+01    0.216346455E+01
    0.400000000E+02    0.490948632E-01    0.490948148E-01    0.103405058E+01    0.216346502E+01
    0.400000000E+02    0.495962165E-01    0.495961644E-01    0.103570104E+01    0.216940379E+01
    0.400000000E+02    0.495962687E-01    0.495962165E-01    0.103570127E+01    0.216940427E+01
    0.400000000E+02    0.501027182E-01    0.501027182E-01    0.103736269E+01    0.217534590E+01
    0.400000000E+02    0.506143719E-01    0.506143719E-01    0.103903544E+01    0.218129063E+01
    0.400000000E+02    0.511312261E-01    0.511312261E-01    0.104071927E+01    0.218723822E+01
    0.400000000E+02    0.516533367E-01    0.516533367E-01    0.104241419E+01    0.219318795E+01
    0.400000000E+02    0.521807559E-01    0.521807037E-01    0.104412031E+01    0.219914031E+01
    0.400000000E+02    0.521808080E-01    0.521807559E-01    0.104412055E+01    0.219914079E+01
    0.400000000E+02    0.527135395E-01    0.527135395E-01    0.104583800E+01    0.220509529E+01
    0.400000000E+02    0.532517396E-01    0.532517396E-01    0.104756701E+01    0.221105242E+01
    0.400000000E+02    0.537954122E-01    0.537954122E-01    0.104930747E+01    0.221701145E+01
    0.400000000E+02    0.543446168E-01    0.543446168E-01    0.105105937E+01    0.222297287E+01
    0.400000000E+02    0.548994057E-01    0.548994057E-01    0.105282295E+01    0.222893643E+01
    0.400000000E+02    0.554598346E-01    0.554598346E-01    0.105459821E+01    0.223490167E+01
    0.400000000E+02    0.560259633E-01    0.560259633E-01    0.105638516E+01    0.224086881E+01
    0.400000000E+02    0.565978512E-01    0.565978512E-01    0.105818391E+01    0.224683762E+01
    0.400000000E+02    0.571755506E-01    0.571755506E-01    0.105999458E+01    0.225280809E+01
    0.400000000E+02    0.577591285E-01    0.577591285E-01    0.106181717E+01    0.225878024E+01
    0.400000000E+02    0.583486371E-01    0.583486371E-01    0.106365180E+01    0.226475358E+01
    0.400000000E+02    0.589441434E-01    0.589441434E-01    0.106549859E+01    0.227072835E+01
    0.400000000E+02    0.595457070E-01    0.595457070E-01    0.106735742E+01    0.227670455E+01
    0.400000000E+02    0.601533838E-01    0.601533838E-01    0.106922853E+01    0.228268170E+01
    0.400000000E+02    0.607672445E-01    0.607672445E-01    0.107111204E+01    0.228866005E+01
    0.400000000E+02    0.613873452E-01    0.613873452E-01    0.107300782E+01    0.229463935E+01
    0.400000000E+02    0.620137528E-01    0.620137528E-01    0.107491601E+01    0.230061936E+01
    0.400000000E+02    0.626465306E-01    0.626465306E-01    0.107683682E+01    0.230660009E+01
    0.400000000E+02    0.632857382E-01    0.632857382E-01    0.107877016E+01    0.231258154E+01
    0.400000000E+02    0.639314502E-01    0.639314502E-01    0.108071613E+01    0.231856346E+01
    0.400000000E+02    0.645837337E-01    0.645837337E-01    0.108267498E+01    0.232454586E+01
    0.400000000E+02    0.652426407E-01    0.652426407E-01    0.108464646E+01    0.233052850E+01
    0.400000000E+02    0.659082532E-01    0.659082532E-01    0.108663094E+01    0.233651137E+01
    0.400000000E+02    0.665806383E-01    0.665806383E-01    0.108862829E+01    0.234249449E+01
    0.400000000E+02    0.672598556E-01    0.672598556E-01    0.109063864E+01    0.234847736E+01
    0.400000000E+02    0.679459795E-01    0.679459795E-01    0.109266222E+01    0.235446024E+01
    0.400000000E+02    0.686390847E-01    0.686390847E-01    0.109469879E+01    0.236044288E+01
    0.400000000E+02    0.693392307E-01    0.693392307E-01    0.109674871E+01    0.236642504E+01
    0.400000000E+02    0.700465068E-01    0.700465068E-01    0.109881186E+01    0.237240672E+01
    0.400000000E+02    0.707609728E-01    0.707609728E-01    0.110088849E+01    0.237838793E+01
    0.400000000E+02    0.714826956E-01    0.714826956E-01    0.110297847E+01    0.238436842E+01
    0.400000000E+02    0.722117648E-01    0.722117648E-01    0.110508192E+01    0.239034796E+01
    0.400000000E+02    0.729482472E-01    0.729482472E-01    0.110719907E+01    0.239632654E+01
    0.400000000E+02    0.736922249E-01    0.736922249E-01    0.110932982E+01    0.240230417E+01
    0.400000000E+02    0.744437575E-01    0.744437575E-01    0.111147428E+01    0.240828061E+01
    0.400000000E+02    0.752029419E-01    0.752029419E-01    0.111363256E+01    0.241425562E+01
    0.400000000E+02    0.759698376E-01    0.759698376E-01    0.111580467E+01    0.242022920E+01
    0.400000000E+02    0.767445415E-01    0.767445415E-01    0.111799073E+01    0.242620111E+01
    0.400000000E+02    0.775271207E-01    0.775271207E-01    0.112019086E+01    0.243217158E+01
    0.400000000E+02    0.783176497E-01    0.783176497E-01    0.112240493E+01    0.243813992E+01
    0.400000000E+02    0.791162252E-01    0.791162252E-01    0.112463319E+01    0.244410634E+01
    0.400000000E+02    0.799229220E-01    0.799229220E-01    0.112687576E+01    0.245007086E+01
    0.400000000E+02    0.807378218E-01    0.807378218E-01    0.112913251E+01    0.245603275E+01
    0.400000000E+02    0.815610066E-01    0.815610066E-01    0.113140357E+01    0.246199250E+01
    0.400000000E+02    0.823925659E-01    0.823925659E-01    0.113368905E+01    0.246794987E+01
    0.400000000E+02    0.832325816E-01    0.832325816E-01    0.113598895E+01    0.247390437E+01
    0.400000000E+02    0.840811357E-01    0.840811357E-01    0.113830340E+01    0.247985625E+01
    0.400000000E+02    0.849383175E-01    0.849383175E-01    0.114063251E+01    0.248580503E+01
    0.400000000E+02    0.858042166E-01    0.858042166E-01    0.114297628E+01    0.249175072E+01
    0.400000000E+02    0.866789296E-01    0.866789296E-01    0.114533472E+01    0.249769306E+01
    0.400000000E+02    0.875625312E-01    0.875625312E-01    0.114770794E+01    0.250363231E+01
    0.400000000E+02    0.884551182E-01    0.884551182E-01    0.115009594E+01    0.250956798E+01
    0.400000000E+02    0.893567801E-01    0.893567801E-01    0.115249896E+01    0.251549983E+01
    0.400000000E+02    0.902676135E-01    0.902676135E-01    0.115491688E+01    0.252142787E+01
    0.400000000E+02    0.911877155E-01    0.911876261E-01    0.115734971E+01    0.252735162E+01
    0.400000000E+02    0.911878049E-01    0.911877155E-01    0.115734994E+01    0.252735209E+01
    0.400000000E+02    0.921171680E-01    0.921170786E-01    0.115979767E+01    0.253327155E+01
    0.400000000E+02    0.921172649E-01    0.921171680E-01    0.115979791E+01    0.253327203E+01
    0.400000000E+02    0.930560678E-01    0.930560678E-01    0.116226089E+01    0.253918743E+01
    0.400000000E+02    0.940045193E-01    0.940045193E-01    0.116473925E+01    0.254509878E+01
    0.400000000E+02    0.949626192E-01    0.949626192E-01    0.116723275E+01    0.255100536E+01
    0.400000000E+02    0.959304571E-01    0.959304571E-01    0.116974163E+01    0.255690718E+01
    0.400000000E+02    0.969081447E-01    0.969081447E-01    0.117226577E+01    0.256280398E+01
    0.400000000E+02    0.978957713E-01    0.978957713E-01    0.117480528E+01    0.256869578E+01
    0.400000000E+02    0.988934338E-01    0.988934338E-01    0.117736030E+01    0.257458234E+01
    0.400000000E+02    0.999012515E-01    0.999012515E-01    0.117993081E+01    0.258046341E+01
    0.400000000E+02    0.100919314E+00    0.100919314E+00    0.118251681E+01    0.258633900E+01
    0.400000000E+02    0.101947732E+00    0.101947732E+00    0.118511844E+01    0.259220886E+01
    0.400000000E+02    0.102986604E+00    0.102986500E+00    0.118773556E+01    0.259807229E+01
    0.400000000E+02    0.102986708E+00    0.102986604E+00    0.118773580E+01    0.259807277E+01
    0.400000000E+02    0.104036041E+00    0.104036041E+00    0.119036853E+01    0.260393047E+01
    0.400000000E+02    0.105096154E+00    0.105096154E+00    0.119301713E+01    0.260978174E+01
    0.400000000E+02    0.106167041E+00    0.106167041E+00    0.119568145E+01    0.261562681E+01
    0.400000000E+02    0.107248820E+00    0.107248820E+00    0.119836164E+01    0.262146521E+01
    0.400000000E+02    0.108341604E+00    0.108341604E+00    0.120105755E+01    0.262729692E+01
    0.400000000E+02    0.109445497E+00    0.109445497E+00    0.120376933E+01    0.263312149E+01
    0.400000000E+02    0.110560618E+00    0.110560507E+00    0.120649683E+01    0.263893890E+01
    0.400000000E+02    0.110560730E+00    0.110560618E+00    0.120649707E+01    0.263893938E+01
    0.400000000E+02    0.111687079E+00    0.111687079E+00    0.120924067E+01    0.264474940E+01
    0.400000000E+02    0.112824991E+00    0.112824991E+00    0.121200013E+01    0.265055203E+01
    0.400000000E+02    0.113974482E+00    0.113974482E+00    0.121477568E+01    0.265634704E+01
    0.400000000E+02    0.115135655E+00    0.115135655E+00    0.121756732E+01    0.266213441E+01
    0.400000000E+02    0.116308644E+00    0.116308644E+00    0.122037482E+01    0.266791368E+01
    0.400000000E+02    0.117493555E+00    0.117493555E+00    0.122319853E+01    0.267368460E+01
    0.400000000E+02    0.118690513E+00    0.118690513E+00    0.122603822E+01    0.267944717E+01
    0.400000000E+02    0.119899653E+00    0.119899653E+00    0.122889411E+01    0.268520141E+01
    0.400000000E+02    0.121121079E+00    0.121121079E+00    0.123176610E+01    0.269094682E+01
    0.400000000E+02    0.122354932E+00    0.122354932E+00    0.123465419E+01    0.269668317E+01
    0.400000000E+02    0.123601332E+00    0.123601332E+00    0.123755848E+01    0.270241070E+01
    0.400000000E+02    0.124860406E+00    0.124860406E+00    0.124047899E+01    0.270812893E+01
    0.400000000E+02    0.126132280E+00    0.126132280E+00    0.124341559E+01    0.271383762E+01
    0.400000000E+02    0.127417088E+00    0.127417088E+00    0.124636853E+01    0.271953702E+01
    0.400000000E+02    0.128714964E+00    0.128714964E+00    0.124933767E+01    0.272522640E+01
    0.400000000E+02    0.130026042E+00    0.130026042E+00    0.125232291E+01    0.273090601E+01
    0.400000000E+02    0.131350458E+00    0.131350458E+00    0.125532460E+01    0.273657560E+01
    0.400000000E+02    0.132688329E+00    0.132688329E+00    0.125834239E+01    0.274223471E+01
    0.400000000E+02    0.134039804E+00    0.134039804E+00    0.126137650E+01    0.274788380E+01
    0.400000000E+02    0.135405034E+00    0.135405034E+00    0.126442695E+01    0.275352192E+01
    0.400000000E+02    0.136784151E+00    0.136784151E+00    0.126749361E+01    0.275914979E+01
    0.400000000E+02    0.138177276E+00    0.138177276E+00    0.127057660E+01    0.276476645E+01
    0.400000000E+02    0.139584571E+00    0.139584571E+00    0.127367580E+01    0.277037239E+01
    0.400000000E+02    0.141006187E+00    0.141006187E+00    0.127679145E+01    0.277596712E+01
    0.400000000E+02    0.142442256E+00    0.142442256E+00    0.127992332E+01    0.278155041E+01
    0.400000000E+02    0.143892929E+00    0.143892929E+00    0.128307152E+01    0.278712249E+01
    0.400000000E+02    0.145358354E+00    0.145358354E+00    0.128623617E+01    0.279268312E+01
    0.400000000E+02    0.146838665E+00    0.146838665E+00    0.128941703E+01    0.279823208E+01
    0.400000000E+02    0.148334056E+00    0.148334056E+00    0.129261434E+01    0.280376935E+01
    0.400000000E+02    0.149844632E+00    0.149844632E+00    0.129582798E+01    0.280929470E+01
    0.400000000E+02    0.151370585E+00    0.151370585E+00    0.129905808E+01    0.281480813E+01
    0.400000000E+02    0.152912050E+00    0.152912050E+00    0.130230451E+01    0.282030964E+01
    0.400000000E+02    0.154469192E+00    0.154469192E+00    0.130556750E+01    0.282579899E+01
    0.400000000E+02    0.156042159E+00    0.156042159E+00    0.130884683E+01    0.283127618E+01
    0.400000000E+02    0.157631129E+00    0.157631129E+00    0.131214273E+01    0.283674121E+01
    0.400000000E+02    0.159236267E+00    0.159236267E+00    0.131545508E+01    0.284219384E+01
    0.400000000E+02    0.160857722E+00    0.160857722E+00    0.131878400E+01    0.284763432E+01
    0.400000000E+02    0.162495658E+00    0.162495658E+00    0.132212949E+01    0.285306215E+01
    0.400000000E+02    0.164150253E+00    0.164150253E+00    0.132549167E+01    0.285847783E+01
    0.400000000E+02    0.165821686E+00    0.165821686E+00    0.132887053E+01    0.286388135E+01
    0.400000000E+02    0.167510107E+00    0.167510107E+00    0.133226621E+01    0.286927223E+01
    0.400000000E+02    0.169215694E+00    0.169215694E+00    0.133567858E+01    0.287465096E+01
    0.400000000E+02    0.170938626E+00    0.170938626E+00    0.133910787E+01    0.288001728E+01
    0.400000000E+02    0.172679082E+00    0.172679082E+00    0.134255421E+01    0.288537145E+01
    0.400000000E+02    0.174437240E+00    0.174437240E+00    0.134601760E+01    0.289071345E+01
    0.400000000E+02    0.176213264E+00    0.176213264E+00    0.134949815E+01    0.289604354E+01
    0.400000000E+02    0.178007364E+00    0.178007364E+00    0.135299599E+01    0.290136147E+01
    0.400000000E+02    0.179819703E+00    0.179819703E+00    0.135651124E+01    0.290666771E+01
    0.400000000E+02    0.181650475E+00    0.181650296E+00    0.136004376E+01    0.291196203E+01
    0.400000000E+02    0.181650653E+00    0.181650475E+00    0.136004412E+01    0.291196251E+01
    0.400000000E+02    0.183499858E+00    0.183499858E+00    0.136359453E+01    0.291724539E+01
    0.400000000E+02    0.185368061E+00    0.185368061E+00    0.136716282E+01    0.292251706E+01
    0.400000000E+02    0.187255248E+00    0.187255055E+00    0.137074900E+01    0.292777753E+01
    0.400000000E+02    0.187255442E+00    0.187255248E+00    0.137074947E+01    0.292777801E+01
    0.400000000E+02    0.189161628E+00    0.189161628E+00    0.137435377E+01    0.293302751E+01
    0.400000000E+02    0.191087395E+00    0.191087395E+00    0.137797689E+01    0.293826675E+01
    0.400000000E+02    0.193032756E+00    0.193032756E+00    0.138161850E+01    0.294349551E+01
    0.400000000E+02    0.194997892E+00    0.194997892E+00    0.138527918E+01    0.294871426E+01
    0.400000000E+02    0.196983010E+00    0.196983010E+00    0.138895905E+01    0.295392346E+01
    0.400000000E+02    0.198988318E+00    0.198988318E+00    0.139265835E+01    0.295912337E+01
    0.400000000E+02    0.201014012E+00    0.201014012E+00    0.139637744E+01    0.296431446E+01
    0.400000000E+02    0.203060314E+00    0.203060314E+00    0.140011668E+01    0.296949697E+01
    0.400000000E+02    0.205127418E+00    0.205127418E+00    0.140387630E+01    0.297467136E+01
    0.400000000E+02    0.207215548E+00    0.207215548E+00    0.140765691E+01    0.297983813E+01
    0.400000000E+02    0.209324911E+00    0.209324703E+00    0.141145849E+01    0.298499775E+01
    0.400000000E+02    0.209325120E+00    0.209324911E+00    0.141145897E+01    0.298499823E+01
    0.400000000E+02    0.211455733E+00    0.211455733E+00    0.141528225E+01    0.299015141E+01
    0.400000000E+02    0.213608205E+00    0.213607982E+00    0.141912770E+01    0.299529886E+01
    0.400000000E+02    0.213608429E+00    0.213608205E+00    0.141912818E+01    0.299529934E+01
    0.400000000E+02    0.215782583E+00    0.215782583E+00    0.142299628E+01    0.300044131E+01
    0.400000000E+02    0.217979074E+00    0.217979074E+00    0.142688775E+01    0.300557876E+01
    0.400000000E+02    0.220197886E+00    0.220197663E+00    0.143080270E+01    0.301071215E+01
    0.400000000E+02    0.220198110E+00    0.220197886E+00    0.143080318E+01    0.301071262E+01
    0.400000000E+02    0.222439274E+00    0.222439274E+00    0.143474245E+01    0.301584291E+01
    0.400000000E+02    0.224703446E+00    0.224703446E+00    0.143870687E+01    0.302097082E+01
    0.400000000E+02    0.226990655E+00    0.226990655E+00    0.144269681E+01    0.302609706E+01
    0.400000000E+02    0.229301110E+00    0.229301110E+00    0.144671297E+01    0.303122234E+01
    0.400000000E+02    0.231635064E+00    0.231635064E+00    0.145075607E+01    0.303634763E+01
    0.400000000E+02    0.233992755E+00    0.233992755E+00    0.145482683E+01    0.304147387E+01
    0.400000000E+02    0.236374423E+00    0.236374423E+00    0.145892608E+01    0.304660201E+01
    0.400000000E+02    0.238780305E+00    0.238780305E+00    0.146305442E+01    0.305173254E+01
    0.400000000E+02    0.241210654E+00    0.241210654E+00    0.146721292E+01    0.305686712E+01
    0.400000000E+02    0.243665725E+00    0.243665725E+00    0.147140229E+01    0.306200624E+01
    0.400000000E+02    0.246145755E+00    0.246145755E+00    0.147562349E+01    0.306715131E+01
    0.400000000E+02    0.248651013E+00    0.248651013E+00    0.147987747E+01    0.307230306E+01
    0.400000000E+02    0.251181751E+00    0.251181751E+00    0.148416507E+01    0.307746267E+01
    0.400000000E+02    0.253738195E+00    0.253738195E+00    0.148848736E+01    0.308263159E+01
    0.400000000E+02    0.256320655E+00    0.256320655E+00    0.149284518E+01    0.308781028E+01
    0.400000000E+02    0.258929402E+00    0.258929402E+00    0.149723983E+01    0.309300065E+01
    0.400000000E+02    0.261564642E+00    0.261564642E+00    0.150167215E+01    0.309820318E+01
    0.400000000E+02    0.264226705E+00    0.264226705E+00    0.150614333E+01    0.310341954E+01
    0.400000000E+02    0.266915828E+00    0.266915828E+00    0.151065421E+01    0.310865045E+01
    0.400000000E+02    0.269632280E+00    0.269632280E+00    0.151520622E+01    0.311389732E+01
    0.400000000E+02    0.272376388E+00    0.272376388E+00    0.151980007E+01    0.311916137E+01
    0.400000000E+02    0.275148362E+00    0.275148362E+00    0.152443719E+01    0.312444353E+01
    0.400000000E+02    0.277948558E+00    0.277948558E+00    0.152911842E+01    0.312974501E+01
    0.400000000E+02    0.280777216E+00    0.280777216E+00    0.153384507E+01    0.313506699E+01
    0.400000000E+02    0.283634663E+00    0.283634663E+00    0.153861809E+01    0.314041066E+01
    0.400000000E+02    0.286521137E+00    0.286521137E+00    0.154343855E+01    0.314577651E+01
    0.400000000E+02    0.289436966E+00    0.289436966E+00    0.154830742E+01    0.315116596E+01
    0.400000000E+02    0.292382449E+00    0.292382449E+00    0.155322587E+01    0.315657997E+01
    0.400000000E+02    0.295357913E+00    0.295357913E+00    0.155819464E+01    0.316201901E+01
    0.400000000E+02    0.298363596E+00    0.298363596E+00    0.156321478E+01    0.316748428E+01
    0.400000000E+02    0.301399857E+00    0.301399857E+00    0.156828713E+01    0.317297626E+01
    0.400000000E+02    0.304467022E+00    0.304467022E+00    0.157341254E+01    0.317849565E+01
    0.400000000E+02    0.307565361E+00    0.307565361E+00    0.157859159E+01    0.318404269E+01
    0.400000000E+02    0.310695201E+00    0.310695201E+00    0.158382487E+01    0.318961835E+01
    0.400000000E+02    0.313856870E+00    0.313856870E+00    0.158911300E+01    0.319522238E+01
    0.400000000E+02    0.317050666E+00    0.317050666E+00    0.159445620E+01    0.320085502E+01
    0.400000000E+02    0.320276976E+00    0.320276976E+00    0.159985495E+01    0.320651627E+01
    0.400000000E+02    0.323536098E+00    0.323536098E+00    0.160530913E+01    0.321220613E+01
    0.400000000E+02    0.326828331E+00    0.326828331E+00    0.161081874E+01    0.321792388E+01
    0.400000000E+02    0.330154061E+00    0.330154061E+00    0.161638343E+01    0.322366929E+01
    0.400000000E+02    0.333513618E+00    0.333513618E+00    0.162200284E+01    0.322944117E+01
    0.400000000E+02    0.336907327E+00    0.336907327E+00    0.162767613E+01    0.323523879E+01
    0.400000000E+02    0.340335548E+00    0.340335548E+00    0.163340223E+01    0.324106097E+01
    0.400000000E+02    0.343798637E+00    0.343798637E+00    0.163917994E+01    0.324690580E+01
    0.400000000E+02    0.347296953E+00    0.347296953E+00    0.164500761E+01    0.325277185E+01
    0.400000000E+02    0.350830823E+00    0.350830823E+00    0.165088308E+01    0.325865650E+01
    0.400000000E+02    0.354400635E+00    0.354400635E+00    0.165680408E+01    0.326455784E+01
    0.400000000E+02    0.358006775E+00    0.358006775E+00    0.166276753E+01    0.327047253E+01
    0.400000000E+02    0.361649543E+00    0.361649185E+00    0.166876996E+01    0.327639723E+01
    0.400000000E+02    0.361649901E+00    0.361649543E+00    0.166877067E+01    0.327639771E+01
    0.400000000E+02    0.365329385E+00    0.365329385E+00    0.167480838E+01    0.328232884E+01
    0.400000000E+02    0.369046628E+00    0.369046628E+00    0.168087709E+01    0.328826284E+01
    0.400000000E+02    0.372801691E+00    0.372801691E+00    0.168697155E+01    0.329419470E+01
    0.400000000E+02    0.376594931E+00    0.376594931E+00    0.169308567E+01    0.330011940E+01
    0.400000000E+02    0.380426764E+00    0.380426764E+00    0.169921279E+01    0.330603123E+01
    0.400000000E+02    0.384297550E+00    0.384297550E+00    0.170534551E+01    0.331192374E+01
    0.400000000E+02    0.388207704E+00    0.388207316E+00    0.171147501E+01    0.331779003E+01
    0.400000000E+02    0.388208091E+00    0.388207704E+00    0.171147573E+01    0.331779051E+01
    0.400000000E+02    0.392157584E+00    0.392157584E+00    0.171759284E+01    0.332362318E+01
    0.400000000E+02    0.396147668E+00    0.396147281E+00    0.172368717E+01    0.332941413E+01
    0.400000000E+02    0.396148086E+00    0.396147668E+00    0.172368789E+01    0.332941461E+01
    0.400000000E+02    0.400178313E+00    0.400177896E+00    0.172974741E+01    0.333515429E+01
    0.400000000E+02    0.400178730E+00    0.400178313E+00    0.172974801E+01    0.333515477E+01
    0.400000000E+02    0.404249966E+00    0.404249549E+00    0.173576021E+01    0.334083390E+01
    0.400000000E+02    0.404250383E+00    0.404249966E+00    0.173576081E+01    0.334083438E+01
    0.400000000E+02    0.408363014E+00    0.408363014E+00    0.174171185E+01    0.334644222E+01
    0.400000000E+02    0.412517875E+00    0.412517458E+00    0.174758577E+01    0.335196733E+01
    0.400000000E+02    0.412518293E+00    0.412517875E+00    0.174758625E+01    0.335196781E+01
    0.400000000E+02    0.416715026E+00    0.416715026E+00    0.175336576E+01    0.335739756E+01
    0.400000000E+02    0.420954823E+00    0.420954406E+00    0.175903237E+01    0.336271858E+01
    0.400000000E+02    0.420955241E+00    0.420954823E+00    0.175903285E+01    0.336271906E+01
    0.400000000E+02    0.425237745E+00    0.425237745E+00    0.176456630E+01    0.336791706E+01
    0.400000000E+02    0.429564208E+00    0.429564208E+00    0.176994503E+01    0.337297654E+01
    0.400000000E+02    0.433934689E+00    0.433934689E+00    0.177514517E+01    0.337788105E+01
    0.400000000E+02    0.438349605E+00    0.438349605E+00    0.178014147E+01    0.338261318E+01
    0.400000000E+02    0.442809403E+00    0.442809403E+00    0.178490698E+01    0.338715410E+01
    0.400000000E+02    0.447314590E+00    0.447314590E+00    0.178941333E+01    0.339148426E+01
    0.400000000E+02    0.451865554E+00    0.451865554E+00    0.179363060E+01    0.339558315E+01
    0.400000000E+02    0.456462830E+00    0.456462830E+00    0.179752743E+01    0.339942932E+01
    0.400000000E+02    0.461106837E+00    0.461106837E+00    0.180107141E+01    0.340300012E+01
    0.400000000E+02    0.465798080E+00    0.465798080E+00    0.180422926E+01    0.340627241E+01
    0.400000000E+02    0.470537007E+00    0.470537007E+00    0.180696726E+01    0.340922236E+01
    0.400000000E+02    0.475324154E+00    0.475324154E+00    0.180925107E+01    0.341182590E+01
    0.400000000E+02    0.480159968E+00    0.480159968E+00    0.181104660E+01    0.341405797E+01
    0.400000000E+02    0.485044956E+00    0.485044956E+00    0.181231892E+01    0.341589379E+01
    0.400000000E+02    0.489979625E+00    0.489979625E+00    0.181302786E+01    0.341730690E+01
    0.400000000E+02    0.494964451E+00    0.494964451E+00    0.181311715E+01    0.341826200E+01
    0.400000000E+02    0.500000000E+00    0.500000000E+00    0.181289744E+01    0.341869044E+01
