VARIABLES = "x"
"y"
"z"
"rho"
"u"
ZONE T="G1, diag, x=50, sorted"
    0.500000000E+02    0.214639501E-09    0.000000000E+00    0.103569698E+01    0.000000000E+00
    0.500000000E+02    0.214660963E-05    0.214660963E-05    0.103569698E+01    0.146541495E-06
    0.500000000E+02    0.431504850E-05    0.431504850E-05    0.103569698E+01    0.625186829E-06
    0.500000000E+02    0.650553875E-05    0.650553875E-05    0.103569698E+01    0.146630930E-05
    0.500000000E+02    0.871830434E-05    0.871830434E-05    0.103569698E+01    0.269179736E-05
    0.500000000E+02    0.109535722E-04    0.109533485E-04    0.103569698E+01    0.432094112E-05
    0.500000000E+02    0.109537978E-04    0.109535722E-04    0.103569698E+01    0.432112483E-05
    0.500000000E+02    0.132115711E-04    0.132115711E-04    0.103569698E+01    0.637227731E-05
    0.500000000E+02    0.154925310E-04    0.154925310E-04    0.103569698E+01    0.886325961E-05
    0.500000000E+02    0.177966867E-04    0.177966867E-04    0.103569698E+01    0.118114694E-04
    0.500000000E+02    0.201242747E-04    0.201242747E-04    0.103569698E+01    0.152343400E-04
    0.500000000E+02    0.224755331E-04    0.224752985E-04    0.103569698E+01    0.191491563E-04
    0.500000000E+02    0.224757714E-04    0.224755331E-04    0.103569698E+01    0.191495728E-04
    0.500000000E+02    0.248507004E-04    0.248507004E-04    0.103569698E+01    0.235741700E-04
    0.500000000E+02    0.272500220E-04    0.272500220E-04    0.103569698E+01    0.285265942E-04
    0.500000000E+02    0.296737417E-04    0.296737417E-04    0.103569698E+01    0.340247134E-04
    0.500000000E+02    0.321221087E-04    0.321221087E-04    0.103569698E+01    0.400868812E-04
    0.500000000E+02    0.345953777E-04    0.345953777E-04    0.103569698E+01    0.467317768E-04
    0.500000000E+02    0.370937923E-04    0.370937923E-04    0.103569698E+01    0.539784050E-04
    0.500000000E+02    0.396176183E-04    0.396176183E-04    0.103569698E+01    0.618461418E-04
    0.500000000E+02    0.421671066E-04    0.421671066E-04    0.103569698E+01    0.703547339E-04
    0.500000000E+02    0.447425227E-04    0.447425227E-04    0.103569698E+01    0.795243468E-04
    0.500000000E+02    0.473441251E-04    0.473441251E-04    0.103569698E+01    0.893755423E-04
    0.500000000E+02    0.499721900E-04    0.499719245E-04    0.103569698E+01    0.999287950E-04
    0.500000000E+02    0.499724556E-04    0.499721900E-04    0.103569698E+01    0.999298863E-04
    0.500000000E+02    0.526269760E-04    0.526269760E-04    0.103569698E+01    0.111207191E-03
    0.500000000E+02    0.553087593E-04    0.553087593E-04    0.103569698E+01    0.123231017E-03
    0.500000000E+02    0.580178130E-04    0.580178130E-04    0.103569698E+01    0.136023242E-03
    0.500000000E+02    0.607544207E-04    0.607544207E-04    0.103569686E+01    0.149606756E-03
    0.500000000E+02    0.635188553E-04    0.635188553E-04    0.103569686E+01    0.164004960E-03
    0.500000000E+02    0.663113969E-04    0.663113969E-04    0.103569686E+01    0.179241819E-03
    0.500000000E+02    0.691323439E-04    0.691323439E-04    0.103569686E+01    0.195341781E-03
    0.500000000E+02    0.719819727E-04    0.719819727E-04    0.103569686E+01    0.212329905E-03
    0.500000000E+02    0.748605817E-04    0.748605817E-04    0.103569686E+01    0.230231773E-03
    0.500000000E+02    0.777684618E-04    0.777684618E-04    0.103569686E+01    0.249073550E-03
    0.500000000E+02    0.807059187E-04    0.807059187E-04    0.103569686E+01    0.268882053E-03
    0.500000000E+02    0.836732434E-04    0.836732434E-04    0.103569686E+01    0.289684627E-03
    0.500000000E+02    0.866707414E-04    0.866704358E-04    0.103569686E+01    0.311508193E-03
    0.500000000E+02    0.866710470E-04    0.866707414E-04    0.103569686E+01    0.311510463E-03
    0.500000000E+02    0.896987185E-04    0.896987185E-04    0.103569686E+01    0.334384793E-03
    0.500000000E+02    0.927574947E-04    0.927574947E-04    0.103569686E+01    0.358340330E-03
    0.500000000E+02    0.958473756E-04    0.958473756E-04    0.103569686E+01    0.383405946E-03
    0.500000000E+02    0.989686741E-04    0.989686741E-04    0.103569674E+01    0.409612316E-03
    0.500000000E+02    0.102121718E-03    0.102121718E-03    0.103569674E+01    0.436990813E-03
    0.500000000E+02    0.105306826E-03    0.105306506E-03    0.103569674E+01    0.465572084E-03
    0.500000000E+02    0.105307146E-03    0.105306826E-03    0.103569674E+01    0.465574994E-03
    0.500000000E+02    0.108524320E-03    0.108524320E-03    0.103569674E+01    0.495393353E-03
    0.500000000E+02    0.111774534E-03    0.111774534E-03    0.103569674E+01    0.526483811E-03
    0.500000000E+02    0.115057803E-03    0.115057803E-03    0.103569674E+01    0.558879343E-03
    0.500000000E+02    0.118374461E-03    0.118374461E-03    0.103569674E+01    0.592615048E-03
    0.500000000E+02    0.121724843E-03    0.121724843E-03    0.103569674E+01    0.627726899E-03
    0.500000000E+02    0.125109291E-03    0.125109291E-03    0.103569674E+01    0.664251740E-03
    0.500000000E+02    0.128528161E-03    0.128528161E-03    0.103569663E+01    0.702227117E-03
    0.500000000E+02    0.131981811E-03    0.131981811E-03    0.103569663E+01    0.741691620E-03
    0.500000000E+02    0.135470560E-03    0.135470560E-03    0.103569663E+01    0.782684598E-03
    0.500000000E+02    0.138994801E-03    0.138994801E-03    0.103569663E+01    0.825246330E-03
    0.500000000E+02    0.142554883E-03    0.142554883E-03    0.103569663E+01    0.869418029E-03
    0.500000000E+02    0.146151157E-03    0.146151157E-03    0.103569663E+01    0.915241893E-03
    0.500000000E+02    0.149784013E-03    0.149784013E-03    0.103569663E+01    0.962760940E-03
    0.500000000E+02    0.153453802E-03    0.153453802E-03    0.103569663E+01    0.101201935E-02
    0.500000000E+02    0.157160917E-03    0.157160917E-03    0.103569651E+01    0.106306223E-02
    0.500000000E+02    0.160905722E-03    0.160905722E-03    0.103569651E+01    0.111593562E-02
    0.500000000E+02    0.164688623E-03    0.164688623E-03    0.103569651E+01    0.117068691E-02
    0.500000000E+02    0.168509985E-03    0.168509985E-03    0.103569651E+01    0.122736418E-02
    0.500000000E+02    0.172370201E-03    0.172370201E-03    0.103569651E+01    0.128601701E-02
    0.500000000E+02    0.176269677E-03    0.176269677E-03    0.103569651E+01    0.134669570E-02
    0.500000000E+02    0.180208808E-03    0.180208808E-03    0.103569651E+01    0.140945194E-02
    0.500000000E+02    0.184188000E-03    0.184188000E-03    0.103569651E+01    0.147433858E-02
    0.500000000E+02    0.188207647E-03    0.188207647E-03    0.103569639E+01    0.154140976E-02
    0.500000000E+02    0.192268184E-03    0.192268184E-03    0.103569639E+01    0.161072041E-02
    0.500000000E+02    0.196370005E-03    0.196370005E-03    0.103569639E+01    0.168232736E-02
    0.500000000E+02    0.200513547E-03    0.200513139E-03    0.103569639E+01    0.175628462E-02
    0.500000000E+02    0.200513969E-03    0.200513547E-03    0.103569639E+01    0.175629207E-02
    0.500000000E+02    0.204699216E-03    0.204699216E-03    0.103569639E+01    0.183266227E-02
    0.500000000E+02    0.208927449E-03    0.208927449E-03    0.103569639E+01    0.191150967E-02
    0.500000000E+02    0.213198684E-03    0.213198684E-03    0.103569639E+01    0.199289247E-02
    0.500000000E+02    0.217513356E-03    0.217513356E-03    0.103569639E+01    0.207687356E-02
    0.500000000E+02    0.221871902E-03    0.221871902E-03    0.103569627E+01    0.216351799E-02
    0.500000000E+02    0.226274773E-03    0.226274773E-03    0.103569627E+01    0.225289143E-02
    0.500000000E+02    0.230722420E-03    0.230722420E-03    0.103569627E+01    0.234506163E-02
    0.500000000E+02    0.235215295E-03    0.235215295E-03    0.103569627E+01    0.244009774E-02
    0.500000000E+02    0.239753848E-03    0.239753848E-03    0.103569627E+01    0.253807055E-02
    0.500000000E+02    0.244338560E-03    0.244338560E-03    0.103569627E+01    0.263905176E-02
    0.500000000E+02    0.248969911E-03    0.248969911E-03    0.103569627E+01    0.274311588E-02
    0.500000000E+02    0.253648352E-03    0.253648352E-03    0.103569627E+01    0.285033812E-02
    0.500000000E+02    0.258374348E-03    0.258374348E-03    0.103569627E+01    0.296079554E-02
    0.500000000E+02    0.263148424E-03    0.263148424E-03    0.103569627E+01    0.307456753E-02
    0.500000000E+02    0.267971045E-03    0.267971045E-03    0.103569627E+01    0.319173443E-02
    0.500000000E+02    0.272842706E-03    0.272842706E-03    0.103569627E+01    0.331237912E-02
    0.500000000E+02    0.277763902E-03    0.277763902E-03    0.103569627E+01    0.343658589E-02
    0.500000000E+02    0.282735156E-03    0.282735156E-03    0.103569627E+01    0.356444065E-02
    0.500000000E+02    0.287756964E-03    0.287756964E-03    0.103569627E+01    0.369603210E-02
    0.500000000E+02    0.292829820E-03    0.292829820E-03    0.103569627E+01    0.383145036E-02
    0.500000000E+02    0.297954277E-03    0.297954277E-03    0.103569627E+01    0.397078739E-02
    0.500000000E+02    0.303130859E-03    0.303130859E-03    0.103569627E+01    0.411413750E-02
    0.500000000E+02    0.308360060E-03    0.308360060E-03    0.103569627E+01    0.426159706E-02
    0.500000000E+02    0.313642435E-03    0.313642435E-03    0.103569627E+01    0.441326480E-02
    0.500000000E+02    0.318978535E-03    0.318978535E-03    0.103569627E+01    0.456924131E-02
    0.500000000E+02    0.324368913E-03    0.324368913E-03    0.103569627E+01    0.472962949E-02
    0.500000000E+02    0.329814095E-03    0.329814095E-03    0.103569627E+01    0.489453459E-02
    0.500000000E+02    0.335314660E-03    0.335314660E-03    0.103569627E+01    0.506406417E-02
    0.500000000E+02    0.340871135E-03    0.340871135E-03    0.103569639E+01    0.523832813E-02
    0.500000000E+02    0.346484128E-03    0.346484128E-03    0.103569639E+01    0.541743869E-02
    0.500000000E+02    0.352154224E-03    0.352154224E-03    0.103569639E+01    0.560151134E-02
    0.500000000E+02    0.357881945E-03    0.357881945E-03    0.103569639E+01    0.579066342E-02
    0.500000000E+02    0.363667932E-03    0.363667932E-03    0.103569651E+01    0.598501461E-02
    0.500000000E+02    0.369512767E-03    0.369512767E-03    0.103569651E+01    0.618468784E-02
    0.500000000E+02    0.375417003E-03    0.375417003E-03    0.103569651E+01    0.638980838E-02
    0.500000000E+02    0.381381309E-03    0.381381309E-03    0.103569663E+01    0.660050474E-02
    0.500000000E+02    0.387406268E-03    0.387405657E-03    0.103569663E+01    0.681689708E-02
    0.500000000E+02    0.387406879E-03    0.387406268E-03    0.103569663E+01    0.681691896E-02
    0.500000000E+02    0.393492490E-03    0.393492490E-03    0.103569674E+01    0.703915209E-02
    0.500000000E+02    0.399640616E-03    0.399640616E-03    0.103569686E+01    0.726737361E-02
    0.500000000E+02    0.405851257E-03    0.405851257E-03    0.103569686E+01    0.750171253E-02
    0.500000000E+02    0.412125024E-03    0.412125024E-03    0.103569698E+01    0.774231227E-02
    0.500000000E+02    0.418462616E-03    0.418462616E-03    0.103569710E+01    0.798931904E-02
    0.500000000E+02    0.424864673E-03    0.424864673E-03    0.103569722E+01    0.824288186E-02
    0.500000000E+02    0.431331806E-03    0.431331806E-03    0.103569722E+01    0.850315392E-02
    0.500000000E+02    0.437864714E-03    0.437864714E-03    0.103569734E+01    0.877029076E-02
    0.500000000E+02    0.444464065E-03    0.444464065E-03    0.103569746E+01    0.904445164E-02
    0.500000000E+02    0.451130531E-03    0.451130531E-03    0.103569770E+01    0.932580046E-02
    0.500000000E+02    0.457864779E-03    0.457864779E-03    0.103569782E+01    0.961450394E-02
    0.500000000E+02    0.464667508E-03    0.464667508E-03    0.103569794E+01    0.991073158E-02
    0.500000000E+02    0.471539417E-03    0.471539417E-03    0.103569818E+01    0.102146575E-01
    0.500000000E+02    0.478481204E-03    0.478481204E-03    0.103569829E+01    0.105264606E-01
    0.500000000E+02    0.485493569E-03    0.485493569E-03    0.103569853E+01    0.108463205E-01
    0.500000000E+02    0.492577266E-03    0.492577266E-03    0.103569865E+01    0.111744255E-01
    0.500000000E+02    0.499733025E-03    0.499733025E-03    0.103569889E+01    0.115109636E-01
    0.500000000E+02    0.506961485E-03    0.506961485E-03    0.103569913E+01    0.118561294E-01
    0.500000000E+02    0.514263520E-03    0.514263520E-03    0.103569937E+01    0.122101214E-01
    0.500000000E+02    0.521639769E-03    0.521639769E-03    0.103569973E+01    0.125731416E-01
    0.500000000E+02    0.529091049E-03    0.529091049E-03    0.103569996E+01    0.129453968E-01
    0.500000000E+02    0.536618056E-03    0.536618056E-03    0.103570032E+01    0.133271003E-01
    0.500000000E+02    0.544221664E-03    0.544221664E-03    0.103570056E+01    0.137184663E-01
    0.500000000E+02    0.551902573E-03    0.551902573E-03    0.103570092E+01    0.141197164E-01
    0.500000000E+02    0.559661596E-03    0.559661596E-03    0.103570127E+01    0.145310769E-01
    0.500000000E+02    0.567499490E-03    0.567499490E-03    0.103570163E+01    0.149527788E-01
    0.500000000E+02    0.575417129E-03    0.575417129E-03    0.103570211E+01    0.153850559E-01
    0.500000000E+02    0.583415269E-03    0.583415269E-03    0.103570259E+01    0.158281513E-01
    0.500000000E+02    0.591494783E-03    0.591494783E-03    0.103570306E+01    0.162823107E-01
    0.500000000E+02    0.599656370E-03    0.599656370E-03    0.103570354E+01    0.167477839E-01
    0.500000000E+02    0.607901020E-03    0.607901020E-03    0.103570402E+01    0.172248296E-01
    0.500000000E+02    0.616229489E-03    0.616229489E-03    0.103570461E+01    0.177137107E-01
    0.500000000E+02    0.624642707E-03    0.624642707E-03    0.103570521E+01    0.182146952E-01
    0.500000000E+02    0.633141433E-03    0.633141433E-03    0.103570580E+01    0.187280569E-01
    0.500000000E+02    0.641726539E-03    0.641726539E-03    0.103570640E+01    0.192540754E-01
    0.500000000E+02    0.650399015E-03    0.650399015E-03    0.103570712E+01    0.197930392E-01
    0.500000000E+02    0.659159676E-03    0.659159676E-03    0.103570783E+01    0.203452390E-01
    0.500000000E+02    0.668009394E-03    0.668009394E-03    0.103570867E+01    0.209109765E-01
    0.500000000E+02    0.676949159E-03    0.676949159E-03    0.103570950E+01    0.214905534E-01
    0.500000000E+02    0.685979787E-03    0.685979787E-03    0.103571033E+01    0.220842827E-01
    0.500000000E+02    0.695102266E-03    0.695102266E-03    0.103571129E+01    0.226924866E-01
    0.500000000E+02    0.704317528E-03    0.704317528E-03    0.103571224E+01    0.233154874E-01
    0.500000000E+02    0.713626447E-03    0.713626447E-03    0.103571320E+01    0.239536203E-01
    0.500000000E+02    0.723030069E-03    0.723030069E-03    0.103571427E+01    0.246072244E-01
    0.500000000E+02    0.732529326E-03    0.732529326E-03    0.103571546E+01    0.252766479E-01
    0.500000000E+02    0.742125208E-03    0.742125208E-03    0.103571665E+01    0.259622466E-01
    0.500000000E+02    0.751818588E-03    0.751818588E-03    0.103571796E+01    0.266643818E-01
    0.500000000E+02    0.761610630E-03    0.761610630E-03    0.103571928E+01    0.273834262E-01
    0.500000000E+02    0.771502207E-03    0.771502207E-03    0.103572071E+01    0.281197578E-01
    0.500000000E+02    0.781494367E-03    0.781493378E-03    0.103572214E+01    0.288737267E-01
    0.500000000E+02    0.781495357E-03    0.781494367E-03    0.103572214E+01    0.288738031E-01
    0.500000000E+02    0.791588158E-03    0.791588158E-03    0.103572369E+01    0.296458397E-01
    0.500000000E+02    0.801784568E-03    0.801784568E-03    0.103572536E+01    0.304363910E-01
    0.500000000E+02    0.812084705E-03    0.812084705E-03    0.103572714E+01    0.312458295E-01
    0.500000000E+02    0.822489557E-03    0.822489557E-03    0.103572893E+01    0.320745781E-01
    0.500000000E+02    0.833000231E-03    0.833000231E-03    0.103573084E+01    0.329230689E-01
    0.500000000E+02    0.843617774E-03    0.843617774E-03    0.103573287E+01    0.337917395E-01
    0.500000000E+02    0.854343351E-03    0.854343351E-03    0.103573501E+01    0.346810445E-01
    0.500000000E+02    0.865177950E-03    0.865177950E-03    0.103573728E+01    0.355914384E-01
    0.500000000E+02    0.876122736E-03    0.876122736E-03    0.103573966E+01    0.365233980E-01
    0.500000000E+02    0.887178816E-03    0.887178816E-03    0.103574216E+01    0.374773964E-01
    0.500000000E+02    0.898347294E-03    0.898347294E-03    0.103574479E+01    0.384539291E-01
    0.500000000E+02    0.909629394E-03    0.909629394E-03    0.103574753E+01    0.394534953E-01
    0.500000000E+02    0.921026221E-03    0.921026221E-03    0.103575039E+01    0.404766090E-01
    0.500000000E+02    0.932538940E-03    0.932538940E-03    0.103575349E+01    0.415237918E-01
    0.500000000E+02    0.944168714E-03    0.944168714E-03    0.103575671E+01    0.425955765E-01
    0.500000000E+02    0.955916767E-03    0.955916767E-03    0.103576005E+01    0.436925143E-01
    0.500000000E+02    0.967784261E-03    0.967784261E-03    0.103576362E+01    0.448151641E-01
    0.500000000E+02    0.979772420E-03    0.979772420E-03    0.103576732E+01    0.459640920E-01
    0.500000000E+02    0.991882640E-03    0.991882640E-03    0.103577113E+01    0.471398793E-01
    0.500000000E+02    0.100411591E-02    0.100411591E-02    0.103577530E+01    0.483431295E-01
    0.500000000E+02    0.101647351E-02    0.101647351E-02    0.103577960E+01    0.495744422E-01
    0.500000000E+02    0.102895685E-02    0.102895685E-02    0.103578413E+01    0.508344434E-01
    0.500000000E+02    0.104156719E-02    0.104156719E-02    0.103578889E+01    0.521237664E-01
    0.500000000E+02    0.105430570E-02    0.105430570E-02    0.103579390E+01    0.534430593E-01
    0.500000000E+02    0.106717367E-02    0.106717367E-02    0.103579915E+01    0.547929890E-01
    0.500000000E+02    0.108017260E-02    0.108017260E-02    0.103580463E+01    0.561742298E-01
    0.500000000E+02    0.109330378E-02    0.109330378E-02    0.103581047E+01    0.575874709E-01
    0.500000000E+02    0.110656838E-02    0.110656838E-02    0.103581643E+01    0.590334199E-01
    0.500000000E+02    0.111996790E-02    0.111996790E-02    0.103582287E+01    0.605128035E-01
    0.500000000E+02    0.113350374E-02    0.113350374E-02    0.103582954E+01    0.620263517E-01
    0.500000000E+02    0.114717707E-02    0.114717707E-02    0.103583658E+01    0.635748208E-01
    0.500000000E+02    0.116098963E-02    0.116098963E-02    0.103584397E+01    0.651589856E-01
    0.500000000E+02    0.117494259E-02    0.117494259E-02    0.103585172E+01    0.667796209E-01
    0.500000000E+02    0.118903734E-02    0.118903734E-02    0.103585982E+01    0.684375390E-01
    0.500000000E+02    0.120327552E-02    0.120327552E-02    0.103586829E+01    0.701335520E-01
    0.500000000E+02    0.121765852E-02    0.121765852E-02    0.103587723E+01    0.718685016E-01
    0.500000000E+02    0.123218773E-02    0.123218773E-02    0.103588653E+01    0.736432448E-01
    0.500000000E+02    0.124686467E-02    0.124686467E-02    0.103589642E+01    0.754586458E-01
    0.500000000E+02    0.126169098E-02    0.126169098E-02    0.103590667E+01    0.773155987E-01
    0.500000000E+02    0.127666793E-02    0.127666793E-02    0.103591752E+01    0.792150199E-01
    0.500000000E+02    0.129179726E-02    0.129179726E-02    0.103592885E+01    0.811578259E-01
    0.500000000E+02    0.130708038E-02    0.130708038E-02    0.103594065E+01    0.831449777E-01
    0.500000000E+02    0.132251903E-02    0.132251903E-02    0.103595316E+01    0.851774290E-01
    0.500000000E+02    0.133811461E-02    0.133811461E-02    0.103596616E+01    0.872561783E-01
    0.500000000E+02    0.135386875E-02    0.135386875E-02    0.103597987E+01    0.893822312E-01
    0.500000000E+02    0.136978307E-02    0.136978307E-02    0.103599417E+01    0.915566012E-01
    0.500000000E+02    0.138585933E-02    0.138585770E-02    0.103600919E+01    0.937802419E-01
    0.500000000E+02    0.138586096E-02    0.138585933E-02    0.103600919E+01    0.937804654E-01
    0.500000000E+02    0.140209903E-02    0.140209903E-02    0.103602493E+01    0.960545540E-01
    0.500000000E+02    0.141850382E-02    0.141850382E-02    0.103604150E+01    0.983802825E-01
    0.500000000E+02    0.143507554E-02    0.143507554E-02    0.103605878E+01    0.100758657E+00
    0.500000000E+02    0.145181571E-02    0.145181571E-02    0.103607690E+01    0.103190802E+00
    0.500000000E+02    0.146872608E-02    0.146872434E-02    0.103609598E+01    0.105677754E+00
    0.500000000E+02    0.146872783E-02    0.146872608E-02    0.103609598E+01    0.105678007E+00
    0.500000000E+02    0.148580852E-02    0.148580852E-02    0.103611588E+01    0.108221062E+00
    0.500000000E+02    0.150306465E-02    0.150306290E-02    0.103613675E+01    0.110821411E+00
    0.500000000E+02    0.150306639E-02    0.150306465E-02    0.103613675E+01    0.110821679E+00
    0.500000000E+02    0.152049621E-02    0.152049621E-02    0.103615856E+01    0.113480538E+00
    0.500000000E+02    0.153810508E-02    0.153810508E-02    0.103618145E+01    0.116199292E+00
    0.500000000E+02    0.155589299E-02    0.155589299E-02    0.103620553E+01    0.118979052E+00
    0.500000000E+02    0.157386169E-02    0.157386169E-02    0.103623068E+01    0.121821105E+00
    0.500000000E+02    0.159201329E-02    0.159201142E-02    0.103625703E+01    0.124726608E+00
    0.500000000E+02    0.159201515E-02    0.159201329E-02    0.103625703E+01    0.124726906E+00
    0.500000000E+02    0.161034940E-02    0.161034940E-02    0.103628457E+01    0.127697319E+00
    0.500000000E+02    0.162887201E-02    0.162887201E-02    0.103631341E+01    0.130734146E+00
    0.500000000E+02    0.164758286E-02    0.164758286E-02    0.103634369E+01    0.133838579E+00
    0.500000000E+02    0.166648417E-02    0.166648417E-02    0.103637540E+01    0.137012005E+00
    0.500000000E+02    0.168557756E-02    0.168557756E-02    0.103640854E+01    0.140255824E+00
    0.500000000E+02    0.170486514E-02    0.170486514E-02    0.103644335E+01    0.143571436E+00
    0.500000000E+02    0.172434887E-02    0.172434887E-02    0.103647971E+01    0.146960288E+00
    0.500000000E+02    0.174403074E-02    0.174403074E-02    0.103651774E+01    0.150423810E+00
    0.500000000E+02    0.176391273E-02    0.176391273E-02    0.103655767E+01    0.153963462E+00
    0.500000000E+02    0.178399694E-02    0.178399694E-02    0.103659940E+01    0.157580703E+00
    0.500000000E+02    0.180428533E-02    0.180428533E-02    0.103664303E+01    0.161277011E+00
    0.500000000E+02    0.182478013E-02    0.182478013E-02    0.103668880E+01    0.165053889E+00
    0.500000000E+02    0.184548332E-02    0.184548332E-02    0.103673673E+01    0.168912798E+00
    0.500000000E+02    0.186639698E-02    0.186639698E-02    0.103678679E+01    0.172855258E+00
    0.500000000E+02    0.188752334E-02    0.188752334E-02    0.103683913E+01    0.176882729E+00
    0.500000000E+02    0.190886459E-02    0.190886459E-02    0.103689396E+01    0.180996731E+00
    0.500000000E+02    0.193042285E-02    0.193042285E-02    0.103695142E+01    0.185198739E+00
    0.500000000E+02    0.195220031E-02    0.195220031E-02    0.103701138E+01    0.189490214E+00
    0.500000000E+02    0.197419920E-02    0.197419920E-02    0.103707421E+01    0.193872631E+00
    0.500000000E+02    0.199642195E-02    0.199642195E-02    0.103713977E+01    0.198347420E+00
    0.500000000E+02    0.201887055E-02    0.201887055E-02    0.103720844E+01    0.202915996E+00
    0.500000000E+02    0.204154733E-02    0.204154733E-02    0.103728020E+01    0.207579762E+00
    0.500000000E+02    0.206445483E-02    0.206445483E-02    0.103735530E+01    0.212340087E+00
    0.500000000E+02    0.208759541E-02    0.208759541E-02    0.103743374E+01    0.217198268E+00
    0.500000000E+02    0.211097114E-02    0.211097114E-02    0.103751576E+01    0.222155571E+00
    0.500000000E+02    0.213458459E-02    0.213458459E-02    0.103760135E+01    0.227213249E+00
    0.500000000E+02    0.215843832E-02    0.215843832E-02    0.103769088E+01    0.232372433E+00
    0.500000000E+02    0.218253443E-02    0.218253443E-02    0.103778434E+01    0.237634242E+00
    0.500000000E+02    0.220687571E-02    0.220687571E-02    0.103788197E+01    0.242999673E+00
    0.500000000E+02    0.223146449E-02    0.223146449E-02    0.103798389E+01    0.248469695E+00
    0.500000000E+02    0.225630333E-02    0.225630333E-02    0.103809035E+01    0.254045129E+00
    0.500000000E+02    0.228139479E-02    0.228139479E-02    0.103820133E+01    0.259726763E+00
    0.500000000E+02    0.230674143E-02    0.230674143E-02    0.103831720E+01    0.265515208E+00
    0.500000000E+02    0.233234558E-02    0.233234558E-02    0.103843796E+01    0.271410972E+00
    0.500000000E+02    0.235821051E-02    0.235821051E-02    0.103856397E+01    0.277414471E+00
    0.500000000E+02    0.238433806E-02    0.238433806E-02    0.103869534E+01    0.283525974E+00
    0.500000000E+02    0.241073151E-02    0.241073151E-02    0.103883219E+01    0.289745539E+00
    0.500000000E+02    0.243739341E-02    0.243739341E-02    0.103897476E+01    0.296073169E+00
    0.500000000E+02    0.246432633E-02    0.246432633E-02    0.103912318E+01    0.302508622E+00
    0.500000000E+02    0.249153329E-02    0.249153329E-02    0.103927779E+01    0.309051543E+00
    0.500000000E+02    0.251901662E-02    0.251901662E-02    0.103943861E+01    0.315701306E+00
    0.500000000E+02    0.254677981E-02    0.254677981E-02    0.103960574E+01    0.322457135E+00
    0.500000000E+02    0.257482496E-02    0.257482496E-02    0.103977966E+01    0.329318106E+00
    0.500000000E+02    0.260315556E-02    0.260315556E-02    0.103996027E+01    0.336282969E+00
    0.500000000E+02    0.263177417E-02    0.263177417E-02    0.104014790E+01    0.343350381E+00
    0.500000000E+02    0.266068382E-02    0.266068382E-02    0.104034269E+01    0.350518674E+00
    0.500000000E+02    0.268988754E-02    0.268988754E-02    0.104054475E+01    0.357785970E+00
    0.500000000E+02    0.271938811E-02    0.271938811E-02    0.104075432E+01    0.365150243E+00
    0.500000000E+02    0.274918880E-02    0.274918880E-02    0.104097152E+01    0.372609138E+00
    0.500000000E+02    0.277929241E-02    0.277929241E-02    0.104119647E+01    0.380160064E+00
    0.500000000E+02    0.280970219E-02    0.280970219E-02    0.104142928E+01    0.387800246E+00
    0.500000000E+02    0.284042116E-02    0.284042116E-02    0.104167020E+01    0.395526677E+00
    0.500000000E+02    0.287145260E-02    0.287145260E-02    0.104191911E+01    0.403336078E+00
    0.500000000E+02    0.290279975E-02    0.290279649E-02    0.104217637E+01    0.411224544E+00
    0.500000000E+02    0.290280301E-02    0.290279975E-02    0.104217637E+01    0.411225319E+00
    0.500000000E+02    0.293446542E-02    0.293446542E-02    0.104244184E+01    0.419189572E+00
    0.500000000E+02    0.296645309E-02    0.296645309E-02    0.104271579E+01    0.427226067E+00
    0.500000000E+02    0.299876626E-02    0.299876626E-02    0.104299819E+01    0.435330302E+00
    0.500000000E+02    0.303140795E-02    0.303140795E-02    0.104328907E+01    0.443497986E+00
    0.500000000E+02    0.306438166E-02    0.306437840E-02    0.104358852E+01    0.451724201E+00
    0.500000000E+02    0.306438492E-02    0.306438166E-02    0.104358852E+01    0.451725036E+00
    0.500000000E+02    0.309769041E-02    0.309769041E-02    0.104389644E+01    0.460005611E+00
    0.500000000E+02    0.313133816E-02    0.313133467E-02    0.104421294E+01    0.468335748E+00
    0.500000000E+02    0.313133816E-02    0.313133490E-02    0.104421294E+01    0.468335748E+00
    0.500000000E+02    0.313134165E-02    0.313133816E-02    0.104421294E+01    0.468336582E+00
    0.500000000E+02    0.316532794E-02    0.316532794E-02    0.104453790E+01    0.476711392E+00
    0.500000000E+02    0.319966348E-02    0.319965999E-02    0.104487133E+01    0.485125899E+00
    0.500000000E+02    0.319966697E-02    0.319966348E-02    0.104487133E+01    0.485126734E+00
    0.500000000E+02    0.323434803E-02    0.323434803E-02    0.104521322E+01    0.493575811E+00
    0.500000000E+02    0.326938531E-02    0.326938182E-02    0.104556334E+01    0.502054393E+00
    0.500000000E+02    0.326938881E-02    0.326938531E-02    0.104556334E+01    0.502055228E+00
    0.500000000E+02    0.330477906E-02    0.330477906E-02    0.104592180E+01    0.510558069E+00
    0.500000000E+02    0.334053254E-02    0.334053254E-02    0.104628837E+01    0.519080400E+00
    0.500000000E+02    0.337664969E-02    0.337664969E-02    0.104666293E+01    0.527616620E+00
    0.500000000E+02    0.341313425E-02    0.341313425E-02    0.104704535E+01    0.536161602E+00
    0.500000000E+02    0.344998972E-02    0.344998972E-02    0.104743540E+01    0.544710100E+00
    0.500000000E+02    0.348722003E-02    0.348722003E-02    0.104783309E+01    0.553257227E+00
    0.500000000E+02    0.352482870E-02    0.352482870E-02    0.104823816E+01    0.561797857E+00
    0.500000000E+02    0.356282014E-02    0.356282014E-02    0.104865026E+01    0.570327222E+00
    0.500000000E+02    0.360119785E-02    0.360119785E-02    0.104906940E+01    0.578840554E+00
    0.500000000E+02    0.363996578E-02    0.363996578E-02    0.104949522E+01    0.587333202E+00
    0.500000000E+02    0.367912790E-02    0.367912790E-02    0.104992759E+01    0.595800817E+00
    0.500000000E+02    0.371868815E-02    0.371868815E-02    0.105036628E+01    0.604239047E+00
    0.500000000E+02    0.375865097E-02    0.375865097E-02    0.105081081E+01    0.612643898E+00
    0.500000000E+02    0.379902008E-02    0.379902008E-02    0.105126131E+01    0.621011317E+00
    0.500000000E+02    0.383979967E-02    0.383979967E-02    0.105171716E+01    0.629337668E+00
    0.500000000E+02    0.388099393E-02    0.388099393E-02    0.105217838E+01    0.637619495E+00
    0.500000000E+02    0.392260728E-02    0.392260728E-02    0.105264461E+01    0.645853519E+00
    0.500000000E+02    0.396464346E-02    0.396464346E-02    0.105311549E+01    0.654036582E+00
    0.500000000E+02    0.400710758E-02    0.400710758E-02    0.105359101E+01    0.662165940E+00
    0.500000000E+02    0.405000336E-02    0.405000336E-02    0.105407071E+01    0.670238853E+00
    0.500000000E+02    0.409333501E-02    0.409333501E-02    0.105455434E+01    0.678253055E+00
    0.500000000E+02    0.413710764E-02    0.413710764E-02    0.105504179E+01    0.686206281E+00
    0.500000000E+02    0.418132544E-02    0.418132544E-02    0.105553269E+01    0.694096506E+00
    0.500000000E+02    0.422599260E-02    0.422599260E-02    0.105602694E+01    0.701922119E+00
    0.500000000E+02    0.427111425E-02    0.427111425E-02    0.105652416E+01    0.709681451E+00
    0.500000000E+02    0.431669457E-02    0.431669457E-02    0.105702412E+01    0.717373192E+00
    0.500000000E+02    0.436273869E-02    0.436273869E-02    0.105752683E+01    0.724996209E+00
    0.500000000E+02    0.440925080E-02    0.440925080E-02    0.105803180E+01    0.732549489E+00
    0.500000000E+02    0.445623603E-02    0.445623603E-02    0.105853891E+01    0.740032315E+00
    0.500000000E+02    0.450369902E-02    0.450369902E-02    0.105904806E+01    0.747444034E+00
    0.500000000E+02    0.455164444E-02    0.455164444E-02    0.105955899E+01    0.754784226E+00
    0.500000000E+02    0.460007787E-02    0.460007787E-02    0.106007147E+01    0.762052596E+00
    0.500000000E+02    0.464900350E-02    0.464900350E-02    0.106058550E+01    0.769249022E+00
    0.500000000E+02    0.469842693E-02    0.469842693E-02    0.106110084E+01    0.776373565E+00
    0.500000000E+02    0.474835280E-02    0.474835280E-02    0.106161726E+01    0.783426285E+00
    0.500000000E+02    0.479878625E-02    0.479878625E-02    0.106213474E+01    0.790407479E+00
    0.500000000E+02    0.484973285E-02    0.484973285E-02    0.106265306E+01    0.797317564E+00
    0.500000000E+02    0.490119727E-02    0.490119727E-02    0.106317210E+01    0.804157019E+00
    0.500000000E+02    0.495318510E-02    0.495318510E-02    0.106369185E+01    0.810926437E+00
    0.500000000E+02    0.500570191E-02    0.500570191E-02    0.106421220E+01    0.817626476E+00
    0.500000000E+02    0.505875237E-02    0.505875237E-02    0.106473303E+01    0.824257910E+00
    0.500000000E+02    0.511234254E-02    0.511234254E-02    0.106525421E+01    0.830821633E+00
    0.500000000E+02    0.516647752E-02    0.516647752E-02    0.106577563E+01    0.837318540E+00
    0.500000000E+02    0.522116292E-02    0.522116292E-02    0.106629729E+01    0.843749523E+00
    0.500000000E+02    0.527640479E-02    0.527640479E-02    0.106681919E+01    0.850115776E+00
    0.500000000E+02    0.533220824E-02    0.533220824E-02    0.106734121E+01    0.856418252E+00
    0.500000000E+02    0.538857887E-02    0.538857887E-02    0.106786335E+01    0.862658143E+00
    0.500000000E+02    0.544552319E-02    0.544552319E-02    0.106838548E+01    0.868836641E+00
    0.500000000E+02    0.550304633E-02    0.550304633E-02    0.106890762E+01    0.874954939E+00
    0.500000000E+02    0.556115480E-02    0.556115480E-02    0.106942976E+01    0.881014287E+00
    0.500000000E+02    0.561985373E-02    0.561985373E-02    0.106995201E+01    0.887015939E+00
    0.500000000E+02    0.567914965E-02    0.567914965E-02    0.107047415E+01    0.892961144E+00
    0.500000000E+02    0.573904859E-02    0.573904859E-02    0.107099617E+01    0.898851275E+00
    0.500000000E+02    0.579955708E-02    0.579955103E-02    0.107151830E+01    0.904687345E+00
    0.500000000E+02    0.579956314E-02    0.579955708E-02    0.107151830E+01    0.904687941E+00
    0.500000000E+02    0.586068025E-02    0.586068025E-02    0.107204032E+01    0.910471499E+00
    0.500000000E+02    0.592242554E-02    0.592241948E-02    0.107256234E+01    0.916203916E+00
    0.500000000E+02    0.592243159E-02    0.592242554E-02    0.107256234E+01    0.916204512E+00
    0.500000000E+02    0.598479854E-02    0.598479854E-02    0.107308435E+01    0.921887100E+00
    0.500000000E+02    0.604780577E-02    0.604779925E-02    0.107360649E+01    0.927521288E+00
    0.500000000E+02    0.604781229E-02    0.604780577E-02    0.107360649E+01    0.927521884E+00
    0.500000000E+02    0.611145375E-02    0.611145375E-02    0.107412851E+01    0.933108926E+00
    0.500000000E+02    0.617574900E-02    0.617574900E-02    0.107465076E+01    0.938650429E+00
    0.500000000E+02    0.624069804E-02    0.624069804E-02    0.107517302E+01    0.944147527E+00
    0.500000000E+02    0.630630739E-02    0.630630087E-02    0.107569540E+01    0.949601114E+00
    0.500000000E+02    0.630631391E-02    0.630630739E-02    0.107569540E+01    0.949601710E+00
    0.500000000E+02    0.637258403E-02    0.637258403E-02    0.107621801E+01    0.955013454E+00
    0.500000000E+02    0.643953495E-02    0.643953495E-02    0.107674086E+01    0.960384965E+00
    0.500000000E+02    0.650716666E-02    0.650716666E-02    0.107726395E+01    0.965717137E+00
    0.500000000E+02    0.657548569E-02    0.657548569E-02    0.107778728E+01    0.971011341E+00
    0.500000000E+02    0.664449995E-02    0.664449995E-02    0.107831109E+01    0.976268768E+00
    0.500000000E+02    0.671421550E-02    0.671421550E-02    0.107883513E+01    0.981490672E+00
    0.500000000E+02    0.678464072E-02    0.678464072E-02    0.107935977E+01    0.986678302E+00
    0.500000000E+02    0.685578166E-02    0.685578166E-02    0.107988477E+01    0.991832793E+00
    0.500000000E+02    0.692764577E-02    0.692764577E-02    0.108041048E+01    0.996955335E+00
    0.500000000E+02    0.700024143E-02    0.700024143E-02    0.108093667E+01    0.100204718E+01
    0.500000000E+02    0.707357470E-02    0.707357470E-02    0.108146369E+01    0.100710928E+01
    0.500000000E+02    0.714765396E-02    0.714765396E-02    0.108199131E+01    0.101214290E+01
    0.500000000E+02    0.722248666E-02    0.722248666E-02    0.108251977E+01    0.101714909E+01
    0.500000000E+02    0.729807978E-02    0.729807978E-02    0.108304906E+01    0.102212894E+01
    0.500000000E+02    0.737444218E-02    0.737444218E-02    0.108357930E+01    0.102708352E+01
    0.500000000E+02    0.745158130E-02    0.745158130E-02    0.108411050E+01    0.103201377E+01
    0.500000000E+02    0.752950413E-02    0.752950413E-02    0.108464265E+01    0.103692079E+01
    0.500000000E+02    0.760821998E-02    0.760821998E-02    0.108517599E+01    0.104180551E+01
    0.500000000E+02    0.768773630E-02    0.768773630E-02    0.108571041E+01    0.104666901E+01
    0.500000000E+02    0.776806101E-02    0.776806101E-02    0.108624613E+01    0.105151200E+01
    0.500000000E+02    0.784920249E-02    0.784920249E-02    0.108678317E+01    0.105633569E+01
    0.500000000E+02    0.793116912E-02    0.793116912E-02    0.108732152E+01    0.106114078E+01
    0.500000000E+02    0.801396929E-02    0.801396929E-02    0.108786118E+01    0.106592810E+01
    0.500000000E+02    0.809761137E-02    0.809761137E-02    0.108840239E+01    0.107069874E+01
    0.500000000E+02    0.818210468E-02    0.818210468E-02    0.108894515E+01    0.107545328E+01
    0.500000000E+02    0.826745667E-02    0.826745667E-02    0.108948958E+01    0.108019269E+01
    0.500000000E+02    0.835367665E-02    0.835367665E-02    0.109003556E+01    0.108491778E+01
    0.500000000E+02    0.844077393E-02    0.844077393E-02    0.109058332E+01    0.108962917E+01
    0.500000000E+02    0.852875598E-02    0.852875598E-02    0.109113288E+01    0.109432757E+01
    0.500000000E+02    0.861763302E-02    0.861763302E-02    0.109168434E+01    0.109901392E+01
    0.500000000E+02    0.870741438E-02    0.870741438E-02    0.109223759E+01    0.110368884E+01
    0.500000000E+02    0.879810844E-02    0.879810844E-02    0.109279287E+01    0.110835302E+01
    0.500000000E+02    0.888972450E-02    0.888972450E-02    0.109335029E+01    0.111300707E+01
    0.500000000E+02    0.898227282E-02    0.898227282E-02    0.109390962E+01    0.111765170E+01
    0.500000000E+02    0.907576177E-02    0.907576177E-02    0.109447122E+01    0.112228751E+01
    0.500000000E+02    0.917020161E-02    0.917020161E-02    0.109503508E+01    0.112691510E+01
    0.500000000E+02    0.926560257E-02    0.926560257E-02    0.109560108E+01    0.113153505E+01
    0.500000000E+02    0.936197303E-02    0.936197303E-02    0.109616959E+01    0.113614810E+01
    0.500000000E+02    0.945932325E-02    0.945932325E-02    0.109674037E+01    0.114075446E+01
    0.500000000E+02    0.955766346E-02    0.955766346E-02    0.109731364E+01    0.114535499E+01
    0.500000000E+02    0.965700392E-02    0.965700392E-02    0.109788942E+01    0.114995015E+01
    0.500000000E+02    0.975735486E-02    0.975735486E-02    0.109846783E+01    0.115454030E+01
    0.500000000E+02    0.985872559E-02    0.985872559E-02    0.109904873E+01    0.115912604E+01
    0.500000000E+02    0.996112730E-02    0.996112730E-02    0.109963238E+01    0.116370785E+01
    0.500000000E+02    0.100645712E-01    0.100645712E-01    0.110021877E+01    0.116828620E+01
    0.500000000E+02    0.101690665E-01    0.101690665E-01    0.110080791E+01    0.117286158E+01
    0.500000000E+02    0.102746245E-01    0.102746245E-01    0.110140002E+01    0.117743421E+01
    0.500000000E+02    0.103812553E-01    0.103812553E-01    0.110199487E+01    0.118200469E+01
    0.500000000E+02    0.104889711E-01    0.104889711E-01    0.110259271E+01    0.118657339E+01
    0.500000000E+02    0.105977822E-01    0.105977822E-01    0.110319364E+01    0.119114065E+01
    0.500000000E+02    0.107076997E-01    0.107076997E-01    0.110379755E+01    0.119570684E+01
    0.500000000E+02    0.108187357E-01    0.108187357E-01    0.110440457E+01    0.120027244E+01
    0.500000000E+02    0.109308995E-01    0.109308995E-01    0.110501468E+01    0.120483768E+01
    0.500000000E+02    0.110442052E-01    0.110442052E-01    0.110562813E+01    0.120940292E+01
    0.500000000E+02    0.111586619E-01    0.111586619E-01    0.110624480E+01    0.121396852E+01
    0.500000000E+02    0.112742838E-01    0.112742716E-01    0.110686469E+01    0.121853447E+01
    0.500000000E+02    0.112742959E-01    0.112742838E-01    0.110686469E+01    0.121853495E+01
    0.500000000E+02    0.113910809E-01    0.113910809E-01    0.110748804E+01    0.122310197E+01
    0.500000000E+02    0.115090655E-01    0.115090534E-01    0.110811472E+01    0.122767007E+01
    0.500000000E+02    0.115090776E-01    0.115090655E-01    0.110811472E+01    0.122767055E+01
    0.500000000E+02    0.116282497E-01    0.116282497E-01    0.110874486E+01    0.123224032E+01
    0.500000000E+02    0.117486464E-01    0.117486464E-01    0.110937846E+01    0.123681211E+01
    0.500000000E+02    0.118702678E-01    0.118702678E-01    0.111001563E+01    0.124138582E+01
    0.500000000E+02    0.119931251E-01    0.119931251E-01    0.111065650E+01    0.124596202E+01
    0.500000000E+02    0.121172322E-01    0.121172201E-01    0.111130095E+01    0.125054038E+01
    0.500000000E+02    0.121172443E-01    0.121172322E-01    0.111130095E+01    0.125054085E+01
    0.500000000E+02    0.122426022E-01    0.122426022E-01    0.111194897E+01    0.125512207E+01
    0.500000000E+02    0.123692462E-01    0.123692462E-01    0.111260080E+01    0.125970650E+01
    0.500000000E+02    0.124971783E-01    0.124971783E-01    0.111325645E+01    0.126429415E+01
    0.500000000E+02    0.126264105E-01    0.126264105E-01    0.111391580E+01    0.126888514E+01
    0.500000000E+02    0.127569577E-01    0.127569577E-01    0.111457908E+01    0.127347982E+01
    0.500000000E+02    0.128888329E-01    0.128888329E-01    0.111524630E+01    0.127807832E+01
    0.500000000E+02    0.130220484E-01    0.130220484E-01    0.111591744E+01    0.128268075E+01
    0.500000000E+02    0.131566189E-01    0.131566189E-01    0.111659253E+01    0.128728735E+01
    0.500000000E+02    0.132925576E-01    0.132925576E-01    0.111727166E+01    0.129189825E+01
    0.500000000E+02    0.134298792E-01    0.134298792E-01    0.111795485E+01    0.129651368E+01
    0.500000000E+02    0.135685969E-01    0.135685969E-01    0.111864221E+01    0.130113375E+01
    0.500000000E+02    0.137087256E-01    0.137087256E-01    0.111933362E+01    0.130575860E+01
    0.500000000E+02    0.138502792E-01    0.138502792E-01    0.112002933E+01    0.131038833E+01
    0.500000000E+02    0.139932716E-01    0.139932716E-01    0.112072921E+01    0.131502306E+01
    0.500000000E+02    0.141377188E-01    0.141377188E-01    0.112143350E+01    0.131966305E+01
    0.500000000E+02    0.142836347E-01    0.142836347E-01    0.112214196E+01    0.132430828E+01
    0.500000000E+02    0.144310342E-01    0.144310342E-01    0.112285483E+01    0.132895899E+01
    0.500000000E+02    0.145799331E-01    0.145799331E-01    0.112357211E+01    0.133361518E+01
    0.500000000E+02    0.147303464E-01    0.147303464E-01    0.112429380E+01    0.133827710E+01
    0.500000000E+02    0.148822889E-01    0.148822740E-01    0.112502003E+01    0.134294438E+01
    0.500000000E+02    0.148823038E-01    0.148822889E-01    0.112502003E+01    0.134294486E+01
    0.500000000E+02    0.150357764E-01    0.150357764E-01    0.112575066E+01    0.134761798E+01
    0.500000000E+02    0.151908249E-01    0.151908249E-01    0.112648594E+01    0.135229731E+01
    0.500000000E+02    0.153474500E-01    0.153474500E-01    0.112722576E+01    0.135698271E+01
    0.500000000E+02    0.155056678E-01    0.155056678E-01    0.112797022E+01    0.136167407E+01
    0.500000000E+02    0.156654939E-01    0.156654939E-01    0.112871945E+01    0.136637163E+01
    0.500000000E+02    0.158269461E-01    0.158269461E-01    0.112947333E+01    0.137107539E+01
    0.500000000E+02    0.159900412E-01    0.159900412E-01    0.113023186E+01    0.137578547E+01
    0.500000000E+02    0.161547940E-01    0.161547940E-01    0.113099527E+01    0.138050187E+01
    0.500000000E+02    0.163212214E-01    0.163212214E-01    0.113176346E+01    0.138522482E+01
    0.500000000E+02    0.164893419E-01    0.164893419E-01    0.113253653E+01    0.138995409E+01
    0.500000000E+02    0.166591723E-01    0.166591723E-01    0.113331449E+01    0.139469004E+01
    0.500000000E+02    0.168307293E-01    0.168307293E-01    0.113409746E+01    0.139943242E+01
    0.500000000E+02    0.170040298E-01    0.170040298E-01    0.113488531E+01    0.140418160E+01
    0.500000000E+02    0.171790943E-01    0.171790943E-01    0.113567817E+01    0.140893734E+01
    0.500000000E+02    0.173559394E-01    0.173559394E-01    0.113647604E+01    0.141369975E+01
    0.500000000E+02    0.175345819E-01    0.175345819E-01    0.113727903E+01    0.141846907E+01
    0.500000000E+02    0.177150406E-01    0.177150406E-01    0.113808715E+01    0.142324507E+01
    0.500000000E+02    0.178973358E-01    0.178973358E-01    0.113890052E+01    0.142802787E+01
    0.500000000E+02    0.180814844E-01    0.180814844E-01    0.113971889E+01    0.143281758E+01
    0.500000000E+02    0.182675049E-01    0.182675049E-01    0.114054263E+01    0.143761408E+01
    0.500000000E+02    0.184554178E-01    0.184554178E-01    0.114137161E+01    0.144241750E+01
    0.500000000E+02    0.186452400E-01    0.186452400E-01    0.114220583E+01    0.144722784E+01
    0.500000000E+02    0.188369937E-01    0.188369937E-01    0.114304554E+01    0.145204520E+01
    0.500000000E+02    0.190306976E-01    0.190306976E-01    0.114389050E+01    0.145686936E+01
    0.500000000E+02    0.192263722E-01    0.192263722E-01    0.114474082E+01    0.146170056E+01
    0.500000000E+02    0.194240361E-01    0.194240361E-01    0.114559674E+01    0.146653879E+01
    0.500000000E+02    0.196237098E-01    0.196237098E-01    0.114645803E+01    0.147138393E+01
    0.500000000E+02    0.198254138E-01    0.198254138E-01    0.114732492E+01    0.147623610E+01
    0.500000000E+02    0.200291686E-01    0.200291686E-01    0.114819729E+01    0.148109531E+01
    0.500000000E+02    0.202349965E-01    0.202349965E-01    0.114907527E+01    0.148596156E+01
    0.500000000E+02    0.204429161E-01    0.204429161E-01    0.114995897E+01    0.149083471E+01
    0.500000000E+02    0.206529517E-01    0.206529517E-01    0.115084827E+01    0.149571490E+01
    0.500000000E+02    0.208651219E-01    0.208651219E-01    0.115174329E+01    0.150060213E+01
    0.500000000E+02    0.210794490E-01    0.210794490E-01    0.115264404E+01    0.150549638E+01
    0.500000000E+02    0.212959573E-01    0.212959573E-01    0.115355062E+01    0.151039755E+01
    0.500000000E+02    0.215146672E-01    0.215146672E-01    0.115446293E+01    0.151530576E+01
    0.500000000E+02    0.217356011E-01    0.217356011E-01    0.115538120E+01    0.152022099E+01
    0.500000000E+02    0.219587814E-01    0.219587814E-01    0.115630519E+01    0.152514327E+01
    0.500000000E+02    0.221842304E-01    0.221842304E-01    0.115723526E+01    0.153007245E+01
    0.500000000E+02    0.224119741E-01    0.224119741E-01    0.115817130E+01    0.153500855E+01
    0.500000000E+02    0.226420313E-01    0.226420090E-01    0.115911329E+01    0.153995132E+01
    0.500000000E+02    0.226420537E-01    0.226420313E-01    0.115911329E+01    0.153995180E+01
    0.500000000E+02    0.228744298E-01    0.228744298E-01    0.116006124E+01    0.154490161E+01
    0.500000000E+02    0.231091920E-01    0.231091920E-01    0.116101539E+01    0.154985857E+01
    0.500000000E+02    0.233463403E-01    0.233463403E-01    0.116197562E+01    0.155482233E+01
    0.500000000E+02    0.235859007E-01    0.235859007E-01    0.116294193E+01    0.155979311E+01
    0.500000000E+02    0.238278974E-01    0.238278974E-01    0.116391456E+01    0.156477070E+01
    0.500000000E+02    0.240723547E-01    0.240723547E-01    0.116489327E+01    0.156975508E+01
    0.500000000E+02    0.243192967E-01    0.243192967E-01    0.116587830E+01    0.157474637E+01
    0.500000000E+02    0.245687515E-01    0.245687515E-01    0.116686964E+01    0.157974446E+01
    0.500000000E+02    0.248207431E-01    0.248207431E-01    0.116786742E+01    0.158474922E+01
    0.500000000E+02    0.250752959E-01    0.250752959E-01    0.116887140E+01    0.158976090E+01
    0.500000000E+02    0.253324397E-01    0.253324397E-01    0.116988194E+01    0.159477925E+01
    0.500000000E+02    0.255921967E-01    0.255921967E-01    0.117089891E+01    0.159980428E+01
    0.500000000E+02    0.258545950E-01    0.258545950E-01    0.117192233E+01    0.160483599E+01
    0.500000000E+02    0.261196624E-01    0.261196624E-01    0.117295229E+01    0.160987437E+01
    0.500000000E+02    0.263874251E-01    0.263874251E-01    0.117398882E+01    0.161491930E+01
    0.500000000E+02    0.266579110E-01    0.266579110E-01    0.117503190E+01    0.161997092E+01
    0.500000000E+02    0.269311480E-01    0.269311480E-01    0.117608166E+01    0.162502909E+01
    0.500000000E+02    0.272071622E-01    0.272071622E-01    0.117713821E+01    0.163009369E+01
    0.500000000E+02    0.274859834E-01    0.274859834E-01    0.117820132E+01    0.163516498E+01
    0.500000000E+02    0.277676415E-01    0.277676415E-01    0.117927134E+01    0.164024258E+01
    0.500000000E+02    0.280521624E-01    0.280521624E-01    0.118034804E+01    0.164532673E+01
    0.500000000E+02    0.283395778E-01    0.283395778E-01    0.118143165E+01    0.165041721E+01
    0.500000000E+02    0.286299139E-01    0.286299139E-01    0.118252218E+01    0.165551400E+01
    0.500000000E+02    0.289232042E-01    0.289232042E-01    0.118361962E+01    0.166061723E+01
    0.500000000E+02    0.292194765E-01    0.292194765E-01    0.118472397E+01    0.166572666E+01
    0.500000000E+02    0.295187626E-01    0.295187626E-01    0.118583536E+01    0.167084241E+01
    0.500000000E+02    0.298210923E-01    0.298210923E-01    0.118695378E+01    0.167596436E+01
    0.500000000E+02    0.301264953E-01    0.301264953E-01    0.118807936E+01    0.168109250E+01
    0.500000000E+02    0.304350033E-01    0.304350033E-01    0.118921196E+01    0.168622684E+01
    0.500000000E+02    0.307466500E-01    0.307466500E-01    0.119035184E+01    0.169136715E+01
    0.500000000E+02    0.310614649E-01    0.310614649E-01    0.119149876E+01    0.169651365E+01
    0.500000000E+02    0.313794836E-01    0.313794836E-01    0.119265306E+01    0.170166612E+01
    0.500000000E+02    0.317007340E-01    0.317007340E-01    0.119381464E+01    0.170682454E+01
    0.500000000E+02    0.320252515E-01    0.320252515E-01    0.119498348E+01    0.171198893E+01
    0.500000000E+02    0.323530696E-01    0.323530696E-01    0.119615972E+01    0.171715927E+01
    0.500000000E+02    0.326842219E-01    0.326842219E-01    0.119734347E+01    0.172233534E+01
    0.500000000E+02    0.330187418E-01    0.330187418E-01    0.119853449E+01    0.172751737E+01
    0.500000000E+02    0.333566591E-01    0.333566591E-01    0.119973314E+01    0.173270500E+01
    0.500000000E+02    0.336980186E-01    0.336980186E-01    0.120093930E+01    0.173789847E+01
    0.500000000E+02    0.340428464E-01    0.340428464E-01    0.120215309E+01    0.174309754E+01
    0.500000000E+02    0.343911834E-01    0.343911834E-01    0.120337439E+01    0.174830234E+01
    0.500000000E+02    0.347430594E-01    0.347430594E-01    0.120460343E+01    0.175351262E+01
    0.500000000E+02    0.350985155E-01    0.350985155E-01    0.120584023E+01    0.175872838E+01
    0.500000000E+02    0.354575850E-01    0.354575850E-01    0.120708466E+01    0.176394975E+01
    0.500000000E+02    0.358203091E-01    0.358203091E-01    0.120833695E+01    0.176917648E+01
    0.500000000E+02    0.361867175E-01    0.361867175E-01    0.120959711E+01    0.177440858E+01
    0.500000000E+02    0.365568548E-01    0.365568548E-01    0.121086514E+01    0.177964604E+01
    0.500000000E+02    0.369307548E-01    0.369307548E-01    0.121214104E+01    0.178488886E+01
    0.500000000E+02    0.373084582E-01    0.373084582E-01    0.121342492E+01    0.179013681E+01
    0.500000000E+02    0.376900025E-01    0.376900025E-01    0.121471679E+01    0.179539001E+01
    0.500000000E+02    0.380754247E-01    0.380754247E-01    0.121601677E+01    0.180064821E+01
    0.500000000E+02    0.384647697E-01    0.384647697E-01    0.121732485E+01    0.180591154E+01
    0.500000000E+02    0.388580710E-01    0.388580710E-01    0.121864104E+01    0.181118000E+01
    0.500000000E+02    0.392553732E-01    0.392553732E-01    0.121996546E+01    0.181645334E+01
    0.500000000E+02    0.396567173E-01    0.396567173E-01    0.122129810E+01    0.182173157E+01
    0.500000000E+02    0.400621407E-01    0.400621407E-01    0.122263896E+01    0.182701468E+01
    0.500000000E+02    0.404716879E-01    0.404716879E-01    0.122398818E+01    0.183230257E+01
    0.500000000E+02    0.408854000E-01    0.408854000E-01    0.122534573E+01    0.183759522E+01
    0.500000000E+02    0.413033180E-01    0.413033180E-01    0.122671175E+01    0.184289253E+01
    0.500000000E+02    0.417254865E-01    0.417254865E-01    0.122808623E+01    0.184819448E+01
    0.500000000E+02    0.421519466E-01    0.421519466E-01    0.122946918E+01    0.185350096E+01
    0.500000000E+02    0.425827466E-01    0.425827466E-01    0.123086059E+01    0.185881197E+01
    0.500000000E+02    0.430179238E-01    0.430179238E-01    0.123226070E+01    0.186412752E+01
    0.500000000E+02    0.434575304E-01    0.434575304E-01    0.123366940E+01    0.186944735E+01
    0.500000000E+02    0.439016037E-01    0.439016037E-01    0.123508680E+01    0.187477148E+01
    0.500000000E+02    0.443501957E-01    0.443501510E-01    0.123651278E+01    0.188009977E+01
    0.500000000E+02    0.443502404E-01    0.443501957E-01    0.123651302E+01    0.188010025E+01
    0.500000000E+02    0.448033474E-01    0.448033474E-01    0.123794782E+01    0.188543260E+01
    0.500000000E+02    0.452611074E-01    0.452611074E-01    0.123939157E+01    0.189076936E+01
    0.500000000E+02    0.457235239E-01    0.457235239E-01    0.124084413E+01    0.189611018E+01
    0.500000000E+02    0.461906418E-01    0.461906418E-01    0.124230552E+01    0.190145504E+01
    0.500000000E+02    0.466625132E-01    0.466625132E-01    0.124377596E+01    0.190680385E+01
    0.500000000E+02    0.471391790E-01    0.471391790E-01    0.124525547E+01    0.191215646E+01
    0.500000000E+02    0.476206951E-01    0.476206951E-01    0.124674392E+01    0.191751289E+01
    0.500000000E+02    0.481071062E-01    0.481071062E-01    0.124824142E+01    0.192287314E+01
    0.500000000E+02    0.485984609E-01    0.485984609E-01    0.124974811E+01    0.192823696E+01
    0.500000000E+02    0.490948148E-01    0.490947664E-01    0.125126386E+01    0.193360412E+01
    0.500000000E+02    0.490948632E-01    0.490948148E-01    0.125126410E+01    0.193360460E+01
    0.500000000E+02    0.495962165E-01    0.495961681E-01    0.125278902E+01    0.193897510E+01
    0.500000000E+02    0.495962687E-01    0.495962165E-01    0.125278926E+01    0.193897557E+01
    0.500000000E+02    0.501027182E-01    0.501027182E-01    0.125432348E+01    0.194434977E+01
    0.500000000E+02    0.506143719E-01    0.506143719E-01    0.125586724E+01    0.194972765E+01
    0.500000000E+02    0.511312261E-01    0.511312261E-01    0.125742030E+01    0.195510876E+01
    0.500000000E+02    0.516533367E-01    0.516533367E-01    0.125898278E+01    0.196049309E+01
    0.500000000E+02    0.521807559E-01    0.521807037E-01    0.126055455E+01    0.196588039E+01
    0.500000000E+02    0.521808080E-01    0.521807559E-01    0.126055479E+01    0.196588087E+01
    0.500000000E+02    0.527135395E-01    0.527135395E-01    0.126213610E+01    0.197127116E+01
    0.500000000E+02    0.532517396E-01    0.532517396E-01    0.126372707E+01    0.197666478E+01
    0.500000000E+02    0.537954122E-01    0.537954122E-01    0.126532769E+01    0.198206127E+01
    0.500000000E+02    0.543446168E-01    0.543446168E-01    0.126693785E+01    0.198746073E+01
    0.500000000E+02    0.548994057E-01    0.548994057E-01    0.126855779E+01    0.199286282E+01
    0.500000000E+02    0.554598346E-01    0.554598346E-01    0.127018750E+01    0.199826765E+01
    0.500000000E+02    0.560259633E-01    0.560259633E-01    0.127182686E+01    0.200367498E+01
    0.500000000E+02    0.565978512E-01    0.565978512E-01    0.127347612E+01    0.200908518E+01
    0.500000000E+02    0.571755506E-01    0.571755506E-01    0.127513516E+01    0.201449752E+01
    0.500000000E+02    0.577591285E-01    0.577591285E-01    0.127680421E+01    0.201991224E+01
    0.500000000E+02    0.583486371E-01    0.583486371E-01    0.127848315E+01    0.202532935E+01
    0.500000000E+02    0.589441434E-01    0.589441434E-01    0.128017211E+01    0.203074861E+01
    0.500000000E+02    0.595457070E-01    0.595457070E-01    0.128187108E+01    0.203616977E+01
    0.500000000E+02    0.601533838E-01    0.601533838E-01    0.128358018E+01    0.204159307E+01
    0.500000000E+02    0.607672445E-01    0.607672445E-01    0.128529930E+01    0.204701829E+01
    0.500000000E+02    0.613873452E-01    0.613873452E-01    0.128702867E+01    0.205244541E+01
    0.500000000E+02    0.620137528E-01    0.620137528E-01    0.128876829E+01    0.205787420E+01
    0.500000000E+02    0.626465306E-01    0.626465306E-01    0.129051816E+01    0.206330466E+01
    0.500000000E+02    0.632857382E-01    0.632857382E-01    0.129227829E+01    0.206873679E+01
    0.500000000E+02    0.639314502E-01    0.639314502E-01    0.129404879E+01    0.207417011E+01
    0.500000000E+02    0.645837337E-01    0.645837337E-01    0.129582977E+01    0.207960486E+01
    0.500000000E+02    0.652426407E-01    0.652426407E-01    0.129762101E+01    0.208504105E+01
    0.500000000E+02    0.659082532E-01    0.659082532E-01    0.129942286E+01    0.209047818E+01
    0.500000000E+02    0.665806383E-01    0.665806383E-01    0.130123508E+01    0.209591651E+01
    0.500000000E+02    0.672598556E-01    0.672598556E-01    0.130305791E+01    0.210135579E+01
    0.500000000E+02    0.679459795E-01    0.679459795E-01    0.130489135E+01    0.210679579E+01
    0.500000000E+02    0.686390847E-01    0.686390847E-01    0.130673540E+01    0.211223650E+01
    0.500000000E+02    0.693392307E-01    0.693392307E-01    0.130859017E+01    0.211767793E+01
    0.500000000E+02    0.700465068E-01    0.700465068E-01    0.131045556E+01    0.212312007E+01
    0.500000000E+02    0.707609728E-01    0.707609728E-01    0.131233180E+01    0.212856245E+01
    0.500000000E+02    0.714826956E-01    0.714826956E-01    0.131421876E+01    0.213400507E+01
    0.500000000E+02    0.722117648E-01    0.722117648E-01    0.131611645E+01    0.213944793E+01
    0.500000000E+02    0.729482472E-01    0.729482472E-01    0.131802511E+01    0.214489102E+01
    0.500000000E+02    0.736922249E-01    0.736922249E-01    0.131994462E+01    0.215033388E+01
    0.500000000E+02    0.744437575E-01    0.744437575E-01    0.132187510E+01    0.215577674E+01
    0.500000000E+02    0.752029419E-01    0.752029419E-01    0.132381642E+01    0.216121936E+01
    0.500000000E+02    0.759698376E-01    0.759698376E-01    0.132576883E+01    0.216666150E+01
    0.500000000E+02    0.767445415E-01    0.767445415E-01    0.132773221E+01    0.217210317E+01
    0.500000000E+02    0.775271207E-01    0.775271207E-01    0.132970667E+01    0.217754412E+01
    0.500000000E+02    0.783176497E-01    0.783176497E-01    0.133169222E+01    0.218298459E+01
    0.500000000E+02    0.791162252E-01    0.791162252E-01    0.133368886E+01    0.218842387E+01
    0.500000000E+02    0.799229220E-01    0.799229220E-01    0.133569658E+01    0.219386244E+01
    0.500000000E+02    0.807378218E-01    0.807378218E-01    0.133771563E+01    0.219929957E+01
    0.500000000E+02    0.815610066E-01    0.815610066E-01    0.133974576E+01    0.220473576E+01
    0.500000000E+02    0.823925659E-01    0.823925659E-01    0.134178710E+01    0.221017027E+01
    0.500000000E+02    0.832325816E-01    0.832325816E-01    0.134383976E+01    0.221560335E+01
    0.500000000E+02    0.840811357E-01    0.840811357E-01    0.134590364E+01    0.222103477E+01
    0.500000000E+02    0.849383175E-01    0.849383175E-01    0.134797883E+01    0.222646427E+01
    0.500000000E+02    0.858042166E-01    0.858042166E-01    0.135006523E+01    0.223189211E+01
    0.500000000E+02    0.866789296E-01    0.866789296E-01    0.135216308E+01    0.223731756E+01
    0.500000000E+02    0.875625312E-01    0.875625312E-01    0.135427225E+01    0.224274087E+01
    0.500000000E+02    0.884551182E-01    0.884551182E-01    0.135639274E+01    0.224816203E+01
    0.500000000E+02    0.893567801E-01    0.893567801E-01    0.135852468E+01    0.225358033E+01
    0.500000000E+02    0.902676135E-01    0.902676135E-01    0.136066806E+01    0.225899625E+01
    0.500000000E+02    0.911877155E-01    0.911876261E-01    0.136282265E+01    0.226440883E+01
    0.500000000E+02    0.911878049E-01    0.911877155E-01    0.136282289E+01    0.226440930E+01
    0.500000000E+02    0.921171680E-01    0.921170712E-01    0.136498880E+01    0.226981878E+01
    0.500000000E+02    0.921172649E-01    0.921171680E-01    0.136498904E+01    0.226981926E+01
    0.500000000E+02    0.930560678E-01    0.930560678E-01    0.136716652E+01    0.227522588E+01
    0.500000000E+02    0.940045193E-01    0.940045193E-01    0.136935556E+01    0.228062940E+01
    0.500000000E+02    0.949626192E-01    0.949626192E-01    0.137155604E+01    0.228602958E+01
    0.500000000E+02    0.959304571E-01    0.959304571E-01    0.137376797E+01    0.229142594E+01
    0.500000000E+02    0.969081447E-01    0.969081447E-01    0.137599134E+01    0.229681873E+01
    0.500000000E+02    0.978957713E-01    0.978957713E-01    0.137822616E+01    0.230220747E+01
    0.500000000E+02    0.988934338E-01    0.988934338E-01    0.138047242E+01    0.230759215E+01
    0.500000000E+02    0.999012515E-01    0.999012515E-01    0.138273025E+01    0.231297231E+01
    0.500000000E+02    0.100919314E+00    0.100919314E+00    0.138499939E+01    0.231834841E+01
    0.500000000E+02    0.101947732E+00    0.101947732E+00    0.138727999E+01    0.232371950E+01
    0.500000000E+02    0.102986604E+00    0.102986500E+00    0.138957202E+01    0.232908583E+01
    0.500000000E+02    0.102986708E+00    0.102986604E+00    0.138957226E+01    0.232908630E+01
    0.500000000E+02    0.104036041E+00    0.104036041E+00    0.139187562E+01    0.233444762E+01
    0.500000000E+02    0.105096154E+00    0.105096154E+00    0.139419043E+01    0.233980393E+01
    0.500000000E+02    0.106167041E+00    0.106167041E+00    0.139651680E+01    0.234515500E+01
    0.500000000E+02    0.107248820E+00    0.107248820E+00    0.139885437E+01    0.235050035E+01
    0.500000000E+02    0.108341604E+00    0.108341604E+00    0.140120339E+01    0.235584021E+01
    0.500000000E+02    0.109445497E+00    0.109445497E+00    0.140356374E+01    0.236117411E+01
    0.500000000E+02    0.110560618E+00    0.110560507E+00    0.140593529E+01    0.236650157E+01
    0.500000000E+02    0.110560730E+00    0.110560618E+00    0.140593553E+01    0.236650205E+01
    0.500000000E+02    0.111687079E+00    0.111687079E+00    0.140831840E+01    0.237182331E+01
    0.500000000E+02    0.112824991E+00    0.112824991E+00    0.141071248E+01    0.237713838E+01
    0.500000000E+02    0.113974482E+00    0.113974482E+00    0.141311789E+01    0.238244653E+01
    0.500000000E+02    0.115135655E+00    0.115135655E+00    0.141553450E+01    0.238774800E+01
    0.500000000E+02    0.116308644E+00    0.116308644E+00    0.141796219E+01    0.239304233E+01
    0.500000000E+02    0.117493555E+00    0.117493555E+00    0.142040098E+01    0.239832950E+01
    0.500000000E+02    0.118690513E+00    0.118690513E+00    0.142285085E+01    0.240360904E+01
    0.500000000E+02    0.119899653E+00    0.119899653E+00    0.142531168E+01    0.240888095E+01
    0.500000000E+02    0.121121079E+00    0.121121079E+00    0.142778349E+01    0.241414499E+01
    0.500000000E+02    0.122354932E+00    0.122354932E+00    0.143026626E+01    0.241940093E+01
    0.500000000E+02    0.123601332E+00    0.123601332E+00    0.143275976E+01    0.242464852E+01
    0.500000000E+02    0.124860406E+00    0.124860406E+00    0.143526411E+01    0.242988753E+01
    0.500000000E+02    0.126132280E+00    0.126132280E+00    0.143777919E+01    0.243511772E+01
    0.500000000E+02    0.127417088E+00    0.127417088E+00    0.144030499E+01    0.244033909E+01
    0.500000000E+02    0.128714964E+00    0.128714964E+00    0.144284129E+01    0.244555116E+01
    0.500000000E+02    0.130026042E+00    0.130026042E+00    0.144538820E+01    0.245075369E+01
    0.500000000E+02    0.131350458E+00    0.131350458E+00    0.144794548E+01    0.245594692E+01
    0.500000000E+02    0.132688329E+00    0.132688329E+00    0.145051301E+01    0.246113014E+01
    0.500000000E+02    0.134039804E+00    0.134039804E+00    0.145309103E+01    0.246630311E+01
    0.500000000E+02    0.135405034E+00    0.135405034E+00    0.145567906E+01    0.247146606E+01
    0.500000000E+02    0.136784151E+00    0.136784151E+00    0.145827734E+01    0.247661829E+01
    0.500000000E+02    0.138177276E+00    0.138177276E+00    0.146088552E+01    0.248176003E+01
    0.500000000E+02    0.139584571E+00    0.139584571E+00    0.146350372E+01    0.248689055E+01
    0.500000000E+02    0.141006187E+00    0.141006187E+00    0.146613169E+01    0.249200988E+01
    0.500000000E+02    0.142442256E+00    0.142442256E+00    0.146876931E+01    0.249711800E+01
    0.500000000E+02    0.143892929E+00    0.143892929E+00    0.147141659E+01    0.250221419E+01
    0.500000000E+02    0.145358354E+00    0.145358354E+00    0.147407341E+01    0.250729871E+01
    0.500000000E+02    0.146838665E+00    0.146838665E+00    0.147673953E+01    0.251237106E+01
    0.500000000E+02    0.148334056E+00    0.148334056E+00    0.147941506E+01    0.251743126E+01
    0.500000000E+02    0.149844632E+00    0.149844632E+00    0.148209965E+01    0.252247858E+01
    0.500000000E+02    0.151370585E+00    0.151370585E+00    0.148479331E+01    0.252751350E+01
    0.500000000E+02    0.152912050E+00    0.152912050E+00    0.148749590E+01    0.253253508E+01
    0.500000000E+02    0.154469192E+00    0.154469192E+00    0.149020720E+01    0.253754377E+01
    0.500000000E+02    0.156042159E+00    0.156042159E+00    0.149292719E+01    0.254253888E+01
    0.500000000E+02    0.157631129E+00    0.157631129E+00    0.149565578E+01    0.254752040E+01
    0.500000000E+02    0.159236267E+00    0.159236267E+00    0.149839270E+01    0.255248809E+01
    0.500000000E+02    0.160857722E+00    0.160857722E+00    0.150113785E+01    0.255744171E+01
    0.500000000E+02    0.162495658E+00    0.162495658E+00    0.150389123E+01    0.256238127E+01
    0.500000000E+02    0.164150253E+00    0.164150253E+00    0.150665259E+01    0.256730628E+01
    0.500000000E+02    0.165821686E+00    0.165821686E+00    0.150942171E+01    0.257221651E+01
    0.500000000E+02    0.167510107E+00    0.167510107E+00    0.151219857E+01    0.257711220E+01
    0.500000000E+02    0.169215694E+00    0.169215694E+00    0.151498306E+01    0.258199263E+01
    0.500000000E+02    0.170938626E+00    0.170938626E+00    0.151777494E+01    0.258685827E+01
    0.500000000E+02    0.172679082E+00    0.172679082E+00    0.152057409E+01    0.259170818E+01
    0.500000000E+02    0.174437240E+00    0.174437240E+00    0.152338040E+01    0.259654284E+01
    0.500000000E+02    0.176213264E+00    0.176213264E+00    0.152619374E+01    0.260136199E+01
    0.500000000E+02    0.178007364E+00    0.178007364E+00    0.152901387E+01    0.260616517E+01
    0.500000000E+02    0.179819703E+00    0.179819703E+00    0.153184080E+01    0.261095238E+01
    0.500000000E+02    0.181650475E+00    0.181650296E+00    0.153467417E+01    0.261572361E+01
    0.500000000E+02    0.181650653E+00    0.181650475E+00    0.153467441E+01    0.261572409E+01
    0.500000000E+02    0.183499858E+00    0.183499858E+00    0.153751433E+01    0.262047887E+01
    0.500000000E+02    0.185368061E+00    0.185368061E+00    0.154036057E+01    0.262521791E+01
    0.500000000E+02    0.187255248E+00    0.187255055E+00    0.154321301E+01    0.262994027E+01
    0.500000000E+02    0.187255442E+00    0.187255248E+00    0.154321325E+01    0.262994075E+01
    0.500000000E+02    0.189161628E+00    0.189161628E+00    0.154607177E+01    0.263464689E+01
    0.500000000E+02    0.191087395E+00    0.191087395E+00    0.154893625E+01    0.263933659E+01
    0.500000000E+02    0.193032756E+00    0.193032756E+00    0.155180669E+01    0.264401007E+01
    0.500000000E+02    0.194997892E+00    0.194997892E+00    0.155468285E+01    0.264866686E+01
    0.500000000E+02    0.196983010E+00    0.196983010E+00    0.155756474E+01    0.265330744E+01
    0.500000000E+02    0.198988318E+00    0.198988318E+00    0.156045210E+01    0.265793133E+01
    0.500000000E+02    0.201014012E+00    0.201014012E+00    0.156334496E+01    0.266253877E+01
    0.500000000E+02    0.203060314E+00    0.203060314E+00    0.156624329E+01    0.266712976E+01
    0.500000000E+02    0.205127418E+00    0.205127418E+00    0.156914687E+01    0.267170453E+01
    0.500000000E+02    0.207215548E+00    0.207215548E+00    0.157205570E+01    0.267626309E+01
    0.500000000E+02    0.209324911E+00    0.209324703E+00    0.157496977E+01    0.268080544E+01
    0.500000000E+02    0.209325120E+00    0.209324911E+00    0.157497001E+01    0.268080592E+01
    0.500000000E+02    0.211455733E+00    0.211455733E+00    0.157788920E+01    0.268533206E+01
    0.500000000E+02    0.213608205E+00    0.213607997E+00    0.158081365E+01    0.268984270E+01
    0.500000000E+02    0.213608429E+00    0.213608205E+00    0.158081388E+01    0.268984318E+01
    0.500000000E+02    0.215782583E+00    0.215782583E+00    0.158374345E+01    0.269433808E+01
    0.500000000E+02    0.217979074E+00    0.217979074E+00    0.158667827E+01    0.269881797E+01
    0.500000000E+02    0.220197886E+00    0.220197663E+00    0.158961833E+01    0.270328236E+01
    0.500000000E+02    0.220198110E+00    0.220197886E+00    0.158961856E+01    0.270328283E+01
    0.500000000E+02    0.222439274E+00    0.222439274E+00    0.159256375E+01    0.270773268E+01
    0.500000000E+02    0.224703446E+00    0.224703446E+00    0.159551442E+01    0.271216798E+01
    0.500000000E+02    0.226990655E+00    0.226990655E+00    0.159847045E+01    0.271658945E+01
    0.500000000E+02    0.229301110E+00    0.229301110E+00    0.160143185E+01    0.272099686E+01
    0.500000000E+02    0.231635064E+00    0.231635064E+00    0.160439885E+01    0.272539115E+01
    0.500000000E+02    0.233992755E+00    0.233992755E+00    0.160737157E+01    0.272977233E+01
    0.500000000E+02    0.236374423E+00    0.236374423E+00    0.161035001E+01    0.273414135E+01
    0.500000000E+02    0.238780305E+00    0.238780305E+00    0.161333454E+01    0.273849821E+01
    0.500000000E+02    0.241210654E+00    0.241210654E+00    0.161632502E+01    0.274284387E+01
    0.500000000E+02    0.243665725E+00    0.243665725E+00    0.161932194E+01    0.274717855E+01
    0.500000000E+02    0.246145755E+00    0.246145755E+00    0.162232530E+01    0.275150323E+01
    0.500000000E+02    0.248651013E+00    0.248651013E+00    0.162533534E+01    0.275581813E+01
    0.500000000E+02    0.251181751E+00    0.251181751E+00    0.162835240E+01    0.276012444E+01
    0.500000000E+02    0.253738195E+00    0.253738195E+00    0.163137662E+01    0.276442242E+01
    0.500000000E+02    0.256320655E+00    0.256320655E+00    0.163440835E+01    0.276871276E+01
    0.500000000E+02    0.258929402E+00    0.258929402E+00    0.163744771E+01    0.277299666E+01
    0.500000000E+02    0.261564642E+00    0.261564642E+00    0.164049506E+01    0.277727461E+01
    0.500000000E+02    0.264226705E+00    0.264226705E+00    0.164355063E+01    0.278154731E+01
    0.500000000E+02    0.266915828E+00    0.266915828E+00    0.164661479E+01    0.278581572E+01
    0.500000000E+02    0.269632280E+00    0.269632280E+00    0.164968777E+01    0.279008079E+01
    0.500000000E+02    0.272376388E+00    0.272376388E+00    0.165276980E+01    0.279434299E+01
    0.500000000E+02    0.275148362E+00    0.275148362E+00    0.165586126E+01    0.279860353E+01
    0.500000000E+02    0.277948558E+00    0.277948558E+00    0.165896237E+01    0.280286312E+01
    0.500000000E+02    0.280777216E+00    0.280777216E+00    0.166207325E+01    0.280712247E+01
    0.500000000E+02    0.283634663E+00    0.283634663E+00    0.166519427E+01    0.281138253E+01
    0.500000000E+02    0.286521137E+00    0.286521137E+00    0.166832554E+01    0.281564426E+01
    0.500000000E+02    0.289436966E+00    0.289436966E+00    0.167146730E+01    0.281990790E+01
    0.500000000E+02    0.292382449E+00    0.292382449E+00    0.167461967E+01    0.282417488E+01
    0.500000000E+02    0.295357913E+00    0.295357913E+00    0.167778277E+01    0.282844543E+01
    0.500000000E+02    0.298363596E+00    0.298363596E+00    0.168095660E+01    0.283272028E+01
    0.500000000E+02    0.301399857E+00    0.301399857E+00    0.168414116E+01    0.283700013E+01
    0.500000000E+02    0.304467022E+00    0.304467022E+00    0.168733633E+01    0.284128547E+01
    0.500000000E+02    0.307565361E+00    0.307565361E+00    0.169054210E+01    0.284557652E+01
    0.500000000E+02    0.310695201E+00    0.310695201E+00    0.169375825E+01    0.284987378E+01
    0.500000000E+02    0.313856870E+00    0.313856870E+00    0.169698441E+01    0.285417771E+01
    0.500000000E+02    0.317050666E+00    0.317050666E+00    0.170022023E+01    0.285848808E+01
    0.500000000E+02    0.320276976E+00    0.320276976E+00    0.170346522E+01    0.286280489E+01
    0.500000000E+02    0.323536098E+00    0.323536098E+00    0.170671880E+01    0.286712813E+01
    0.500000000E+02    0.326828331E+00    0.326828331E+00    0.170998013E+01    0.287145758E+01
    0.500000000E+02    0.330154061E+00    0.330154061E+00    0.171324861E+01    0.287579274E+01
    0.500000000E+02    0.333513618E+00    0.333513618E+00    0.171652293E+01    0.288013291E+01
    0.500000000E+02    0.336907327E+00    0.336907327E+00    0.171980214E+01    0.288447690E+01
    0.500000000E+02    0.340335548E+00    0.340335548E+00    0.172308493E+01    0.288882422E+01
    0.500000000E+02    0.343798637E+00    0.343798637E+00    0.172636986E+01    0.289317346E+01
    0.500000000E+02    0.347296953E+00    0.347296953E+00    0.172965515E+01    0.289752293E+01
    0.500000000E+02    0.350830823E+00    0.350830823E+00    0.173293889E+01    0.290187097E+01
    0.500000000E+02    0.354400635E+00    0.354400635E+00    0.173621917E+01    0.290621567E+01
    0.500000000E+02    0.358006775E+00    0.358006775E+00    0.173949361E+01    0.291055441E+01
    0.500000000E+02    0.361649543E+00    0.361649185E+00    0.174275947E+01    0.291488481E+01
    0.500000000E+02    0.361649901E+00    0.361649543E+00    0.174275970E+01    0.291488528E+01
    0.500000000E+02    0.365329385E+00    0.365329385E+00    0.174601436E+01    0.291920424E+01
    0.500000000E+02    0.369046628E+00    0.369046628E+00    0.174925494E+01    0.292350888E+01
    0.500000000E+02    0.372801691E+00    0.372801691E+00    0.175247788E+01    0.292779565E+01
    0.500000000E+02    0.376594931E+00    0.376594931E+00    0.175567961E+01    0.293206024E+01
    0.500000000E+02    0.380426764E+00    0.380426764E+00    0.175885594E+01    0.293629861E+01
    0.500000000E+02    0.384297550E+00    0.384297550E+00    0.176200294E+01    0.294050574E+01
    0.500000000E+02    0.388207704E+00    0.388207316E+00    0.176511562E+01    0.294467688E+01
    0.500000000E+02    0.388208091E+00    0.388207704E+00    0.176511586E+01    0.294467735E+01
    0.500000000E+02    0.392157584E+00    0.392157584E+00    0.176818931E+01    0.294880652E+01
    0.500000000E+02    0.396147668E+00    0.396147251E+00    0.177121830E+01    0.295288849E+01
    0.500000000E+02    0.396148086E+00    0.396147668E+00    0.177121854E+01    0.295288897E+01
    0.500000000E+02    0.400178313E+00    0.400177896E+00    0.177419722E+01    0.295691657E+01
    0.500000000E+02    0.400178730E+00    0.400178313E+00    0.177419746E+01    0.295691705E+01
    0.500000000E+02    0.404249966E+00    0.404249549E+00    0.177711976E+01    0.296088409E+01
    0.500000000E+02    0.404250383E+00    0.404249966E+00    0.177711999E+01    0.296088457E+01
    0.500000000E+02    0.408363014E+00    0.408363014E+00    0.177997935E+01    0.296478367E+01
    0.500000000E+02    0.412517875E+00    0.412517458E+00    0.178276885E+01    0.296860719E+01
    0.500000000E+02    0.412518293E+00    0.412517875E+00    0.178276908E+01    0.296860766E+01
    0.500000000E+02    0.416715026E+00    0.416715026E+00    0.178548133E+01    0.297234726E+01
    0.500000000E+02    0.420954823E+00    0.420954406E+00    0.178810835E+01    0.297599411E+01
    0.500000000E+02    0.420955241E+00    0.420954823E+00    0.178810859E+01    0.297599459E+01
    0.500000000E+02    0.425237745E+00    0.425237745E+00    0.179064238E+01    0.297953963E+01
    0.500000000E+02    0.429564208E+00    0.429564208E+00    0.179307437E+01    0.298297358E+01
    0.500000000E+02    0.433934689E+00    0.433934689E+00    0.179539526E+01    0.298628592E+01
    0.500000000E+02    0.438349605E+00    0.438349605E+00    0.179759574E+01    0.298946595E+01
    0.500000000E+02    0.442809403E+00    0.442809403E+00    0.179966593E+01    0.299250317E+01
    0.500000000E+02    0.447314590E+00    0.447314590E+00    0.180159569E+01    0.299538565E+01
    0.500000000E+02    0.451865554E+00    0.451865554E+00    0.180337477E+01    0.299810219E+01
    0.500000000E+02    0.456462830E+00    0.456462830E+00    0.180499208E+01    0.300064015E+01
    0.500000000E+02    0.461106837E+00    0.461106837E+00    0.180643702E+01    0.300298738E+01
    0.500000000E+02    0.465798080E+00    0.465798080E+00    0.180769825E+01    0.300513124E+01
    0.500000000E+02    0.470537007E+00    0.470537007E+00    0.180876458E+01    0.300705862E+01
    0.500000000E+02    0.475324154E+00    0.475324154E+00    0.180962443E+01    0.300875711E+01
    0.500000000E+02    0.480159968E+00    0.480159968E+00    0.181026590E+01    0.301021314E+01
    0.500000000E+02    0.485044956E+00    0.485044956E+00    0.181067598E+01    0.301141334E+01
    0.500000000E+02    0.489979625E+00    0.489979625E+00    0.181083703E+01    0.301234269E+01
    0.500000000E+02    0.494964451E+00    0.494964451E+00    0.181072283E+01    0.301297855E+01
    0.500000000E+02    0.500000000E+00    0.500000000E+00    0.181053519E+01    0.301326871E+01
