VARIABLES = "x"
"y"
"z"
"rho"
"u"
ZONE T="G2, vert, x=50, sorted"
    0.500000000E+02    0.500000000E+00    0.000000000E+00    0.108075917E+01    0.000000000E+00
    0.500000000E+02    0.500000000E+00    0.431461694E-05    0.108075929E+01    0.317263673E-02
    0.500000000E+02    0.500000000E+00    0.431504850E-05    0.108075929E+01    0.317295594E-02
    0.500000000E+02    0.500000000E+00    0.871786415E-05    0.108076012E+01    0.641052891E-02
    0.500000000E+02    0.500000000E+00    0.871830434E-05    0.108076012E+01    0.641085440E-02
    0.500000000E+02    0.500000000E+00    0.132111218E-04    0.108076191E+01    0.971469563E-02
    0.500000000E+02    0.500000000E+00    0.132115711E-04    0.108076191E+01    0.971502811E-02
    0.500000000E+02    0.500000000E+00    0.177962283E-04    0.108076465E+01    0.130864978E-01
    0.500000000E+02    0.500000000E+00    0.177966867E-04    0.108076465E+01    0.130868368E-01
    0.500000000E+02    0.500000000E+00    0.224750656E-04    0.108076835E+01    0.165273231E-01
    0.500000000E+02    0.500000000E+00    0.224755331E-04    0.108076835E+01    0.165276695E-01
    0.500000000E+02    0.500000000E+00    0.272495454E-04    0.108077323E+01    0.200385898E-01
    0.500000000E+02    0.500000000E+00    0.272500220E-04    0.108077323E+01    0.200389419E-01
    0.500000000E+02    0.500000000E+00    0.321216212E-04    0.108077919E+01    0.236217417E-01
    0.500000000E+02    0.500000000E+00    0.321221087E-04    0.108077919E+01    0.236221012E-01
    0.500000000E+02    0.500000000E+00    0.370932939E-04    0.108078635E+01    0.272782538E-01
    0.500000000E+02    0.500000000E+00    0.370937923E-04    0.108078635E+01    0.272786207E-01
    0.500000000E+02    0.500000000E+00    0.421666009E-04    0.108079481E+01    0.310096368E-01
    0.500000000E+02    0.500000000E+00    0.421671066E-04    0.108079481E+01    0.310100131E-01
    0.500000000E+02    0.500000000E+00    0.473436085E-04    0.108080459E+01    0.348174311E-01
    0.500000000E+02    0.500000000E+00    0.473441251E-04    0.108080459E+01    0.348178111E-01
    0.500000000E+02    0.500000000E+00    0.526264485E-04    0.108081579E+01    0.387031958E-01
    0.500000000E+02    0.500000000E+00    0.526269760E-04    0.108081579E+01    0.387035869E-01
    0.500000000E+02    0.500000000E+00    0.580172746E-04    0.108082855E+01    0.426685400E-01
    0.500000000E+02    0.500000000E+00    0.580178130E-04    0.108082855E+01    0.426689386E-01
    0.500000000E+02    0.500000000E+00    0.635183023E-04    0.108084297E+01    0.467150994E-01
    0.500000000E+02    0.500000000E+00    0.635188553E-04    0.108084297E+01    0.467155054E-01
    0.500000000E+02    0.500000000E+00    0.691317837E-04    0.108085895E+01    0.508445390E-01
    0.500000000E+02    0.500000000E+00    0.691323439E-04    0.108085895E+01    0.508449562E-01
    0.500000000E+02    0.500000000E+00    0.748600069E-04    0.108087671E+01    0.550585724E-01
    0.500000000E+02    0.500000000E+00    0.748605817E-04    0.108087671E+01    0.550589971E-01
    0.500000000E+02    0.500000000E+00    0.807053366E-04    0.108089638E+01    0.593589246E-01
    0.500000000E+02    0.500000000E+00    0.807059187E-04    0.108089638E+01    0.593593568E-01
    0.500000000E+02    0.500000000E+00    0.866701448E-04    0.108091807E+01    0.637473837E-01
    0.500000000E+02    0.500000000E+00    0.866707414E-04    0.108091807E+01    0.637478232E-01
    0.500000000E+02    0.500000000E+00    0.927568835E-04    0.108094168E+01    0.682257488E-01
    0.500000000E+02    0.500000000E+00    0.927574947E-04    0.108094168E+01    0.682261959E-01
    0.500000000E+02    0.500000000E+00    0.989680557E-04    0.108096766E+01    0.727958754E-01
    0.500000000E+02    0.500000000E+00    0.989686741E-04    0.108096766E+01    0.727963373E-01
    0.500000000E+02    0.500000000E+00    0.105306193E-03    0.108099580E+01    0.774596483E-01
    0.500000000E+02    0.500000000E+00    0.105306826E-03    0.108099580E+01    0.774601176E-01
    0.500000000E+02    0.500000000E+00    0.111773887E-03    0.108102643E+01    0.822189897E-01
    0.500000000E+02    0.500000000E+00    0.111774534E-03    0.108102643E+01    0.822194666E-01
    0.500000000E+02    0.500000000E+00    0.118373799E-03    0.108105958E+01    0.870758742E-01
    0.500000000E+02    0.500000000E+00    0.118374461E-03    0.108105958E+01    0.870763659E-01
    0.500000000E+02    0.500000000E+00    0.125108621E-03    0.108109546E+01    0.920322984E-01
    0.500000000E+02    0.500000000E+00    0.125109291E-03    0.108109546E+01    0.920327976E-01
    0.500000000E+02    0.500000000E+00    0.131981127E-03    0.108113408E+01    0.970903188E-01
    0.500000000E+02    0.500000000E+00    0.131981811E-03    0.108113408E+01    0.970908254E-01
    0.500000000E+02    0.500000000E+00    0.138994103E-03    0.108117568E+01    0.102252014E+00
    0.500000000E+02    0.500000000E+00    0.138994801E-03    0.108117568E+01    0.102252536E+00
    0.500000000E+02    0.500000000E+00    0.146150443E-03    0.108122051E+01    0.107519515E+00
    0.500000000E+02    0.500000000E+00    0.146151157E-03    0.108122051E+01    0.107520044E+00
    0.500000000E+02    0.500000000E+00    0.153453075E-03    0.108126855E+01    0.112894997E+00
    0.500000000E+02    0.500000000E+00    0.153453802E-03    0.108126855E+01    0.112895541E+00
    0.500000000E+02    0.500000000E+00    0.160904980E-03    0.108131993E+01    0.118380673E+00
    0.500000000E+02    0.500000000E+00    0.160905722E-03    0.108131993E+01    0.118381225E+00
    0.500000000E+02    0.500000000E+00    0.168509228E-03    0.108137500E+01    0.123978816E+00
    0.500000000E+02    0.500000000E+00    0.168509985E-03    0.108137500E+01    0.123979382E+00
    0.500000000E+02    0.500000000E+00    0.176268906E-03    0.108143389E+01    0.129691720E+00
    0.500000000E+02    0.500000000E+00    0.176269677E-03    0.108143389E+01    0.129692301E+00
    0.500000000E+02    0.500000000E+00    0.184187214E-03    0.108149683E+01    0.135521755E+00
    0.500000000E+02    0.500000000E+00    0.184188000E-03    0.108149683E+01    0.135522336E+00
    0.500000000E+02    0.500000000E+00    0.192267369E-03    0.108156383E+01    0.141471297E+00
    0.500000000E+02    0.500000000E+00    0.192268184E-03    0.108156383E+01    0.141471893E+00
    0.500000000E+02    0.500000000E+00    0.200512717E-03    0.108163536E+01    0.147542804E+00
    0.500000000E+02    0.500000000E+00    0.200513547E-03    0.108163536E+01    0.147543415E+00
    0.500000000E+02    0.500000000E+00    0.208926605E-03    0.108171141E+01    0.153738767E+00
    0.500000000E+02    0.500000000E+00    0.208927449E-03    0.108171141E+01    0.153739393E+00
    0.500000000E+02    0.500000000E+00    0.217512497E-03    0.108179224E+01    0.160061732E+00
    0.500000000E+02    0.500000000E+00    0.217513356E-03    0.108179224E+01    0.160062358E+00
    0.500000000E+02    0.500000000E+00    0.226273900E-03    0.108187830E+01    0.166514263E+00
    0.500000000E+02    0.500000000E+00    0.226274773E-03    0.108187830E+01    0.166514903E+00
    0.500000000E+02    0.500000000E+00    0.235214407E-03    0.108196962E+01    0.173099026E+00
    0.500000000E+02    0.500000000E+00    0.235215295E-03    0.108196962E+01    0.173099697E+00
    0.500000000E+02    0.500000000E+00    0.244337658E-03    0.108206642E+01    0.179818690E+00
    0.500000000E+02    0.500000000E+00    0.244338560E-03    0.108206642E+01    0.179819360E+00
    0.500000000E+02    0.500000000E+00    0.253647420E-03    0.108216918E+01    0.186675981E+00
    0.500000000E+02    0.500000000E+00    0.253648352E-03    0.108216918E+01    0.186676666E+00
    0.500000000E+02    0.500000000E+00    0.263147464E-03    0.108227813E+01    0.193673685E+00
    0.500000000E+02    0.500000000E+00    0.263148424E-03    0.108227813E+01    0.193674386E+00
    0.500000000E+02    0.500000000E+00    0.272841746E-03    0.108239353E+01    0.200814649E+00
    0.500000000E+02    0.500000000E+00    0.272842706E-03    0.108239353E+01    0.200815365E+00
    0.500000000E+02    0.500000000E+00    0.282734167E-03    0.108251560E+01    0.208101705E+00
    0.500000000E+02    0.500000000E+00    0.282735156E-03    0.108251560E+01    0.208102435E+00
    0.500000000E+02    0.500000000E+00    0.292828801E-03    0.108264470E+01    0.215537801E+00
    0.500000000E+02    0.500000000E+00    0.292829820E-03    0.108264470E+01    0.215538546E+00
    0.500000000E+02    0.500000000E+00    0.303129840E-03    0.108278131E+01    0.223125905E+00
    0.500000000E+02    0.500000000E+00    0.303130859E-03    0.108278131E+01    0.223126680E+00
    0.500000000E+02    0.500000000E+00    0.313641387E-03    0.108292568E+01    0.230869025E+00
    0.500000000E+02    0.500000000E+00    0.313642435E-03    0.108292568E+01    0.230869800E+00
    0.500000000E+02    0.500000000E+00    0.324367837E-03    0.108307827E+01    0.238770187E+00
    0.500000000E+02    0.500000000E+00    0.324368913E-03    0.108307827E+01    0.238770977E+00
    0.500000000E+02    0.500000000E+00    0.335313554E-03    0.108323932E+01    0.246832490E+00
    0.500000000E+02    0.500000000E+00    0.335314660E-03    0.108323932E+01    0.246833310E+00
    0.500000000E+02    0.500000000E+00    0.346483022E-03    0.108340919E+01    0.255059063E+00
    0.500000000E+02    0.500000000E+00    0.346484128E-03    0.108340919E+01    0.255059898E+00
    0.500000000E+02    0.500000000E+00    0.357880810E-03    0.108358860E+01    0.263453126E+00
    0.500000000E+02    0.500000000E+00    0.357881945E-03    0.108358860E+01    0.263453960E+00
    0.500000000E+02    0.500000000E+00    0.369511603E-03    0.108377767E+01    0.272017747E+00
    0.500000000E+02    0.500000000E+00    0.369512767E-03    0.108377767E+01    0.272018611E+00
    0.500000000E+02    0.500000000E+00    0.381380116E-03    0.108397710E+01    0.280756265E+00
    0.500000000E+02    0.500000000E+00    0.381381309E-03    0.108397710E+01    0.280757129E+00
    0.500000000E+02    0.500000000E+00    0.393491267E-03    0.108418727E+01    0.289671838E+00
    0.500000000E+02    0.500000000E+00    0.393492490E-03    0.108418727E+01    0.289672762E+00
    0.500000000E+02    0.500000000E+00    0.405850034E-03    0.108440864E+01    0.298767775E+00
    0.500000000E+02    0.500000000E+00    0.405851257E-03    0.108440864E+01    0.298768699E+00
    0.500000000E+02    0.500000000E+00    0.418461364E-03    0.108464181E+01    0.308047354E+00
    0.500000000E+02    0.500000000E+00    0.418462616E-03    0.108464181E+01    0.308048278E+00
    0.500000000E+02    0.500000000E+00    0.431330525E-03    0.108488727E+01    0.317513764E+00
    0.500000000E+02    0.500000000E+00    0.431331806E-03    0.108488727E+01    0.317514718E+00
    0.500000000E+02    0.500000000E+00    0.444462756E-03    0.108514559E+01    0.327170342E+00
    0.500000000E+02    0.500000000E+00    0.444464065E-03    0.108514559E+01    0.327171296E+00
    0.500000000E+02    0.500000000E+00    0.457863440E-03    0.108541739E+01    0.337020278E+00
    0.500000000E+02    0.500000000E+00    0.457864779E-03    0.108541739E+01    0.337021261E+00
    0.500000000E+02    0.500000000E+00    0.471538049E-03    0.108570325E+01    0.347066849E+00
    0.500000000E+02    0.500000000E+00    0.471539417E-03    0.108570325E+01    0.347067863E+00
    0.500000000E+02    0.500000000E+00    0.485492172E-03    0.108600390E+01    0.357313156E+00
    0.500000000E+02    0.500000000E+00    0.485493569E-03    0.108600390E+01    0.357314199E+00
    0.500000000E+02    0.500000000E+00    0.499731628E-03    0.108631992E+01    0.367762417E+00
    0.500000000E+02    0.500000000E+00    0.499733025E-03    0.108631992E+01    0.367763460E+00
    0.500000000E+02    0.500000000E+00    0.514262065E-03    0.108665204E+01    0.378417611E+00
    0.500000000E+02    0.500000000E+00    0.514263520E-03    0.108665204E+01    0.378418684E+00
    0.500000000E+02    0.500000000E+00    0.529089593E-03    0.108700097E+01    0.389281750E+00
    0.500000000E+02    0.500000000E+00    0.529091049E-03    0.108700097E+01    0.389282823E+00
    0.500000000E+02    0.500000000E+00    0.544220151E-03    0.108736753E+01    0.400357634E+00
    0.500000000E+02    0.500000000E+00    0.544221664E-03    0.108736753E+01    0.400358766E+00
    0.500000000E+02    0.500000000E+00    0.559660024E-03    0.108775234E+01    0.411648035E+00
    0.500000000E+02    0.500000000E+00    0.559661596E-03    0.108775234E+01    0.411649168E+00
    0.500000000E+02    0.500000000E+00    0.575415557E-03    0.108815622E+01    0.423155516E+00
    0.500000000E+02    0.500000000E+00    0.575417129E-03    0.108815622E+01    0.423156679E+00
    0.500000000E+02    0.500000000E+00    0.591493153E-03    0.108858013E+01    0.434882432E+00
    0.500000000E+02    0.500000000E+00    0.591494783E-03    0.108858013E+01    0.434883595E+00
    0.500000000E+02    0.500000000E+00    0.607899390E-03    0.108902490E+01    0.446830958E+00
    0.500000000E+02    0.500000000E+00    0.607901020E-03    0.108902490E+01    0.446832180E+00
    0.500000000E+02    0.500000000E+00    0.624641019E-03    0.108949125E+01    0.459003061E+00
    0.500000000E+02    0.500000000E+00    0.624642707E-03    0.108949125E+01    0.459004283E+00
    0.500000000E+02    0.500000000E+00    0.641724851E-03    0.108998013E+01    0.471400291E+00
    0.500000000E+02    0.500000000E+00    0.641726539E-03    0.108998013E+01    0.471401542E+00
    0.500000000E+02    0.500000000E+00    0.659157929E-03    0.109049261E+01    0.484023988E+00
    0.500000000E+02    0.500000000E+00    0.659159676E-03    0.109049261E+01    0.484025240E+00
    0.500000000E+02    0.500000000E+00    0.676947355E-03    0.109102941E+01    0.496875048E+00
    0.500000000E+02    0.500000000E+00    0.676949159E-03    0.109102941E+01    0.496876329E+00
    0.500000000E+02    0.500000000E+00    0.695100462E-03    0.109159160E+01    0.509954035E+00
    0.500000000E+02    0.500000000E+00    0.695102266E-03    0.109159172E+01    0.509955347E+00
    0.500000000E+02    0.500000000E+00    0.713624584E-03    0.109218013E+01    0.523260891E+00
    0.500000000E+02    0.500000000E+00    0.713626447E-03    0.109218025E+01    0.523262203E+00
    0.500000000E+02    0.500000000E+00    0.732527464E-03    0.109279609E+01    0.536795080E+00
    0.500000000E+02    0.500000000E+00    0.732529326E-03    0.109279621E+01    0.536796451E+00
    0.500000000E+02    0.500000000E+00    0.751816668E-03    0.109344041E+01    0.550555646E+00
    0.500000000E+02    0.500000000E+00    0.751818588E-03    0.109344053E+01    0.550557017E+00
    0.500000000E+02    0.500000000E+00    0.771500228E-03    0.109411407E+01    0.564540744E+00
    0.500000000E+02    0.500000000E+00    0.771502207E-03    0.109411418E+01    0.564542115E+00
    0.500000000E+02    0.500000000E+00    0.791586121E-03    0.109481788E+01    0.578747809E+00
    0.500000000E+02    0.500000000E+00    0.791588158E-03    0.109481800E+01    0.578749239E+00
    0.500000000E+02    0.500000000E+00    0.812082668E-03    0.109555316E+01    0.593173683E+00
    0.500000000E+02    0.500000000E+00    0.812084705E-03    0.109555328E+01    0.593175173E+00
    0.500000000E+02    0.500000000E+00    0.832998136E-03    0.109632051E+01    0.607814133E+00
    0.500000000E+02    0.500000000E+00    0.833000231E-03    0.109632063E+01    0.607815623E+00
    0.500000000E+02    0.500000000E+00    0.854341197E-03    0.109712100E+01    0.622664094E+00
    0.500000000E+02    0.500000000E+00    0.854343351E-03    0.109712112E+01    0.622665584E+00
    0.500000000E+02    0.500000000E+00    0.876120583E-03    0.109795558E+01    0.637717426E+00
    0.500000000E+02    0.500000000E+00    0.876122736E-03    0.109795570E+01    0.637718916E+00
    0.500000000E+02    0.500000000E+00    0.898345083E-03    0.109882486E+01    0.652966857E+00
    0.500000000E+02    0.500000000E+00    0.898347294E-03    0.109882498E+01    0.652968407E+00
    0.500000000E+02    0.500000000E+00    0.921023951E-03    0.109972990E+01    0.668404102E+00
    0.500000000E+02    0.500000000E+00    0.921026221E-03    0.109973001E+01    0.668405652E+00
    0.500000000E+02    0.500000000E+00    0.944166386E-03    0.110067105E+01    0.684019566E+00
    0.500000000E+02    0.500000000E+00    0.944168714E-03    0.110067117E+01    0.684021115E+00
    0.500000000E+02    0.500000000E+00    0.967781874E-03    0.110164917E+01    0.699802339E+00
    0.500000000E+02    0.500000000E+00    0.967784261E-03    0.110164928E+01    0.699803889E+00
    0.500000000E+02    0.500000000E+00    0.991880195E-03    0.110266447E+01    0.715740204E+00
    0.500000000E+02    0.500000000E+00    0.991882640E-03    0.110266459E+01    0.715741754E+00
    0.500000000E+02    0.500000000E+00    0.101647107E-02    0.110371757E+01    0.731819630E+00
    0.500000000E+02    0.500000000E+00    0.101647351E-02    0.110371768E+01    0.731821239E+00
    0.500000000E+02    0.500000000E+00    0.104156462E-02    0.110480833E+01    0.748025537E+00
    0.500000000E+02    0.500000000E+00    0.104156719E-02    0.110480845E+01    0.748027205E+00
    0.500000000E+02    0.500000000E+00    0.106717111E-02    0.110593712E+01    0.764341712E+00
    0.500000000E+02    0.500000000E+00    0.106717367E-02    0.110593724E+01    0.764343381E+00
    0.500000000E+02    0.500000000E+00    0.109330122E-02    0.110710359E+01    0.780750453E+00
    0.500000000E+02    0.500000000E+00    0.109330378E-02    0.110710371E+01    0.780752122E+00
    0.500000000E+02    0.500000000E+00    0.111996522E-02    0.110830748E+01    0.797232747E+00
    0.500000000E+02    0.500000000E+00    0.111996790E-02    0.110830760E+01    0.797234416E+00
    0.500000000E+02    0.500000000E+00    0.114717439E-02    0.110954821E+01    0.813768268E+00
    0.500000000E+02    0.500000000E+00    0.114717707E-02    0.110954833E+01    0.813769937E+00
    0.500000000E+02    0.500000000E+00    0.117493980E-02    0.111082494E+01    0.830335617E+00
    0.500000000E+02    0.500000000E+00    0.117494259E-02    0.111082506E+01    0.830337286E+00
    0.500000000E+02    0.500000000E+00    0.120327272E-02    0.111213672E+01    0.846912503E+00
    0.500000000E+02    0.500000000E+00    0.120327552E-02    0.111213684E+01    0.846914172E+00
    0.500000000E+02    0.500000000E+00    0.123218482E-02    0.111348236E+01    0.863475621E+00
    0.500000000E+02    0.500000000E+00    0.123218773E-02    0.111348248E+01    0.863477230E+00
    0.500000000E+02    0.500000000E+00    0.126168807E-02    0.111486030E+01    0.880001068E+00
    0.500000000E+02    0.500000000E+00    0.126169098E-02    0.111486042E+01    0.880002677E+00
    0.500000000E+02    0.500000000E+00    0.129179424E-02    0.111626887E+01    0.896464527E+00
    0.500000000E+02    0.500000000E+00    0.129179726E-02    0.111626899E+01    0.896466196E+00
    0.500000000E+02    0.500000000E+00    0.132251601E-02    0.111770594E+01    0.912841499E+00
    0.500000000E+02    0.500000000E+00    0.132251903E-02    0.111770606E+01    0.912843168E+00
    0.500000000E+02    0.500000000E+00    0.135386561E-02    0.111916947E+01    0.929107547E+00
    0.500000000E+02    0.500000000E+00    0.135386875E-02    0.111916959E+01    0.929109216E+00
    0.500000000E+02    0.500000000E+00    0.138585619E-02    0.112065721E+01    0.945238709E+00
    0.500000000E+02    0.500000000E+00    0.138585933E-02    0.112065732E+01    0.945240319E+00
    0.500000000E+02    0.500000000E+00    0.141850056E-02    0.112216628E+01    0.961211443E+00
    0.500000000E+02    0.500000000E+00    0.141850382E-02    0.112216640E+01    0.961213052E+00
    0.500000000E+02    0.500000000E+00    0.145181234E-02    0.112369418E+01    0.977003157E+00
    0.500000000E+02    0.500000000E+00    0.145181571E-02    0.112369430E+01    0.977004766E+00
    0.500000000E+02    0.500000000E+00    0.148580514E-02    0.112523806E+01    0.992592633E+00
    0.500000000E+02    0.500000000E+00    0.148580852E-02    0.112523818E+01    0.992594182E+00
    0.500000000E+02    0.500000000E+00    0.152049272E-02    0.112679493E+01    0.100795984E+01
    0.500000000E+02    0.500000000E+00    0.152049621E-02    0.112679505E+01    0.100796139E+01
    0.500000000E+02    0.500000000E+00    0.155588950E-02    0.112836194E+01    0.102308631E+01
    0.500000000E+02    0.500000000E+00    0.155589299E-02    0.112836206E+01    0.102308786E+01
    0.500000000E+02    0.500000000E+00    0.159200968E-02    0.112993610E+01    0.103795600E+01
    0.500000000E+02    0.500000000E+00    0.159201329E-02    0.112993622E+01    0.103795743E+01
    0.500000000E+02    0.500000000E+00    0.162886828E-02    0.113151443E+01    0.105255377E+01
    0.500000000E+02    0.500000000E+00    0.162887201E-02    0.113151455E+01    0.105255520E+01
    0.500000000E+02    0.500000000E+00    0.166648044E-02    0.113309419E+01    0.106686747E+01
    0.500000000E+02    0.500000000E+00    0.166648417E-02    0.113309431E+01    0.106686890E+01
    0.500000000E+02    0.500000000E+00    0.170486129E-02    0.113467264E+01    0.108088684E+01
    0.500000000E+02    0.500000000E+00    0.170486514E-02    0.113467276E+01    0.108088827E+01
    0.500000000E+02    0.500000000E+00    0.174402678E-02    0.113624704E+01    0.109460366E+01
    0.500000000E+02    0.500000000E+00    0.174403074E-02    0.113624716E+01    0.109460497E+01
    0.500000000E+02    0.500000000E+00    0.178399298E-02    0.113781512E+01    0.110801184E+01
    0.500000000E+02    0.500000000E+00    0.178399694E-02    0.113781524E+01    0.110801315E+01
    0.500000000E+02    0.500000000E+00    0.182477606E-02    0.113937461E+01    0.112110734E+01
    0.500000000E+02    0.500000000E+00    0.182478013E-02    0.113937473E+01    0.112110865E+01
    0.500000000E+02    0.500000000E+00    0.186639279E-02    0.114092350E+01    0.113388848E+01
    0.500000000E+02    0.500000000E+00    0.186639698E-02    0.114092362E+01    0.113388979E+01
    0.500000000E+02    0.500000000E+00    0.190886040E-02    0.114245987E+01    0.114635491E+01
    0.500000000E+02    0.500000000E+00    0.190886459E-02    0.114245999E+01    0.114635611E+01
    0.500000000E+02    0.500000000E+00    0.195219601E-02    0.114398229E+01    0.115850842E+01
    0.500000000E+02    0.500000000E+00    0.195220031E-02    0.114398241E+01    0.115850961E+01
    0.500000000E+02    0.500000000E+00    0.199641753E-02    0.114548934E+01    0.117035222E+01
    0.500000000E+02    0.500000000E+00    0.199642195E-02    0.114548945E+01    0.117035341E+01
    0.500000000E+02    0.500000000E+00    0.204154290E-02    0.114697993E+01    0.118189085E+01
    0.500000000E+02    0.500000000E+00    0.204154733E-02    0.114698005E+01    0.118189204E+01
    0.500000000E+02    0.500000000E+00    0.208759075E-02    0.114845324E+01    0.119313037E+01
    0.500000000E+02    0.500000000E+00    0.208759541E-02    0.114845335E+01    0.119313145E+01
    0.500000000E+02    0.500000000E+00    0.213457993E-02    0.114990842E+01    0.120407748E+01
    0.500000000E+02    0.500000000E+00    0.213458459E-02    0.114990854E+01    0.120407856E+01
    0.500000000E+02    0.500000000E+00    0.218252954E-02    0.115134501E+01    0.121474028E+01
    0.500000000E+02    0.500000000E+00    0.218253443E-02    0.115134513E+01    0.121474135E+01
    0.500000000E+02    0.500000000E+00    0.223145960E-02    0.115276289E+01    0.122512722E+01
    0.500000000E+02    0.500000000E+00    0.223146449E-02    0.115276301E+01    0.122512829E+01
    0.500000000E+02    0.500000000E+00    0.228138990E-02    0.115416169E+01    0.123524761E+01
    0.500000000E+02    0.500000000E+00    0.228139479E-02    0.115416181E+01    0.123524857E+01
    0.500000000E+02    0.500000000E+00    0.233234046E-02    0.115554154E+01    0.124511075E+01
    0.500000000E+02    0.500000000E+00    0.233234558E-02    0.115554166E+01    0.124511170E+01
    0.500000000E+02    0.500000000E+00    0.238433294E-02    0.115690267E+01    0.125472701E+01
    0.500000000E+02    0.500000000E+00    0.238433806E-02    0.115690279E+01    0.125472796E+01
    0.500000000E+02    0.500000000E+00    0.243738806E-02    0.115824521E+01    0.126410615E+01
    0.500000000E+02    0.500000000E+00    0.243739341E-02    0.115824533E+01    0.126410711E+01
    0.500000000E+02    0.500000000E+00    0.249152794E-02    0.115956962E+01    0.127325869E+01
    0.500000000E+02    0.500000000E+00    0.249153329E-02    0.115956974E+01    0.127325964E+01
    0.500000000E+02    0.500000000E+00    0.254677422E-02    0.116087639E+01    0.128219485E+01
    0.500000000E+02    0.500000000E+00    0.254677981E-02    0.116087651E+01    0.128219569E+01
    0.500000000E+02    0.500000000E+00    0.260314997E-02    0.116216600E+01    0.129092479E+01
    0.500000000E+02    0.500000000E+00    0.260315556E-02    0.116216612E+01    0.129092562E+01
    0.500000000E+02    0.500000000E+00    0.266067800E-02    0.116343904E+01    0.129945838E+01
    0.500000000E+02    0.500000000E+00    0.266068382E-02    0.116343915E+01    0.129945922E+01
    0.500000000E+02    0.500000000E+00    0.271938229E-02    0.116469622E+01    0.130780578E+01
    0.500000000E+02    0.500000000E+00    0.271938811E-02    0.116469634E+01    0.130780661E+01
    0.500000000E+02    0.500000000E+00    0.277928635E-02    0.116593826E+01    0.131597638E+01
    0.500000000E+02    0.500000000E+00    0.277929241E-02    0.116593838E+01    0.131597722E+01
    0.500000000E+02    0.500000000E+00    0.284041511E-02    0.116716588E+01    0.132397974E+01
    0.500000000E+02    0.500000000E+00    0.284042116E-02    0.116716599E+01    0.132398057E+01
    0.500000000E+02    0.500000000E+00    0.290279347E-02    0.116837966E+01    0.133182502E+01
    0.500000000E+02    0.500000000E+00    0.290279975E-02    0.116837978E+01    0.133182573E+01
    0.500000000E+02    0.500000000E+00    0.296644680E-02    0.116958058E+01    0.133952069E+01
    0.500000000E+02    0.500000000E+00    0.296645309E-02    0.116958070E+01    0.133952141E+01
    0.500000000E+02    0.500000000E+00    0.303140143E-02    0.117076933E+01    0.134707522E+01
    0.500000000E+02    0.500000000E+00    0.303140795E-02    0.117076945E+01    0.134707594E+01
    0.500000000E+02    0.500000000E+00    0.309768389E-02    0.117194653E+01    0.135449684E+01
    0.500000000E+02    0.500000000E+00    0.309769041E-02    0.117194664E+01    0.135449755E+01
    0.500000000E+02    0.500000000E+00    0.316532119E-02    0.117311311E+01    0.136179316E+01
    0.500000000E+02    0.500000000E+00    0.316532794E-02    0.117311323E+01    0.136179388E+01
    0.500000000E+02    0.500000000E+00    0.323434104E-02    0.117426980E+01    0.136897171E+01
    0.500000000E+02    0.500000000E+00    0.323434803E-02    0.117426991E+01    0.136897242E+01
    0.500000000E+02    0.500000000E+00    0.330477208E-02    0.117541718E+01    0.137603951E+01
    0.500000000E+02    0.500000000E+00    0.330477906E-02    0.117541730E+01    0.137604022E+01
    0.500000000E+02    0.500000000E+00    0.337664247E-02    0.117655599E+01    0.138300312E+01
    0.500000000E+02    0.500000000E+00    0.337664969E-02    0.117655611E+01    0.138300383E+01
    0.500000000E+02    0.500000000E+00    0.344998250E-02    0.117768729E+01    0.138986897E+01
    0.500000000E+02    0.500000000E+00    0.344998972E-02    0.117768729E+01    0.138986969E+01
    0.500000000E+02    0.500000000E+00    0.352482125E-02    0.117881119E+01    0.139664304E+01
    0.500000000E+02    0.500000000E+00    0.352482870E-02    0.117881119E+01    0.139664376E+01
    0.500000000E+02    0.500000000E+00    0.360119017E-02    0.117992866E+01    0.140333140E+01
    0.500000000E+02    0.500000000E+00    0.360119785E-02    0.117992866E+01    0.140333200E+01
    0.500000000E+02    0.500000000E+00    0.367912021E-02    0.118104041E+01    0.140993905E+01
    0.500000000E+02    0.500000000E+00    0.367912790E-02    0.118104041E+01    0.140993965E+01
    0.500000000E+02    0.500000000E+00    0.375864306E-02    0.118214679E+01    0.141647124E+01
    0.500000000E+02    0.500000000E+00    0.375865097E-02    0.118214679E+01    0.141647184E+01
    0.500000000E+02    0.500000000E+00    0.383979152E-02    0.118324864E+01    0.142293274E+01
    0.500000000E+02    0.500000000E+00    0.383979967E-02    0.118324864E+01    0.142293334E+01
    0.500000000E+02    0.500000000E+00    0.392259890E-02    0.118434644E+01    0.142932832E+01
    0.500000000E+02    0.500000000E+00    0.392260728E-02    0.118434644E+01    0.142932892E+01
    0.500000000E+02    0.500000000E+00    0.400709920E-02    0.118544066E+01    0.143566215E+01
    0.500000000E+02    0.500000000E+00    0.400710758E-02    0.118544066E+01    0.143566275E+01
    0.500000000E+02    0.500000000E+00    0.409332616E-02    0.118653202E+01    0.144193828E+01
    0.500000000E+02    0.500000000E+00    0.409333501E-02    0.118653202E+01    0.144193888E+01
    0.500000000E+02    0.500000000E+00    0.418131659E-02    0.118762088E+01    0.144816053E+01
    0.500000000E+02    0.500000000E+00    0.418132544E-02    0.118762088E+01    0.144816113E+01
    0.500000000E+02    0.500000000E+00    0.427110540E-02    0.118870759E+01    0.145433259E+01
    0.500000000E+02    0.500000000E+00    0.427111425E-02    0.118870771E+01    0.145433319E+01
    0.500000000E+02    0.500000000E+00    0.436272938E-02    0.118979287E+01    0.146045768E+01
    0.500000000E+02    0.500000000E+00    0.436273869E-02    0.118979299E+01    0.146045828E+01
    0.500000000E+02    0.500000000E+00    0.445622671E-02    0.119087708E+01    0.146653926E+01
    0.500000000E+02    0.500000000E+00    0.445623603E-02    0.119087720E+01    0.146653986E+01
    0.500000000E+02    0.500000000E+00    0.455163512E-02    0.119196069E+01    0.147258008E+01
    0.500000000E+02    0.500000000E+00    0.455164444E-02    0.119196081E+01    0.147258067E+01
    0.500000000E+02    0.500000000E+00    0.464899372E-02    0.119304395E+01    0.147858310E+01
    0.500000000E+02    0.500000000E+00    0.464900350E-02    0.119304407E+01    0.147858369E+01
    0.500000000E+02    0.500000000E+00    0.474834302E-02    0.119412732E+01    0.148455095E+01
    0.500000000E+02    0.500000000E+00    0.474835280E-02    0.119412744E+01    0.148455155E+01
    0.500000000E+02    0.500000000E+00    0.484972261E-02    0.119521117E+01    0.149048603E+01
    0.500000000E+02    0.500000000E+00    0.484973285E-02    0.119521129E+01    0.149048662E+01
    0.500000000E+02    0.500000000E+00    0.495317485E-02    0.119629586E+01    0.149639082E+01
    0.500000000E+02    0.500000000E+00    0.495318510E-02    0.119629598E+01    0.149639142E+01
    0.500000000E+02    0.500000000E+00    0.505874166E-02    0.119738162E+01    0.150226748E+01
    0.500000000E+02    0.500000000E+00    0.505875237E-02    0.119738173E+01    0.150226808E+01
    0.500000000E+02    0.500000000E+00    0.516646681E-02    0.119846904E+01    0.150811815E+01
    0.500000000E+02    0.500000000E+00    0.516647752E-02    0.119846916E+01    0.150811875E+01
    0.500000000E+02    0.500000000E+00    0.527639361E-02    0.119955814E+01    0.151394463E+01
    0.500000000E+02    0.500000000E+00    0.527640479E-02    0.119955826E+01    0.151394522E+01
    0.500000000E+02    0.500000000E+00    0.538856769E-02    0.120064938E+01    0.151974881E+01
    0.500000000E+02    0.500000000E+00    0.538857887E-02    0.120064950E+01    0.151974940E+01
    0.500000000E+02    0.500000000E+00    0.550303468E-02    0.120174289E+01    0.152553236E+01
    0.500000000E+02    0.500000000E+00    0.550304633E-02    0.120174301E+01    0.152553296E+01
    0.500000000E+02    0.500000000E+00    0.561984209E-02    0.120283914E+01    0.153129709E+01
    0.500000000E+02    0.500000000E+00    0.561985373E-02    0.120283926E+01    0.153129768E+01
    0.500000000E+02    0.500000000E+00    0.573903648E-02    0.120393825E+01    0.153704441E+01
    0.500000000E+02    0.500000000E+00    0.573904859E-02    0.120393836E+01    0.153704500E+01
    0.500000000E+02    0.500000000E+00    0.586066814E-02    0.120504045E+01    0.154277575E+01
    0.500000000E+02    0.500000000E+00    0.586068025E-02    0.120504057E+01    0.154277635E+01
    0.500000000E+02    0.500000000E+00    0.598478597E-02    0.120614612E+01    0.154849231E+01
    0.500000000E+02    0.500000000E+00    0.598479854E-02    0.120614624E+01    0.154849291E+01
    0.500000000E+02    0.500000000E+00    0.611144118E-02    0.120725524E+01    0.155419564E+01
    0.500000000E+02    0.500000000E+00    0.611145375E-02    0.120725536E+01    0.155419624E+01
    0.500000000E+02    0.500000000E+00    0.624068500E-02    0.120836830E+01    0.155988681E+01
    0.500000000E+02    0.500000000E+00    0.624069804E-02    0.120836842E+01    0.155988741E+01
    0.500000000E+02    0.500000000E+00    0.637257099E-02    0.120948529E+01    0.156556690E+01
    0.500000000E+02    0.500000000E+00    0.637258403E-02    0.120948541E+01    0.156556749E+01
    0.500000000E+02    0.500000000E+00    0.650715316E-02    0.121060646E+01    0.157123697E+01
    0.500000000E+02    0.500000000E+00    0.650716666E-02    0.121060658E+01    0.157123756E+01
    0.500000000E+02    0.500000000E+00    0.664448645E-02    0.121173215E+01    0.157689810E+01
    0.500000000E+02    0.500000000E+00    0.664449995E-02    0.121173227E+01    0.157689869E+01
    0.500000000E+02    0.500000000E+00    0.678462675E-02    0.121286225E+01    0.158255124E+01
    0.500000000E+02    0.500000000E+00    0.678464072E-02    0.121286237E+01    0.158255184E+01
    0.500000000E+02    0.500000000E+00    0.692763133E-02    0.121399724E+01    0.158819723E+01
    0.500000000E+02    0.500000000E+00    0.692764577E-02    0.121399736E+01    0.158819783E+01
    0.500000000E+02    0.500000000E+00    0.707356026E-02    0.121513712E+01    0.159383690E+01
    0.500000000E+02    0.500000000E+00    0.707357470E-02    0.121513724E+01    0.159383750E+01
    0.500000000E+02    0.500000000E+00    0.722247176E-02    0.121628213E+01    0.159947097E+01
    0.500000000E+02    0.500000000E+00    0.722248666E-02    0.121628225E+01    0.159947157E+01
    0.500000000E+02    0.500000000E+00    0.737442682E-02    0.121743238E+01    0.160510039E+01
    0.500000000E+02    0.500000000E+00    0.737444218E-02    0.121743250E+01    0.160510099E+01
    0.500000000E+02    0.500000000E+00    0.752948876E-02    0.121858811E+01    0.161072576E+01
    0.500000000E+02    0.500000000E+00    0.752950413E-02    0.121858823E+01    0.161072636E+01
    0.500000000E+02    0.500000000E+00    0.768772047E-02    0.121974933E+01    0.161634779E+01
    0.500000000E+02    0.500000000E+00    0.768773630E-02    0.121974945E+01    0.161634839E+01
    0.500000000E+02    0.500000000E+00    0.784918666E-02    0.122091627E+01    0.162196696E+01
    0.500000000E+02    0.500000000E+00    0.784920249E-02    0.122091639E+01    0.162196755E+01
    0.500000000E+02    0.500000000E+00    0.801395252E-02    0.122208917E+01    0.162758422E+01
    0.500000000E+02    0.500000000E+00    0.801396929E-02    0.122208929E+01    0.162758482E+01
    0.500000000E+02    0.500000000E+00    0.818208791E-02    0.122326803E+01    0.163319981E+01
    0.500000000E+02    0.500000000E+00    0.818210468E-02    0.122326815E+01    0.163320041E+01
    0.500000000E+02    0.500000000E+00    0.835365988E-02    0.122445297E+01    0.163881445E+01
    0.500000000E+02    0.500000000E+00    0.835367665E-02    0.122445309E+01    0.163881505E+01
    0.500000000E+02    0.500000000E+00    0.852873828E-02    0.122564423E+01    0.164442861E+01
    0.500000000E+02    0.500000000E+00    0.852875598E-02    0.122564435E+01    0.164442921E+01
    0.500000000E+02    0.500000000E+00    0.870739669E-02    0.122684181E+01    0.165004277E+01
    0.500000000E+02    0.500000000E+00    0.870741438E-02    0.122684193E+01    0.165004337E+01
    0.500000000E+02    0.500000000E+00    0.888970587E-02    0.122804606E+01    0.165565753E+01
    0.500000000E+02    0.500000000E+00    0.888972450E-02    0.122804618E+01    0.165565813E+01
    0.500000000E+02    0.500000000E+00    0.907574315E-02    0.122925687E+01    0.166127324E+01
    0.500000000E+02    0.500000000E+00    0.907576177E-02    0.122925699E+01    0.166127384E+01
    0.500000000E+02    0.500000000E+00    0.926558394E-02    0.123047447E+01    0.166689038E+01
    0.500000000E+02    0.500000000E+00    0.926560257E-02    0.123047459E+01    0.166689098E+01
    0.500000000E+02    0.500000000E+00    0.945930369E-02    0.123169899E+01    0.167250931E+01
    0.500000000E+02    0.500000000E+00    0.945932325E-02    0.123169911E+01    0.167250991E+01
    0.500000000E+02    0.500000000E+00    0.965698436E-02    0.123293054E+01    0.167813051E+01
    0.500000000E+02    0.500000000E+00    0.965700392E-02    0.123293066E+01    0.167813110E+01
    0.500000000E+02    0.500000000E+00    0.985870510E-02    0.123416924E+01    0.168375432E+01
    0.500000000E+02    0.500000000E+00    0.985872559E-02    0.123416936E+01    0.168375492E+01
    0.500000000E+02    0.500000000E+00    0.100645507E-01    0.123541522E+01    0.168938112E+01
    0.500000000E+02    0.500000000E+00    0.100645712E-01    0.123541534E+01    0.168938172E+01
    0.500000000E+02    0.500000000E+00    0.102746030E-01    0.123666859E+01    0.169501126E+01
    0.500000000E+02    0.500000000E+00    0.102746245E-01    0.123666871E+01    0.169501185E+01
    0.500000000E+02    0.500000000E+00    0.104889497E-01    0.123792946E+01    0.170064521E+01
    0.500000000E+02    0.500000000E+00    0.104889711E-01    0.123792958E+01    0.170064580E+01
    0.500000000E+02    0.500000000E+00    0.107076783E-01    0.123919797E+01    0.170628309E+01
    0.500000000E+02    0.500000000E+00    0.107076997E-01    0.123919809E+01    0.170628369E+01
    0.500000000E+02    0.500000000E+00    0.109308772E-01    0.124047422E+01    0.171192539E+01
    0.500000000E+02    0.500000000E+00    0.109308995E-01    0.124047434E+01    0.171192598E+01
    0.500000000E+02    0.500000000E+00    0.111586396E-01    0.124175835E+01    0.171757233E+01
    0.500000000E+02    0.500000000E+00    0.111586619E-01    0.124175847E+01    0.171757293E+01
    0.500000000E+02    0.500000000E+00    0.113910576E-01    0.124305034E+01    0.172322428E+01
    0.500000000E+02    0.500000000E+00    0.113910809E-01    0.124305046E+01    0.172322488E+01
    0.500000000E+02    0.500000000E+00    0.116282264E-01    0.124435055E+01    0.172888160E+01
    0.500000000E+02    0.500000000E+00    0.116282497E-01    0.124435067E+01    0.172888219E+01
    0.500000000E+02    0.500000000E+00    0.118702436E-01    0.124565887E+01    0.173454440E+01
    0.500000000E+02    0.500000000E+00    0.118702678E-01    0.124565899E+01    0.173454499E+01
    0.500000000E+02    0.500000000E+00    0.121172071E-01    0.124697554E+01    0.174021316E+01
    0.500000000E+02    0.500000000E+00    0.121172322E-01    0.124697566E+01    0.174021375E+01
    0.500000000E+02    0.500000000E+00    0.123692211E-01    0.124830067E+01    0.174588799E+01
    0.500000000E+02    0.500000000E+00    0.123692462E-01    0.124830079E+01    0.174588859E+01
    0.500000000E+02    0.500000000E+00    0.126263844E-01    0.124963439E+01    0.175156927E+01
    0.500000000E+02    0.500000000E+00    0.126264105E-01    0.124963450E+01    0.175156987E+01
    0.500000000E+02    0.500000000E+00    0.128888069E-01    0.125097680E+01    0.175725734E+01
    0.500000000E+02    0.500000000E+00    0.128888329E-01    0.125097692E+01    0.175725794E+01
    0.500000000E+02    0.500000000E+00    0.131565919E-01    0.125232804E+01    0.176295233E+01
    0.500000000E+02    0.500000000E+00    0.131566189E-01    0.125232816E+01    0.176295292E+01
    0.500000000E+02    0.500000000E+00    0.134298522E-01    0.125368798E+01    0.176865458E+01
    0.500000000E+02    0.500000000E+00    0.134298792E-01    0.125368822E+01    0.176865518E+01
    0.500000000E+02    0.500000000E+00    0.137086976E-01    0.125505710E+01    0.177436435E+01
    0.500000000E+02    0.500000000E+00    0.137087256E-01    0.125505733E+01    0.177436495E+01
    0.500000000E+02    0.500000000E+00    0.139932428E-01    0.125643551E+01    0.178008187E+01
    0.500000000E+02    0.500000000E+00    0.139932716E-01    0.125643575E+01    0.178008246E+01
    0.500000000E+02    0.500000000E+00    0.142836059E-01    0.125782311E+01    0.178580725E+01
    0.500000000E+02    0.500000000E+00    0.142836347E-01    0.125782335E+01    0.178580785E+01
    0.500000000E+02    0.500000000E+00    0.145799033E-01    0.125922012E+01    0.179154110E+01
    0.500000000E+02    0.500000000E+00    0.145799331E-01    0.125922036E+01    0.179154170E+01
    0.500000000E+02    0.500000000E+00    0.148822591E-01    0.126062679E+01    0.179728329E+01
    0.500000000E+02    0.500000000E+00    0.148822889E-01    0.126062703E+01    0.179728389E+01
    0.500000000E+02    0.500000000E+00    0.151907941E-01    0.126204300E+01    0.180303431E+01
    0.500000000E+02    0.500000000E+00    0.151908249E-01    0.126204324E+01    0.180303478E+01
    0.500000000E+02    0.500000000E+00    0.155056361E-01    0.126346910E+01    0.180879438E+01
    0.500000000E+02    0.500000000E+00    0.155056678E-01    0.126346934E+01    0.180879486E+01
    0.500000000E+02    0.500000000E+00    0.158269145E-01    0.126490510E+01    0.181456363E+01
    0.500000000E+02    0.500000000E+00    0.158269461E-01    0.126490533E+01    0.181456411E+01
    0.500000000E+02    0.500000000E+00    0.161547605E-01    0.126635122E+01    0.182034230E+01
    0.500000000E+02    0.500000000E+00    0.161547940E-01    0.126635146E+01    0.182034278E+01
    0.500000000E+02    0.500000000E+00    0.164893083E-01    0.126780748E+01    0.182613075E+01
    0.500000000E+02    0.500000000E+00    0.164893419E-01    0.126780772E+01    0.182613122E+01
    0.500000000E+02    0.500000000E+00    0.168306958E-01    0.126927423E+01    0.183192921E+01
    0.500000000E+02    0.500000000E+00    0.168307293E-01    0.126927447E+01    0.183192968E+01
    0.500000000E+02    0.500000000E+00    0.171790589E-01    0.127075136E+01    0.183773780E+01
    0.500000000E+02    0.500000000E+00    0.171790943E-01    0.127075160E+01    0.183773839E+01
    0.500000000E+02    0.500000000E+00    0.175345466E-01    0.127223909E+01    0.184355688E+01
    0.500000000E+02    0.500000000E+00    0.175345819E-01    0.127223933E+01    0.184355748E+01
    0.500000000E+02    0.500000000E+00    0.178973004E-01    0.127373767E+01    0.184938669E+01
    0.500000000E+02    0.500000000E+00    0.178973358E-01    0.127373791E+01    0.184938729E+01
    0.500000000E+02    0.500000000E+00    0.182674676E-01    0.127524722E+01    0.185522747E+01
    0.500000000E+02    0.500000000E+00    0.182675049E-01    0.127524745E+01    0.185522807E+01
    0.500000000E+02    0.500000000E+00    0.186452027E-01    0.127676773E+01    0.186107945E+01
    0.500000000E+02    0.500000000E+00    0.186452400E-01    0.127676797E+01    0.186108005E+01
    0.500000000E+02    0.500000000E+00    0.190306585E-01    0.127829957E+01    0.186694276E+01
    0.500000000E+02    0.500000000E+00    0.190306976E-01    0.127829981E+01    0.186694336E+01
    0.500000000E+02    0.500000000E+00    0.194239970E-01    0.127984273E+01    0.187281787E+01
    0.500000000E+02    0.500000000E+00    0.194240361E-01    0.127984297E+01    0.187281847E+01
    0.500000000E+02    0.500000000E+00    0.198253728E-01    0.128139746E+01    0.187870479E+01
    0.500000000E+02    0.500000000E+00    0.198254138E-01    0.128139770E+01    0.187870538E+01
    0.500000000E+02    0.500000000E+00    0.202349555E-01    0.128296387E+01    0.188460398E+01
    0.500000000E+02    0.500000000E+00    0.202349965E-01    0.128296411E+01    0.188460457E+01
    0.500000000E+02    0.500000000E+00    0.206529107E-01    0.128454208E+01    0.189051545E+01
    0.500000000E+02    0.500000000E+00    0.206529517E-01    0.128454232E+01    0.189051604E+01
    0.500000000E+02    0.500000000E+00    0.210794061E-01    0.128613245E+01    0.189643967E+01
    0.500000000E+02    0.500000000E+00    0.210794490E-01    0.128613269E+01    0.189644027E+01
    0.500000000E+02    0.500000000E+00    0.215146244E-01    0.128773499E+01    0.190237677E+01
    0.500000000E+02    0.500000000E+00    0.215146672E-01    0.128773522E+01    0.190237737E+01
    0.500000000E+02    0.500000000E+00    0.219587367E-01    0.128934979E+01    0.190832710E+01
    0.500000000E+02    0.500000000E+00    0.219587814E-01    0.128935003E+01    0.190832770E+01
    0.500000000E+02    0.500000000E+00    0.224119294E-01    0.129097724E+01    0.191429067E+01
    0.500000000E+02    0.500000000E+00    0.224119741E-01    0.129097748E+01    0.191429126E+01
    0.500000000E+02    0.500000000E+00    0.228743833E-01    0.129261732E+01    0.192026806E+01
    0.500000000E+02    0.500000000E+00    0.228744298E-01    0.129261756E+01    0.192026865E+01
    0.500000000E+02    0.500000000E+00    0.233462937E-01    0.129427040E+01    0.192625928E+01
    0.500000000E+02    0.500000000E+00    0.233463403E-01    0.129427063E+01    0.192625988E+01
    0.500000000E+02    0.500000000E+00    0.238278490E-01    0.129593658E+01    0.193226480E+01
    0.500000000E+02    0.500000000E+00    0.238278974E-01    0.129593682E+01    0.193226540E+01
    0.500000000E+02    0.500000000E+00    0.243192483E-01    0.129761600E+01    0.193828464E+01
    0.500000000E+02    0.500000000E+00    0.243192967E-01    0.129761624E+01    0.193828523E+01
    0.500000000E+02    0.500000000E+00    0.248206928E-01    0.129930878E+01    0.194431925E+01
    0.500000000E+02    0.500000000E+00    0.248207431E-01    0.129930902E+01    0.194431984E+01
    0.500000000E+02    0.500000000E+00    0.253323894E-01    0.130101538E+01    0.195036876E+01
    0.500000000E+02    0.500000000E+00    0.253324397E-01    0.130101562E+01    0.195036936E+01
    0.500000000E+02    0.500000000E+00    0.258545429E-01    0.130273581E+01    0.195643353E+01
    0.500000000E+02    0.500000000E+00    0.258545950E-01    0.130273604E+01    0.195643413E+01
    0.500000000E+02    0.500000000E+00    0.263873711E-01    0.130447030E+01    0.196251380E+01
    0.500000000E+02    0.500000000E+00    0.263874251E-01    0.130447054E+01    0.196251440E+01
    0.500000000E+02    0.500000000E+00    0.269310940E-01    0.130621898E+01    0.196860981E+01
    0.500000000E+02    0.500000000E+00    0.269311480E-01    0.130621922E+01    0.196861041E+01
    0.500000000E+02    0.500000000E+00    0.274859276E-01    0.130798221E+01    0.197472191E+01
    0.500000000E+02    0.500000000E+00    0.274859834E-01    0.130798244E+01    0.197472250E+01
    0.500000000E+02    0.500000000E+00    0.280521065E-01    0.130976021E+01    0.198085022E+01
    0.500000000E+02    0.500000000E+00    0.280521624E-01    0.130976045E+01    0.198085093E+01
    0.500000000E+02    0.500000000E+00    0.286298562E-01    0.131155312E+01    0.198699522E+01
    0.500000000E+02    0.500000000E+00    0.286299139E-01    0.131155336E+01    0.198699594E+01
    0.500000000E+02    0.500000000E+00    0.292194169E-01    0.131336117E+01    0.199315703E+01
    0.500000000E+02    0.500000000E+00    0.292194765E-01    0.131336141E+01    0.199315774E+01
    0.500000000E+02    0.500000000E+00    0.298210327E-01    0.131518459E+01    0.199933612E+01
    0.500000000E+02    0.500000000E+00    0.298210923E-01    0.131518483E+01    0.199933672E+01
    0.500000000E+02    0.500000000E+00    0.304349419E-01    0.131702363E+01    0.200553274E+01
    0.500000000E+02    0.500000000E+00    0.304350033E-01    0.131702387E+01    0.200553322E+01
    0.500000000E+02    0.500000000E+00    0.310614016E-01    0.131887853E+01    0.201174688E+01
    0.500000000E+02    0.500000000E+00    0.310614649E-01    0.131887877E+01    0.201174736E+01
    0.500000000E+02    0.500000000E+00    0.317006707E-01    0.132074952E+01    0.201797915E+01
    0.500000000E+02    0.500000000E+00    0.317007340E-01    0.132074976E+01    0.201797962E+01
    0.500000000E+02    0.500000000E+00    0.323530026E-01    0.132263684E+01    0.202422953E+01
    0.500000000E+02    0.500000000E+00    0.323530696E-01    0.132263708E+01    0.202423000E+01
    0.500000000E+02    0.500000000E+00    0.330186747E-01    0.132454073E+01    0.203049874E+01
    0.500000000E+02    0.500000000E+00    0.330187418E-01    0.132454097E+01    0.203049922E+01
    0.500000000E+02    0.500000000E+00    0.336979516E-01    0.132646155E+01    0.203678679E+01
    0.500000000E+02    0.500000000E+00    0.336980186E-01    0.132646179E+01    0.203678727E+01
    0.500000000E+02    0.500000000E+00    0.343911126E-01    0.132839954E+01    0.204309392E+01
    0.500000000E+02    0.500000000E+00    0.343911834E-01    0.132839978E+01    0.204309464E+01
    0.500000000E+02    0.500000000E+00    0.350984447E-01    0.133035493E+01    0.204942060E+01
    0.500000000E+02    0.500000000E+00    0.350985155E-01    0.133035517E+01    0.204942131E+01
    0.500000000E+02    0.500000000E+00    0.358202383E-01    0.133232796E+01    0.205576730E+01
    0.500000000E+02    0.500000000E+00    0.358203091E-01    0.133232820E+01    0.205576801E+01
    0.500000000E+02    0.500000000E+00    0.365567803E-01    0.133431900E+01    0.206213427E+01
    0.500000000E+02    0.500000000E+00    0.365568548E-01    0.133431923E+01    0.206213498E+01
    0.500000000E+02    0.500000000E+00    0.373083837E-01    0.133632815E+01    0.206852150E+01
    0.500000000E+02    0.500000000E+00    0.373084582E-01    0.133632827E+01    0.206852221E+01
    0.500000000E+02    0.500000000E+00    0.380753465E-01    0.133835602E+01    0.207492948E+01
    0.500000000E+02    0.500000000E+00    0.380754247E-01    0.133835614E+01    0.207493019E+01
    0.500000000E+02    0.500000000E+00    0.388579927E-01    0.134040260E+01    0.208135867E+01
    0.500000000E+02    0.500000000E+00    0.388580710E-01    0.134040272E+01    0.208135939E+01
    0.500000000E+02    0.500000000E+00    0.396566391E-01    0.134246850E+01    0.208780932E+01
    0.500000000E+02    0.500000000E+00    0.396567173E-01    0.134246862E+01    0.208781004E+01
    0.500000000E+02    0.500000000E+00    0.404716060E-01    0.134455371E+01    0.209428191E+01
    0.500000000E+02    0.500000000E+00    0.404716879E-01    0.134455383E+01    0.209428263E+01
    0.500000000E+02    0.500000000E+00    0.413032360E-01    0.134665883E+01    0.210077643E+01
    0.500000000E+02    0.500000000E+00    0.413033180E-01    0.134665895E+01    0.210077715E+01
    0.500000000E+02    0.500000000E+00    0.421518609E-01    0.134878409E+01    0.210729361E+01
    0.500000000E+02    0.500000000E+00    0.421519466E-01    0.134878421E+01    0.210729432E+01
    0.500000000E+02    0.500000000E+00    0.430178382E-01    0.135092974E+01    0.211383343E+01
    0.500000000E+02    0.500000000E+00    0.430179238E-01    0.135092986E+01    0.211383414E+01
    0.500000000E+02    0.500000000E+00    0.439015143E-01    0.135309625E+01    0.212039638E+01
    0.500000000E+02    0.500000000E+00    0.439016037E-01    0.135309637E+01    0.212039709E+01
    0.500000000E+02    0.500000000E+00    0.448032580E-01    0.135528398E+01    0.212698293E+01
    0.500000000E+02    0.500000000E+00    0.448033474E-01    0.135528409E+01    0.212698364E+01
    0.500000000E+02    0.500000000E+00    0.457234308E-01    0.135749316E+01    0.213359332E+01
    0.500000000E+02    0.500000000E+00    0.457235239E-01    0.135749328E+01    0.213359404E+01
    0.500000000E+02    0.500000000E+00    0.466624200E-01    0.135972416E+01    0.214022803E+01
    0.500000000E+02    0.500000000E+00    0.466625132E-01    0.135972428E+01    0.214022875E+01
    0.500000000E+02    0.500000000E+00    0.476205982E-01    0.136197758E+01    0.214688730E+01
    0.500000000E+02    0.500000000E+00    0.476206951E-01    0.136197770E+01    0.214688802E+01
    0.500000000E+02    0.500000000E+00    0.485983640E-01    0.136425352E+01    0.215357137E+01
    0.500000000E+02    0.500000000E+00    0.485984609E-01    0.136425364E+01    0.215357208E+01
    0.500000000E+02    0.500000000E+00    0.495961159E-01    0.136655259E+01    0.216028094E+01
    0.500000000E+02    0.500000000E+00    0.495962165E-01    0.136655271E+01    0.216028166E+01
    0.500000000E+02    0.500000000E+00    0.506142713E-01    0.136887503E+01    0.216701627E+01
    0.500000000E+02    0.500000000E+00    0.506143719E-01    0.136887527E+01    0.216701698E+01
    0.500000000E+02    0.500000000E+00    0.516532324E-01    0.137122130E+01    0.217377782E+01
    0.500000000E+02    0.500000000E+00    0.516533367E-01    0.137122154E+01    0.217377853E+01
    0.500000000E+02    0.500000000E+00    0.527134351E-01    0.137359202E+01    0.218056560E+01
    0.500000000E+02    0.500000000E+00    0.527135395E-01    0.137359226E+01    0.218056631E+01
    0.500000000E+02    0.500000000E+00    0.537953041E-01    0.137598729E+01    0.218738031E+01
    0.500000000E+02    0.500000000E+00    0.537954122E-01    0.137598753E+01    0.218738103E+01
    0.500000000E+02    0.500000000E+00    0.548992939E-01    0.137840784E+01    0.219422245E+01
    0.500000000E+02    0.500000000E+00    0.548994057E-01    0.137840807E+01    0.219422317E+01
    0.500000000E+02    0.500000000E+00    0.560258515E-01    0.138085401E+01    0.220109224E+01
    0.500000000E+02    0.500000000E+00    0.560259633E-01    0.138085425E+01    0.220109296E+01
    0.500000000E+02    0.500000000E+00    0.571754351E-01    0.138332617E+01    0.220799017E+01
    0.500000000E+02    0.500000000E+00    0.571755506E-01    0.138332641E+01    0.220799088E+01
    0.500000000E+02    0.500000000E+00    0.583485216E-01    0.138582492E+01    0.221491647E+01
    0.500000000E+02    0.500000000E+00    0.583486371E-01    0.138582516E+01    0.221491718E+01
    0.500000000E+02    0.500000000E+00    0.595455877E-01    0.138835061E+01    0.222187185E+01
    0.500000000E+02    0.500000000E+00    0.595457070E-01    0.138835084E+01    0.222187257E+01
    0.500000000E+02    0.500000000E+00    0.607671216E-01    0.139090383E+01    0.222885656E+01
    0.500000000E+02    0.500000000E+00    0.607672445E-01    0.139090407E+01    0.222885728E+01
    0.500000000E+02    0.500000000E+00    0.620136298E-01    0.139348507E+01    0.223587084E+01
    0.500000000E+02    0.500000000E+00    0.620137528E-01    0.139348531E+01    0.223587155E+01
    0.500000000E+02    0.500000000E+00    0.632856116E-01    0.139609492E+01    0.224291539E+01
    0.500000000E+02    0.500000000E+00    0.632857382E-01    0.139609516E+01    0.224291611E+01
    0.500000000E+02    0.500000000E+00    0.645836070E-01    0.139873374E+01    0.224999070E+01
    0.500000000E+02    0.500000000E+00    0.645837337E-01    0.139873397E+01    0.224999142E+01
    0.500000000E+02    0.500000000E+00    0.659081191E-01    0.140140212E+01    0.225709677E+01
    0.500000000E+02    0.500000000E+00    0.659082532E-01    0.140140235E+01    0.225709748E+01
    0.500000000E+02    0.500000000E+00    0.672597215E-01    0.140410054E+01    0.226423454E+01
    0.500000000E+02    0.500000000E+00    0.672598556E-01    0.140410078E+01    0.226423526E+01
    0.500000000E+02    0.500000000E+00    0.686389431E-01    0.140682983E+01    0.227140403E+01
    0.500000000E+02    0.500000000E+00    0.686390847E-01    0.140683007E+01    0.227140474E+01
    0.500000000E+02    0.500000000E+00    0.700463653E-01    0.140959024E+01    0.227860594E+01
    0.500000000E+02    0.500000000E+00    0.700465068E-01    0.140959048E+01    0.227860665E+01
    0.500000000E+02    0.500000000E+00    0.714825541E-01    0.141238260E+01    0.228584075E+01
    0.500000000E+02    0.500000000E+00    0.714826956E-01    0.141238284E+01    0.228584146E+01
    0.500000000E+02    0.500000000E+00    0.729480982E-01    0.141520727E+01    0.229310870E+01
    0.500000000E+02    0.500000000E+00    0.729482472E-01    0.141520751E+01    0.229310942E+01
    0.500000000E+02    0.500000000E+00    0.744436085E-01    0.141806507E+01    0.230040979E+01
    0.500000000E+02    0.500000000E+00    0.744437575E-01    0.141806531E+01    0.230041075E+01
    0.500000000E+02    0.500000000E+00    0.759696886E-01    0.142095649E+01    0.230774546E+01
    0.500000000E+02    0.500000000E+00    0.759698376E-01    0.142095673E+01    0.230774641E+01
    0.500000000E+02    0.500000000E+00    0.775269642E-01    0.142388225E+01    0.231511569E+01
    0.500000000E+02    0.500000000E+00    0.775271207E-01    0.142388248E+01    0.231511664E+01
    0.500000000E+02    0.500000000E+00    0.791160688E-01    0.142684293E+01    0.232252097E+01
    0.500000000E+02    0.500000000E+00    0.791162252E-01    0.142684317E+01    0.232252169E+01
    0.500000000E+02    0.500000000E+00    0.807376578E-01    0.142983913E+01    0.232996130E+01
    0.500000000E+02    0.500000000E+00    0.807378218E-01    0.142983937E+01    0.232996202E+01
    0.500000000E+02    0.500000000E+00    0.823924020E-01    0.143287158E+01    0.233743787E+01
    0.500000000E+02    0.500000000E+00    0.823925659E-01    0.143287182E+01    0.233743858E+01
    0.500000000E+02    0.500000000E+00    0.840809643E-01    0.143594098E+01    0.234495044E+01
    0.500000000E+02    0.500000000E+00    0.840811357E-01    0.143594122E+01    0.234495115E+01
    0.500000000E+02    0.500000000E+00    0.858040452E-01    0.143904805E+01    0.235249972E+01
    0.500000000E+02    0.500000000E+00    0.858042166E-01    0.143904829E+01    0.235250044E+01
    0.500000000E+02    0.500000000E+00    0.875623524E-01    0.144219339E+01    0.236008620E+01
    0.500000000E+02    0.500000000E+00    0.875625312E-01    0.144219363E+01    0.236008692E+01
    0.500000000E+02    0.500000000E+00    0.893566012E-01    0.144537771E+01    0.236771035E+01
    0.500000000E+02    0.500000000E+00    0.893567801E-01    0.144537795E+01    0.236771107E+01
    0.500000000E+02    0.500000000E+00    0.911875293E-01    0.144860184E+01    0.237537217E+01
    0.500000000E+02    0.500000000E+00    0.911877155E-01    0.144860208E+01    0.237537289E+01
    0.500000000E+02    0.500000000E+00    0.930558816E-01    0.145186639E+01    0.238307238E+01
    0.500000000E+02    0.500000000E+00    0.930560678E-01    0.145186663E+01    0.238307309E+01
    0.500000000E+02    0.500000000E+00    0.949624255E-01    0.145517206E+01    0.239081144E+01
    0.500000000E+02    0.500000000E+00    0.949626192E-01    0.145517242E+01    0.239081216E+01
    0.500000000E+02    0.500000000E+00    0.969079509E-01    0.145851982E+01    0.239858937E+01
    0.500000000E+02    0.500000000E+00    0.969081447E-01    0.145852017E+01    0.239859009E+01
    0.500000000E+02    0.500000000E+00    0.988932326E-01    0.146191037E+01    0.240640688E+01
    0.500000000E+02    0.500000000E+00    0.988934338E-01    0.146191072E+01    0.240640759E+01
    0.500000000E+02    0.500000000E+00    0.100919113E+00    0.146534431E+01    0.241426420E+01
    0.500000000E+02    0.500000000E+00    0.100919314E+00    0.146534467E+01    0.241426492E+01
    0.500000000E+02    0.500000000E+00    0.102986395E+00    0.146882260E+01    0.242216158E+01
    0.500000000E+02    0.500000000E+00    0.102986604E+00    0.146882296E+01    0.242216229E+01
    0.500000000E+02    0.500000000E+00    0.105095945E+00    0.147234583E+01    0.243009949E+01
    0.500000000E+02    0.500000000E+00    0.105096154E+00    0.147234619E+01    0.243010020E+01
    0.500000000E+02    0.500000000E+00    0.107248604E+00    0.147591496E+01    0.243807793E+01
    0.500000000E+02    0.500000000E+00    0.107248820E+00    0.147591531E+01    0.243807864E+01
    0.500000000E+02    0.500000000E+00    0.109445281E+00    0.147953069E+01    0.244609737E+01
    0.500000000E+02    0.500000000E+00    0.109445497E+00    0.147953105E+01    0.244609809E+01
    0.500000000E+02    0.500000000E+00    0.111686856E+00    0.148319387E+01    0.245415807E+01
    0.500000000E+02    0.500000000E+00    0.111687079E+00    0.148319423E+01    0.245415878E+01
    0.500000000E+02    0.500000000E+00    0.113974251E+00    0.148690522E+01    0.246226025E+01
    0.500000000E+02    0.500000000E+00    0.113974482E+00    0.148690557E+01    0.246226096E+01
    0.500000000E+02    0.500000000E+00    0.116308413E+00    0.149066544E+01    0.247040391E+01
    0.500000000E+02    0.500000000E+00    0.116308644E+00    0.149066579E+01    0.247040462E+01
    0.500000000E+02    0.500000000E+00    0.118690275E+00    0.149447548E+01    0.247858930E+01
    0.500000000E+02    0.500000000E+00    0.118690513E+00    0.149447584E+01    0.247859001E+01
    0.500000000E+02    0.500000000E+00    0.121120833E+00    0.149833620E+01    0.248681641E+01
    0.500000000E+02    0.500000000E+00    0.121121079E+00    0.149833655E+01    0.248681712E+01
    0.500000000E+02    0.500000000E+00    0.123601086E+00    0.150224805E+01    0.249508548E+01
    0.500000000E+02    0.500000000E+00    0.123601332E+00    0.150224841E+01    0.249508619E+01
    0.500000000E+02    0.500000000E+00    0.126132026E+00    0.150621200E+01    0.250339651E+01
    0.500000000E+02    0.500000000E+00    0.126132280E+00    0.150621235E+01    0.250339723E+01
    0.500000000E+02    0.500000000E+00    0.128714710E+00    0.151022887E+01    0.251174903E+01
    0.500000000E+02    0.500000000E+00    0.128714964E+00    0.151022923E+01    0.251174974E+01
    0.500000000E+02    0.500000000E+00    0.131350189E+00    0.151429915E+01    0.252014351E+01
    0.500000000E+02    0.500000000E+00    0.131350458E+00    0.151429951E+01    0.252014422E+01
    0.500000000E+02    0.500000000E+00    0.134039536E+00    0.151842380E+01    0.252857947E+01
    0.500000000E+02    0.500000000E+00    0.134039804E+00    0.151842415E+01    0.252858019E+01
    0.500000000E+02    0.500000000E+00    0.136783883E+00    0.152260327E+01    0.253705692E+01
    0.500000000E+02    0.500000000E+00    0.136784151E+00    0.152260363E+01    0.253705764E+01
    0.500000000E+02    0.500000000E+00    0.139584288E+00    0.152683842E+01    0.254557538E+01
    0.500000000E+02    0.500000000E+00    0.139584571E+00    0.152683878E+01    0.254557610E+01
    0.500000000E+02    0.500000000E+00    0.142441973E+00    0.153112972E+01    0.255413437E+01
    0.500000000E+02    0.500000000E+00    0.142442256E+00    0.153113008E+01    0.255413508E+01
    0.500000000E+02    0.500000000E+00    0.145358056E+00    0.153547776E+01    0.256273341E+01
    0.500000000E+02    0.500000000E+00    0.145358354E+00    0.153547812E+01    0.256273413E+01
    0.500000000E+02    0.500000000E+00    0.148333758E+00    0.153988314E+01    0.257137251E+01
    0.500000000E+02    0.500000000E+00    0.148334056E+00    0.153988361E+01    0.257137322E+01
    0.500000000E+02    0.500000000E+00    0.151370287E+00    0.154434633E+01    0.258005023E+01
    0.500000000E+02    0.500000000E+00    0.151370585E+00    0.154434681E+01    0.258005095E+01
    0.500000000E+02    0.500000000E+00    0.154468879E+00    0.154886770E+01    0.258876657E+01
    0.500000000E+02    0.500000000E+00    0.154469192E+00    0.154886818E+01    0.258876729E+01
    0.500000000E+02    0.500000000E+00    0.157630816E+00    0.155344784E+01    0.259752011E+01
    0.500000000E+02    0.500000000E+00    0.157631129E+00    0.155344832E+01    0.259752083E+01
    0.500000000E+02    0.500000000E+00    0.160857394E+00    0.155808675E+01    0.260630989E+01
    0.500000000E+02    0.500000000E+00    0.160857722E+00    0.155808723E+01    0.260631084E+01
    0.500000000E+02    0.500000000E+00    0.164149925E+00    0.156278479E+01    0.261513543E+01
    0.500000000E+02    0.500000000E+00    0.164150253E+00    0.156278527E+01    0.261513638E+01
    0.500000000E+02    0.500000000E+00    0.167509764E+00    0.156754208E+01    0.262399507E+01
    0.500000000E+02    0.500000000E+00    0.167510107E+00    0.156754255E+01    0.262399602E+01
    0.500000000E+02    0.500000000E+00    0.170938283E+00    0.157235861E+01    0.263288736E+01
    0.500000000E+02    0.500000000E+00    0.170938626E+00    0.157235909E+01    0.263288832E+01
    0.500000000E+02    0.500000000E+00    0.174436897E+00    0.157723427E+01    0.264181089E+01
    0.500000000E+02    0.500000000E+00    0.174437240E+00    0.157723475E+01    0.264181185E+01
    0.500000000E+02    0.500000000E+00    0.178007007E+00    0.158216894E+01    0.265076399E+01
    0.500000000E+02    0.500000000E+00    0.178007364E+00    0.158216941E+01    0.265076494E+01
    0.500000000E+02    0.500000000E+00    0.181650117E+00    0.158716226E+01    0.265974450E+01
    0.500000000E+02    0.500000000E+00    0.181650475E+00    0.158716273E+01    0.265974545E+01
    0.500000000E+02    0.500000000E+00    0.185367689E+00    0.159221363E+01    0.266875076E+01
    0.500000000E+02    0.500000000E+00    0.185368061E+00    0.159221411E+01    0.266875172E+01
    0.500000000E+02    0.500000000E+00    0.189161256E+00    0.159732246E+01    0.267778039E+01
    0.500000000E+02    0.500000000E+00    0.189161628E+00    0.159732294E+01    0.267778134E+01
    0.500000000E+02    0.500000000E+00    0.193032369E+00    0.160248804E+01    0.268683100E+01
    0.500000000E+02    0.500000000E+00    0.193032756E+00    0.160248852E+01    0.268683195E+01
    0.500000000E+02    0.500000000E+00    0.196982607E+00    0.160770929E+01    0.269589949E+01
    0.500000000E+02    0.500000000E+00    0.196983010E+00    0.160770977E+01    0.269590044E+01
    0.500000000E+02    0.500000000E+00    0.201013610E+00    0.161298501E+01    0.270498347E+01
    0.500000000E+02    0.500000000E+00    0.201014012E+00    0.161298549E+01    0.270498443E+01
    0.500000000E+02    0.500000000E+00    0.205127001E+00    0.161831367E+01    0.271407938E+01
    0.500000000E+02    0.500000000E+00    0.205127418E+00    0.161831415E+01    0.271408033E+01
    0.500000000E+02    0.500000000E+00    0.209324494E+00    0.162369370E+01    0.272318387E+01
    0.500000000E+02    0.500000000E+00    0.209324911E+00    0.162369418E+01    0.272318482E+01
    0.500000000E+02    0.500000000E+00    0.213607773E+00    0.162912309E+01    0.273229337E+01
    0.500000000E+02    0.500000000E+00    0.213608205E+00    0.162912357E+01    0.273229432E+01
    0.500000000E+02    0.500000000E+00    0.217978641E+00    0.163459957E+01    0.274140358E+01
    0.500000000E+02    0.500000000E+00    0.217979074E+00    0.163460016E+01    0.274140453E+01
    0.500000000E+02    0.500000000E+00    0.222438827E+00    0.164012074E+01    0.275051045E+01
    0.500000000E+02    0.500000000E+00    0.222439274E+00    0.164012134E+01    0.275051141E+01
    0.500000000E+02    0.500000000E+00    0.226990193E+00    0.164568388E+01    0.275960922E+01
    0.500000000E+02    0.500000000E+00    0.226990655E+00    0.164568448E+01    0.275961018E+01
    0.500000000E+02    0.500000000E+00    0.231634602E+00    0.165128553E+01    0.276869488E+01
    0.500000000E+02    0.500000000E+00    0.231635064E+00    0.165128613E+01    0.276869583E+01
    0.500000000E+02    0.500000000E+00    0.236373946E+00    0.165692222E+01    0.277776217E+01
    0.500000000E+02    0.500000000E+00    0.236374423E+00    0.165692282E+01    0.277776313E+01
    0.500000000E+02    0.500000000E+00    0.241210178E+00    0.166259003E+01    0.278680539E+01
    0.500000000E+02    0.500000000E+00    0.241210654E+00    0.166259062E+01    0.278680634E+01
    0.500000000E+02    0.500000000E+00    0.246145263E+00    0.166828454E+01    0.279581833E+01
    0.500000000E+02    0.500000000E+00    0.246145755E+00    0.166828513E+01    0.279581928E+01
    0.500000000E+02    0.500000000E+00    0.251181245E+00    0.167400098E+01    0.280479455E+01
    0.500000000E+02    0.500000000E+00    0.251181751E+00    0.167400157E+01    0.280479550E+01
    0.500000000E+02    0.500000000E+00    0.256320149E+00    0.167973399E+01    0.281372690E+01
    0.500000000E+02    0.500000000E+00    0.256320655E+00    0.167973459E+01    0.281372786E+01
    0.500000000E+02    0.500000000E+00    0.261564106E+00    0.168547785E+01    0.282260847E+01
    0.500000000E+02    0.500000000E+00    0.261564642E+00    0.168547845E+01    0.282260942E+01
    0.500000000E+02    0.500000000E+00    0.266915292E+00    0.169122636E+01    0.283143139E+01
    0.500000000E+02    0.500000000E+00    0.266915828E+00    0.169122696E+01    0.283143234E+01
    0.500000000E+02    0.500000000E+00    0.272375852E+00    0.169697261E+01    0.284018731E+01
    0.500000000E+02    0.500000000E+00    0.272376388E+00    0.169697320E+01    0.284018826E+01
    0.500000000E+02    0.500000000E+00    0.277947992E+00    0.170270920E+01    0.284886742E+01
    0.500000000E+02    0.500000000E+00    0.277948558E+00    0.170270979E+01    0.284886837E+01
    0.500000000E+02    0.500000000E+00    0.283634096E+00    0.170842826E+01    0.285746264E+01
    0.500000000E+02    0.500000000E+00    0.283634663E+00    0.170842886E+01    0.285746360E+01
    0.500000000E+02    0.500000000E+00    0.289436400E+00    0.171412122E+01    0.286596346E+01
    0.500000000E+02    0.500000000E+00    0.289436966E+00    0.171412182E+01    0.286596441E+01
    0.500000000E+02    0.500000000E+00    0.295357317E+00    0.171977890E+01    0.287435961E+01
    0.500000000E+02    0.500000000E+00    0.295357913E+00    0.171977949E+01    0.287436056E+01
    0.500000000E+02    0.500000000E+00    0.301399261E+00    0.172539151E+01    0.288264084E+01
    0.500000000E+02    0.500000000E+00    0.301399857E+00    0.172539210E+01    0.288264155E+01
    0.500000000E+02    0.500000000E+00    0.307564735E+00    0.173094869E+01    0.289079523E+01
    0.500000000E+02    0.500000000E+00    0.307565361E+00    0.173094928E+01    0.289079595E+01
    0.500000000E+02    0.500000000E+00    0.313856244E+00    0.173643959E+01    0.289881158E+01
    0.500000000E+02    0.500000000E+00    0.313856870E+00    0.173644018E+01    0.289881229E+01
    0.500000000E+02    0.500000000E+00    0.320276320E+00    0.174185228E+01    0.290667796E+01
    0.500000000E+02    0.500000000E+00    0.320276976E+00    0.174185288E+01    0.290667868E+01
    0.500000000E+02    0.500000000E+00    0.326827675E+00    0.174717486E+01    0.291438150E+01
    0.500000000E+02    0.500000000E+00    0.326828331E+00    0.174717546E+01    0.291438222E+01
    0.500000000E+02    0.500000000E+00    0.333512962E+00    0.175239432E+01    0.292190933E+01
    0.500000000E+02    0.500000000E+00    0.333513618E+00    0.175239480E+01    0.292191005E+01
    0.500000000E+02    0.500000000E+00    0.340334862E+00    0.175749707E+01    0.292924786E+01
    0.500000000E+02    0.500000000E+00    0.340335548E+00    0.175749755E+01    0.292924857E+01
    0.500000000E+02    0.500000000E+00    0.347296268E+00    0.176246941E+01    0.293638325E+01
    0.500000000E+02    0.500000000E+00    0.347296953E+00    0.176246989E+01    0.293638396E+01
    0.500000000E+02    0.500000000E+00    0.354399920E+00    0.176729655E+01    0.294330120E+01
    0.500000000E+02    0.500000000E+00    0.354400635E+00    0.176729703E+01    0.294330192E+01
    0.500000000E+02    0.500000000E+00    0.361648828E+00    0.177196383E+01    0.294998717E+01
    0.500000000E+02    0.500000000E+00    0.361649543E+00    0.177196431E+01    0.294998789E+01
    0.500000000E+02    0.500000000E+00    0.369045883E+00    0.177645552E+01    0.295642567E+01
    0.500000000E+02    0.500000000E+00    0.369046628E+00    0.177645600E+01    0.295642638E+01
    0.500000000E+02    0.500000000E+00    0.376594186E+00    0.178075576E+01    0.296260166E+01
    0.500000000E+02    0.500000000E+00    0.376594931E+00    0.178075624E+01    0.296260238E+01
    0.500000000E+02    0.500000000E+00    0.384296775E+00    0.178484845E+01    0.296849942E+01
    0.500000000E+02    0.500000000E+00    0.384297550E+00    0.178484893E+01    0.296850014E+01
    0.500000000E+02    0.500000000E+00    0.392156810E+00    0.178871691E+01    0.297410297E+01
    0.500000000E+02    0.500000000E+00    0.392157584E+00    0.178871727E+01    0.297410345E+01
    0.500000000E+02    0.500000000E+00    0.400177509E+00    0.179234397E+01    0.297939539E+01
    0.500000000E+02    0.500000000E+00    0.400178313E+00    0.179234433E+01    0.297939587E+01
    0.500000000E+02    0.500000000E+00    0.408362210E+00    0.179571223E+01    0.298436069E+01
    0.500000000E+02    0.500000000E+00    0.408363014E+00    0.179571259E+01    0.298436117E+01
    0.500000000E+02    0.500000000E+00    0.416714191E+00    0.179880393E+01    0.298898172E+01
    0.500000000E+02    0.500000000E+00    0.416715026E+00    0.179880428E+01    0.298898220E+01
    0.500000000E+02    0.500000000E+00    0.425236881E+00    0.180160069E+01    0.299324107E+01
    0.500000000E+02    0.500000000E+00    0.425237745E+00    0.180160105E+01    0.299324155E+01
    0.500000000E+02    0.500000000E+00    0.433933824E+00    0.180408370E+01    0.299712086E+01
    0.500000000E+02    0.500000000E+00    0.433934689E+00    0.180408394E+01    0.299712133E+01
    0.500000000E+02    0.500000000E+00    0.442808509E+00    0.180623281E+01    0.300060248E+01
    0.500000000E+02    0.500000000E+00    0.442809403E+00    0.180623305E+01    0.300060296E+01
    0.500000000E+02    0.500000000E+00    0.451864660E+00    0.180802703E+01    0.300366616E+01
    0.500000000E+02    0.500000000E+00    0.451865554E+00    0.180802727E+01    0.300366640E+01
    0.500000000E+02    0.500000000E+00    0.461105913E+00    0.180944359E+01    0.300629044E+01
    0.500000000E+02    0.500000000E+00    0.461106837E+00    0.180944371E+01    0.300629067E+01
    0.500000000E+02    0.500000000E+00    0.470536053E+00    0.181045663E+01    0.300845242E+01
    0.500000000E+02    0.500000000E+00    0.470537007E+00    0.181045675E+01    0.300845265E+01
    0.500000000E+02    0.500000000E+00    0.480159014E+00    0.181103408E+01    0.301012421E+01
    0.500000000E+02    0.500000000E+00    0.480159968E+00    0.181103420E+01    0.301012444E+01
    0.500000000E+02    0.500000000E+00    0.489978641E+00    0.181112421E+01    0.301125669E+01
    0.500000000E+02    0.500000000E+00    0.489979625E+00    0.181112421E+01    0.301125693E+01
    0.500000000E+02    0.500000000E+00    0.499998987E+00    0.181101024E+01    0.301175046E+01
    0.500000000E+02    0.500000000E+00    0.500000000E+00    0.181101024E+01    0.301175046E+01
