VARIABLES = "X","Y","Z","mut"
ZONE T="CFL3D, grid 1"
 1.207912207E+00 -1.250000000E-01 0.000000000E+00 0.000000000E+00
 1.207912207E+00 -1.250000000E-01 4.999999987E-07 1.512956094E-09
 1.207912207E+00 -1.250000000E-01 1.000203383E-06 1.303702213E-08
 1.207912207E+00 -1.250000000E-01 1.500813596E-06 5.595329355E-08
 1.207912207E+00 -1.250000000E-01 2.002034307E-06 1.660247193E-07
 1.207912207E+00 -1.250000000E-01 2.504069471E-06 3.937186648E-07
 1.207912207E+00 -1.250000000E-01 3.007123041E-06 8.046098969E-07
 1.207912207E+00 -1.250000000E-01 3.511400109E-06 1.479904768E-06
 1.207912207E+00 -1.250000000E-01 4.017105312E-06 2.517087296E-06
 1.207912207E+00 -1.250000000E-01 4.524444648E-06 4.030695436E-06
 1.207912207E+00 -1.250000000E-01 5.033624348E-06 6.153230970E-06
 1.207912207E+00 -1.250000000E-01 5.544851319E-06 9.036206393E-06
 1.207912207E+00 -1.250000000E-01 6.058334293E-06 1.285134476E-05
 1.207912207E+00 -1.250000000E-01 6.574281088E-06 1.779191371E-05
 1.207912207E+00 -1.250000000E-01 7.092902251E-06 2.407425927E-05
 1.207912207E+00 -1.250000000E-01 7.614408787E-06 3.193948214E-05
 1.207912207E+00 -1.250000000E-01 8.139012607E-06 4.165530117E-05
 1.207912207E+00 -1.250000000E-01 8.666926988E-06 5.351812797E-05
 1.207912207E+00 -1.250000000E-01 9.198367479E-06 6.785536243E-05
 1.207912207E+00 -1.250000000E-01 9.733548723E-06 8.502779383E-05
 1.207912207E+00 -1.250000000E-01 1.027268991E-05 1.054325257E-04
 1.207912207E+00 -1.250000000E-01 1.081600931E-05 1.295057882E-04
 1.207912207E+00 -1.250000000E-01 1.136372885E-05 1.577263611E-04
 1.207912207E+00 -1.250000000E-01 1.191607043E-05 1.906190300E-04
 1.207912207E+00 -1.250000000E-01 1.247325872E-05 2.287585521E-04
 1.207912207E+00 -1.250000000E-01 1.303552108E-05 2.727739629E-04
 1.207912207E+00 -1.250000000E-01 1.360308670E-05 3.233531024E-04
 1.207912207E+00 -1.250000000E-01 1.417618478E-05 3.812475188E-04
 1.207912207E+00 -1.250000000E-01 1.475504905E-05 4.472782311E-04
 1.207912207E+00 -1.250000000E-01 1.533991599E-05 5.223416374E-04
 1.207912207E+00 -1.250000000E-01 1.593102206E-05 6.074152188E-04
 1.207912207E+00 -1.250000000E-01 1.652860919E-05 7.035657763E-04
 1.207912207E+00 -1.250000000E-01 1.713291931E-05 8.119559498E-04
 1.207912207E+00 -1.250000000E-01 1.774419979E-05 9.338530363E-04
 1.207912207E+00 -1.250000000E-01 1.836269621E-05 1.070636790E-03
 1.207912207E+00 -1.250000000E-01 1.898866321E-05 1.223811065E-03
 1.207912207E+00 -1.250000000E-01 1.962235365E-05 1.395012136E-03
 1.207912207E+00 -1.250000000E-01 2.026402581E-05 1.586021157E-03
 1.207912207E+00 -1.250000000E-01 2.091394163E-05 1.798776444E-03
 1.207912207E+00 -1.250000000E-01 2.157236304E-05 2.035384998E-03
 1.207912207E+00 -1.250000000E-01 2.223956108E-05 2.298139734E-03
 1.207912207E+00 -1.250000000E-01 2.291580495E-05 2.589531476E-03
 1.207912207E+00 -1.250000000E-01 2.360136932E-05 2.912268043E-03
 1.207912207E+00 -1.250000000E-01 2.429653614E-05 3.269293346E-03
 1.207912207E+00 -1.250000000E-01 2.500158553E-05 3.663801821E-03
 1.207912207E+00 -1.250000000E-01 2.571680307E-05 4.099262878E-03
 1.207912207E+00 -1.250000000E-01 2.644248343E-05 4.579445813E-03
 1.207912207E+00 -1.250000000E-01 2.717891948E-05 5.108438432E-03
 1.207912207E+00 -1.250000000E-01 2.792640953E-05 5.690677091E-03
 1.207912207E+00 -1.250000000E-01 2.868526099E-05 6.330976728E-03
 1.207912207E+00 -1.250000000E-01 2.945577944E-05 7.034554612E-03
 1.207912207E+00 -1.250000000E-01 3.023828140E-05 7.807072252E-03
 1.207912207E+00 -1.250000000E-01 3.103308336E-05 8.654661477E-03
 1.207912207E+00 -1.250000000E-01 3.184050729E-05 9.583964944E-03
 1.207912207E+00 -1.250000000E-01 3.266088243E-05 1.060218364E-02
 1.207912207E+00 -1.250000000E-01 3.349454346E-05 1.171711460E-02
 1.207912207E+00 -1.250000000E-01 3.434183236E-05 1.293720212E-02
 1.207912207E+00 -1.250000000E-01 3.520308746E-05 1.427157130E-02
 1.207912207E+00 -1.250000000E-01 3.607866165E-05 1.573010907E-02
 1.207912207E+00 -1.250000000E-01 3.696891145E-05 1.732349955E-02
 1.207912207E+00 -1.250000000E-01 3.787420064E-05 1.906330325E-02
 1.207912207E+00 -1.250000000E-01 3.879489668E-05 2.096200734E-02
 1.207912207E+00 -1.250000000E-01 3.973137063E-05 2.303309739E-02
 1.207912207E+00 -1.250000000E-01 4.068400813E-05 2.529115416E-02
 1.207912207E+00 -1.250000000E-01 4.165319478E-05 2.775190212E-02
 1.207912207E+00 -1.250000000E-01 4.263932351E-05 3.043231182E-02
 1.207912207E+00 -1.250000000E-01 4.364279812E-05 3.335070238E-02
 1.207912207E+00 -1.250000000E-01 4.466402606E-05 3.652680293E-02
 1.207912207E+00 -1.250000000E-01 4.570341844E-05 3.998186812E-02
 1.207912207E+00 -1.250000000E-01 4.676140452E-05 4.373882711E-02
 1.207912207E+00 -1.250000000E-01 4.783841359E-05 4.782233760E-02
 1.207912207E+00 -1.250000000E-01 4.893487858E-05 5.225890502E-02
 1.207912207E+00 -1.250000000E-01 5.005125058E-05 5.707707629E-02
 1.207912207E+00 -1.250000000E-01 5.118798072E-05 6.230749190E-02
 1.207912207E+00 -1.250000000E-01 5.234553100E-05 6.798306108E-02
 1.207912207E+00 -1.250000000E-01 5.352437802E-05 7.413914800E-02
 1.207912207E+00 -1.250000000E-01 5.472499470E-05 8.081359416E-02
 1.207912207E+00 -1.250000000E-01 5.594787217E-05 8.804700524E-02
 1.207912207E+00 -1.250000000E-01 5.719350884E-05 9.588284791E-02
 1.207912207E+00 -1.250000000E-01 5.846241038E-05 1.043676287E-01
 1.207912207E+00 -1.250000000E-01 5.975508975E-05 1.135510281E-01
 1.207912207E+00 -1.250000000E-01 6.107207446E-05 1.234861314E-01
 1.207912207E+00 -1.250000000E-01 6.241390656E-05 1.342295855E-01
 1.207912207E+00 -1.250000000E-01 6.378112448E-05 1.458416879E-01
 1.207912207E+00 -1.250000000E-01 6.517428847E-05 1.583867371E-01
 1.207912207E+00 -1.250000000E-01 6.659396604E-05 1.719330549E-01
 1.207912207E+00 -1.250000000E-01 6.804072473E-05 1.865530014E-01
 1.207912207E+00 -1.250000000E-01 6.951516116E-05 2.023236454E-01
 1.207912207E+00 -1.250000000E-01 7.101787924E-05 2.193265110E-01
 1.207912207E+00 -1.250000000E-01 7.254948287E-05 2.376476377E-01
 1.207912207E+00 -1.250000000E-01 7.411059778E-05 2.573780715E-01
 1.207912207E+00 -1.250000000E-01 7.570186426E-05 2.786138058E-01
 1.207912207E+00 -1.250000000E-01 7.732391532E-05 3.014555871E-01
 1.207912207E+00 -1.250000000E-01 7.897742034E-05 3.260095417E-01
 1.207912207E+00 -1.250000000E-01 8.066305600E-05 3.523868918E-01
 1.207912207E+00 -1.250000000E-01 8.238149894E-05 3.807038367E-01
 1.207912207E+00 -1.250000000E-01 8.413345495E-05 4.110819399E-01
 1.207912207E+00 -1.250000000E-01 8.591963706E-05 4.436475933E-01
 1.207912207E+00 -1.250000000E-01 8.774075832E-05 4.785319865E-01
 1.207912207E+00 -1.250000000E-01 8.959758270E-05 5.158717036E-01
 1.207912207E+00 -1.250000000E-01 9.149084508E-05 5.558070540E-01
 1.207912207E+00 -1.250000000E-01 9.342132398E-05 5.984832644E-01
 1.207912207E+00 -1.250000000E-01 9.538980521E-05 6.440492272E-01
 1.207912207E+00 -1.250000000E-01 9.739708912E-05 6.926574707E-01
 1.207912207E+00 -1.250000000E-01 9.944399062E-05 7.444634438E-01
 1.207912207E+00 -1.250000000E-01 1.015313392E-04 7.996254563E-01
 1.207912207E+00 -1.250000000E-01 1.036599933E-04 8.583037257E-01
 1.207912207E+00 -1.250000000E-01 1.058308117E-04 9.206594825E-01
 1.207912207E+00 -1.250000000E-01 1.080446746E-04 9.868546128E-01
 1.207912207E+00 -1.250000000E-01 1.103024915E-04 1.057051182E+00
 1.207912207E+00 -1.250000000E-01 1.126051793E-04 1.131409764E+00
 1.207912207E+00 -1.250000000E-01 1.149536620E-04 1.210088491E+00
 1.207912207E+00 -1.250000000E-01 1.173489145E-04 1.293244004E+00
 1.207912207E+00 -1.250000000E-01 1.197918973E-04 1.381027460E+00
 1.207912207E+00 -1.250000000E-01 1.222835999E-04 1.473585367E+00
 1.207912207E+00 -1.250000000E-01 1.248250628E-04 1.571060061E+00
 1.207912207E+00 -1.250000000E-01 1.274172828E-04 1.673583746E+00
 1.207912207E+00 -1.250000000E-01 1.300613367E-04 1.781283259E+00
 1.207912207E+00 -1.250000000E-01 1.327583013E-04 1.894275665E+00
 1.207912207E+00 -1.250000000E-01 1.355092681E-04 2.012668133E+00
 1.207912207E+00 -1.250000000E-01 1.383153576E-04 2.136556864E+00
 1.207912207E+00 -1.250000000E-01 1.411777048E-04 2.266026974E+00
 1.207912207E+00 -1.250000000E-01 1.440974738E-04 2.401150942E+00
 1.207912207E+00 -1.250000000E-01 1.470758725E-04 2.541990280E+00
 1.207912207E+00 -1.250000000E-01 1.501140796E-04 2.688590527E+00
 1.207912207E+00 -1.250000000E-01 1.532133610E-04 2.840986967E+00
 1.207912207E+00 -1.250000000E-01 1.563749538E-04 2.999199390E+00
 1.207912207E+00 -1.250000000E-01 1.596001675E-04 3.163235188E+00
 1.207912207E+00 -1.250000000E-01 1.628902974E-04 3.333087921E+00
 1.207912207E+00 -1.250000000E-01 1.662466966E-04 3.508738995E+00
 1.207912207E+00 -1.250000000E-01 1.696707041E-04 3.690155506E+00
 1.207912207E+00 -1.250000000E-01 1.731637312E-04 3.877295732E+00
 1.207912207E+00 -1.250000000E-01 1.767272042E-04 4.070106030E+00
 1.207912207E+00 -1.250000000E-01 1.803625637E-04 4.268521786E+00
 1.207912207E+00 -1.250000000E-01 1.840712794E-04 4.472469807E+00
 1.207912207E+00 -1.250000000E-01 1.878548792E-04 4.681869984E+00
 1.207912207E+00 -1.250000000E-01 1.917148911E-04 4.896635532E+00
 1.207912207E+00 -1.250000000E-01 1.956528868E-04 5.116673946E+00
 1.207912207E+00 -1.250000000E-01 1.996704668E-04 5.341888428E+00
 1.207912207E+00 -1.250000000E-01 2.037692757E-04 5.572180748E+00
 1.207912207E+00 -1.250000000E-01 2.079509577E-04 5.807449818E+00
 1.207912207E+00 -1.250000000E-01 2.122172300E-04 6.047596455E+00
 1.207912207E+00 -1.250000000E-01 2.165698388E-04 6.292521954E+00
 1.207912207E+00 -1.250000000E-01 2.210105304E-04 6.542129517E+00
 1.207912207E+00 -1.250000000E-01 2.255411237E-04 6.796326637E+00
 1.207912207E+00 -1.250000000E-01 2.301634668E-04 7.055026054E+00
 1.207912207E+00 -1.250000000E-01 2.348794369E-04 7.318144798E+00
 1.207912207E+00 -1.250000000E-01 2.396909404E-04 7.585607529E+00
 1.207912207E+00 -1.250000000E-01 2.445999417E-04 7.857346535E+00
 1.207912207E+00 -1.250000000E-01 2.496084489E-04 8.133302689E+00
 1.207912207E+00 -1.250000000E-01 2.547184704E-04 8.413422585E+00
 1.207912207E+00 -1.250000000E-01 2.599321306E-04 8.697667122E+00
 1.207912207E+00 -1.250000000E-01 2.652514959E-04 8.986000061E+00
 1.207912207E+00 -1.250000000E-01 2.706787782E-04 9.278401375E+00
 1.207912207E+00 -1.250000000E-01 2.762161603E-04 9.574857712E+00
 1.207912207E+00 -1.250000000E-01 2.818659123E-04 9.875367165E+00
 1.207912207E+00 -1.250000000E-01 2.876303042E-04 1.017993355E+01
 1.207912207E+00 -1.250000000E-01 2.935116936E-04 1.048857689E+01
 1.207912207E+00 -1.250000000E-01 2.995124669E-04 1.080132484E+01
 1.207912207E+00 -1.250000000E-01 3.056350979E-04 1.111821365E+01
 1.207912207E+00 -1.250000000E-01 3.118820314E-04 1.143929100E+01
 1.207912207E+00 -1.250000000E-01 3.182558285E-04 1.176461124E+01
 1.207912207E+00 -1.250000000E-01 3.247591085E-04 1.209424305E+01
 1.207912207E+00 -1.250000000E-01 3.313944617E-04 1.242825699E+01
 1.207912207E+00 -1.250000000E-01 3.381646238E-04 1.276673889E+01
 1.207912207E+00 -1.250000000E-01 3.450723598E-04 1.310977936E+01
 1.207912207E+00 -1.250000000E-01 3.521204344E-04 1.345747471E+01
 1.207912207E+00 -1.250000000E-01 3.593117581E-04 1.380993366E+01
 1.207912207E+00 -1.250000000E-01 3.666492412E-04 1.416726971E+01
 1.207912207E+00 -1.250000000E-01 3.741358523E-04 1.452960300E+01
 1.207912207E+00 -1.250000000E-01 3.817746765E-04 1.489706135E+01
 1.207912207E+00 -1.250000000E-01 3.895687696E-04 1.526977825E+01
 1.207912207E+00 -1.250000000E-01 3.975213331E-04 1.564789295E+01
 1.207912207E+00 -1.250000000E-01 4.056355974E-04 1.603155136E+01
 1.207912207E+00 -1.250000000E-01 4.139148805E-04 1.642090797E+01
 1.207912207E+00 -1.250000000E-01 4.223625001E-04 1.681611252E+01
 1.207912207E+00 -1.250000000E-01 4.309819487E-04 1.721733093E+01
 1.207912207E+00 -1.250000000E-01 4.397767188E-04 1.762472916E+01
 1.207912207E+00 -1.250000000E-01 4.487503611E-04 1.803847694E+01
 1.207912207E+00 -1.250000000E-01 4.579065426E-04 1.845875359E+01
 1.207912207E+00 -1.250000000E-01 4.672489886E-04 1.888573456E+01
 1.207912207E+00 -1.250000000E-01 4.767814826E-04 1.931960678E+01
 1.207912207E+00 -1.250000000E-01 4.865079245E-04 1.976055908E+01
 1.207912207E+00 -1.250000000E-01 4.964323016E-04 2.020878410E+01
 1.207912207E+00 -1.250000000E-01 5.065585719E-04 2.066447258E+01
 1.207912207E+00 -1.250000000E-01 5.168908974E-04 2.112783241E+01
 1.207912207E+00 -1.250000000E-01 5.274334690E-04 2.159906387E+01
 1.207912207E+00 -1.250000000E-01 5.381905939E-04 2.207837677E+01
 1.207912207E+00 -1.250000000E-01 5.491666379E-04 2.256597900E+01
 1.207912207E+00 -1.250000000E-01 5.603660829E-04 2.306208992E+01
 1.207912207E+00 -1.250000000E-01 5.717934691E-04 2.356692696E+01
 1.207912207E+00 -1.250000000E-01 5.834534531E-04 2.408071136E+01
 1.207912207E+00 -1.250000000E-01 5.953507498E-04 2.460367012E+01
 1.207912207E+00 -1.250000000E-01 6.074902485E-04 2.513603401E+01
 1.207912207E+00 -1.250000000E-01 6.198768388E-04 2.567803192E+01
 1.207912207E+00 -1.250000000E-01 6.325155264E-04 2.622990608E+01
 1.207912207E+00 -1.250000000E-01 6.454115501E-04 2.679189301E+01
 1.207912207E+00 -1.250000000E-01 6.585700903E-04 2.736423683E+01
 1.207912207E+00 -1.250000000E-01 6.719965604E-04 2.794718933E+01
 1.207912207E+00 -1.250000000E-01 6.856963155E-04 2.854099464E+01
 1.207912207E+00 -1.250000000E-01 6.996750599E-04 2.914591599E+01
 1.207912207E+00 -1.250000000E-01 7.139383815E-04 2.976220512E+01
 1.207912207E+00 -1.250000000E-01 7.284921012E-04 3.039012718E+01
 1.207912207E+00 -1.250000000E-01 7.433421561E-04 3.102994728E+01
 1.207912207E+00 -1.250000000E-01 7.584945997E-04 3.168193626E+01
 1.207912207E+00 -1.250000000E-01 7.739555440E-04 3.234636307E+01
 1.207912207E+00 -1.250000000E-01 7.897313335E-04 3.302350998E+01
 1.207912207E+00 -1.250000000E-01 8.058283711E-04 3.371365356E+01
 1.207912207E+00 -1.250000000E-01 8.222531760E-04 3.441707611E+01
 1.207912207E+00 -1.250000000E-01 8.390124422E-04 3.513406754E+01
 1.207912207E+00 -1.250000000E-01 8.561130380E-04 3.586491776E+01
 1.207912207E+00 -1.250000000E-01 8.735618321E-04 3.660992050E+01
 1.207912207E+00 -1.250000000E-01 8.913659840E-04 3.736937332E+01
 1.207912207E+00 -1.250000000E-01 9.095327114E-04 3.814357758E+01
 1.207912207E+00 -1.250000000E-01 9.280694067E-04 3.893283463E+01
 1.207912207E+00 -1.250000000E-01 9.469836368E-04 3.973745346E+01
 1.207912207E+00 -1.250000000E-01 9.662830271E-04 4.055773926E+01
 1.207912207E+00 -1.250000000E-01 9.859754937E-04 4.139401245E+01
 1.207912207E+00 -1.250000000E-01 1.006069011E-03 4.224657822E+01
 1.207912207E+00 -1.250000000E-01 1.026571845E-03 4.311576080E+01
 1.207912207E+00 -1.250000000E-01 1.047492144E-03 4.400186920E+01
 1.207912207E+00 -1.250000000E-01 1.068838639E-03 4.490523529E+01
 1.207912207E+00 -1.250000000E-01 1.090619829E-03 4.582617569E+01
 1.207912207E+00 -1.250000000E-01 1.112844679E-03 4.676501465E+01
 1.207912207E+00 -1.250000000E-01 1.135522267E-03 4.772207260E+01
 1.207912207E+00 -1.250000000E-01 1.158661675E-03 4.869768143E+01
 1.207912207E+00 -1.250000000E-01 1.182272448E-03 4.969215775E+01
 1.207912207E+00 -1.250000000E-01 1.206364017E-03 5.070582581E+01
 1.207912207E+00 -1.250000000E-01 1.230946393E-03 5.173901749E+01
 1.207912207E+00 -1.250000000E-01 1.256029471E-03 5.279204559E+01
 1.207912207E+00 -1.250000000E-01 1.281623496E-03 5.386523438E+01
 1.207912207E+00 -1.250000000E-01 1.307738828E-03 5.495890045E+01
 1.207912207E+00 -1.250000000E-01 1.334386063E-03 5.607335663E+01
 1.207912207E+00 -1.250000000E-01 1.361576142E-03 5.720891571E+01
 1.207912207E+00 -1.250000000E-01 1.389320125E-03 5.836588287E+01
 1.207912207E+00 -1.250000000E-01 1.417629072E-03 5.954454422E+01
 1.207912207E+00 -1.250000000E-01 1.446514856E-03 6.074521637E+01
 1.207912207E+00 -1.250000000E-01 1.475988887E-03 6.196817017E+01
 1.207912207E+00 -1.250000000E-01 1.506063389E-03 6.321369171E+01
 1.207912207E+00 -1.250000000E-01 1.536750467E-03 6.448204803E+01
 1.207912207E+00 -1.250000000E-01 1.568062697E-03 6.577349854E+01
 1.207912207E+00 -1.250000000E-01 1.600012765E-03 6.708828735E+01
 1.207912207E+00 -1.250000000E-01 1.632613712E-03 6.842666626E+01
 1.207912207E+00 -1.250000000E-01 1.665878692E-03 6.978884125E+01
 1.207912207E+00 -1.250000000E-01 1.699821325E-03 7.117502594E+01
 1.207912207E+00 -1.250000000E-01 1.734455349E-03 7.258541107E+01
 1.207912207E+00 -1.250000000E-01 1.769794966E-03 7.402017975E+01
 1.207912207E+00 -1.250000000E-01 1.805854496E-03 7.547949219E+01
 1.207912207E+00 -1.250000000E-01 1.842648489E-03 7.696347809E+01
 1.207912207E+00 -1.250000000E-01 1.880192081E-03 7.847225952E+01
 1.207912207E+00 -1.250000000E-01 1.918500522E-03 8.000594330E+01
 1.207912207E+00 -1.250000000E-01 1.957589295E-03 8.156458282E+01
 1.207912207E+00 -1.250000000E-01 1.997474348E-03 8.314823151E+01
 1.207912207E+00 -1.250000000E-01 2.038171981E-03 8.475691986E+01
 1.207912207E+00 -1.250000000E-01 2.079698723E-03 8.639064026E+01
 1.207912207E+00 -1.250000000E-01 2.122071339E-03 8.804935455E+01
 1.207912207E+00 -1.250000000E-01 2.165307058E-03 8.973298645E+01
 1.207912207E+00 -1.250000000E-01 2.209423808E-03 9.144147491E+01
 1.207912207E+00 -1.250000000E-01 2.254439052E-03 9.317465210E+01
 1.207912207E+00 -1.250000000E-01 2.300371416E-03 9.493238831E+01
 1.207912207E+00 -1.250000000E-01 2.347239526E-03 9.671446991E+01
 1.207912207E+00 -1.250000000E-01 2.395062475E-03 9.852068329E+01
 1.207912207E+00 -1.250000000E-01 2.443859586E-03 1.003507309E+02
 1.207912207E+00 -1.250000000E-01 2.493650885E-03 1.022043304E+02
 1.207912207E+00 -1.250000000E-01 2.544456394E-03 1.040811310E+02
 1.207912207E+00 -1.250000000E-01 2.596297069E-03 1.059807434E+02
 1.207912207E+00 -1.250000000E-01 2.649193862E-03 1.079027481E+02
 1.207912207E+00 -1.250000000E-01 2.703167964E-03 1.098466644E+02
 1.207912207E+00 -1.250000000E-01 2.758241957E-03 1.118120041E+02
 1.207912207E+00 -1.250000000E-01 2.814437728E-03 1.137982025E+02
 1.207912207E+00 -1.250000000E-01 2.871778561E-03 1.158046722E+02
 1.207912207E+00 -1.250000000E-01 2.930287272E-03 1.178307571E+02
 1.207912207E+00 -1.250000000E-01 2.989988076E-03 1.198757935E+02
 1.207912207E+00 -1.250000000E-01 3.050905187E-03 1.219390488E+02
 1.207912207E+00 -1.250000000E-01 3.113063052E-03 1.240197372E+02
 1.207912207E+00 -1.250000000E-01 3.176487517E-03 1.261170578E+02
 1.207912207E+00 -1.250000000E-01 3.241203958E-03 1.282301178E+02
 1.207912207E+00 -1.250000000E-01 3.307238920E-03 1.303580322E+02
 1.207912207E+00 -1.250000000E-01 3.374618944E-03 1.324998016E+02
 1.207912207E+00 -1.250000000E-01 3.443371970E-03 1.346544342E+02
 1.207912207E+00 -1.250000000E-01 3.513525473E-03 1.368208618E+02
 1.207912207E+00 -1.250000000E-01 3.585108090E-03 1.389979401E+02
 1.207912207E+00 -1.250000000E-01 3.658149159E-03 1.411845551E+02
 1.207912207E+00 -1.250000000E-01 3.732678248E-03 1.433794403E+02
 1.207912207E+00 -1.250000000E-01 3.808725858E-03 1.455813446E+02
 1.207912207E+00 -1.250000000E-01 3.886322491E-03 1.477889099E+02
 1.207912207E+00 -1.250000000E-01 3.965499811E-03 1.500007324E+02
 1.207912207E+00 -1.250000000E-01 4.046290647E-03 1.522153778E+02
 1.207912207E+00 -1.250000000E-01 4.128727131E-03 1.544313354E+02
 1.207912207E+00 -1.250000000E-01 4.212843254E-03 1.566470032E+02
 1.207912207E+00 -1.250000000E-01 4.298672546E-03 1.588607330E+02
 1.207912207E+00 -1.250000000E-01 4.386250861E-03 1.610708313E+02
 1.207912207E+00 -1.250000000E-01 4.475613125E-03 1.632754822E+02
 1.207912207E+00 -1.250000000E-01 4.566796124E-03 1.654728241E+02
 1.207912207E+00 -1.250000000E-01 4.659837112E-03 1.676609344E+02
 1.207912207E+00 -1.250000000E-01 4.754772875E-03 1.698377533E+02
 1.207912207E+00 -1.250000000E-01 4.851642996E-03 1.720012054E+02
 1.207912207E+00 -1.250000000E-01 4.950487055E-03 1.741490936E+02
 1.207912207E+00 -1.250000000E-01 5.051344167E-03 1.762791290E+02
 1.207912207E+00 -1.250000000E-01 5.154256243E-03 1.783889313E+02
 1.207912207E+00 -1.250000000E-01 5.259265192E-03 1.804760437E+02
 1.207912207E+00 -1.250000000E-01 5.366413388E-03 1.825378876E+02
 1.207912207E+00 -1.250000000E-01 5.475744139E-03 1.845717926E+02
 1.207912207E+00 -1.250000000E-01 5.587302614E-03 1.865749817E+02
 1.207912207E+00 -1.250000000E-01 5.701133516E-03 1.885445404E+02
 1.207912207E+00 -1.250000000E-01 5.817283876E-03 1.904775085E+02
 1.207912207E+00 -1.250000000E-01 5.935800262E-03 1.923707275E+02
 1.207912207E+00 -1.250000000E-01 6.056731101E-03 1.942209625E+02
 1.207912207E+00 -1.250000000E-01 6.180125754E-03 1.960248413E+02
 1.207912207E+00 -1.250000000E-01 6.306034513E-03 1.977788849E+02
 1.207912207E+00 -1.250000000E-01 6.434508134E-03 1.994794464E+02
 1.207912207E+00 -1.250000000E-01 6.565599237E-03 2.011227570E+02
 1.207912207E+00 -1.250000000E-01 6.699360907E-03 2.027049408E+02
 1.207912207E+00 -1.250000000E-01 6.835847627E-03 2.042219238E+02
 1.207912207E+00 -1.250000000E-01 6.975115277E-03 2.056695404E+02
 1.207912207E+00 -1.250000000E-01 7.117220201E-03 2.070434265E+02
 1.207912207E+00 -1.250000000E-01 7.262219675E-03 2.083390961E+02
 1.207912207E+00 -1.250000000E-01 7.410173770E-03 2.095518951E+02
 1.207912207E+00 -1.250000000E-01 7.561142091E-03 2.106770325E+02
 1.207912207E+00 -1.250000000E-01 7.715185639E-03 2.117095032E+02
 1.207912207E+00 -1.250000000E-01 7.872368209E-03 2.126442108E+02
 1.207912207E+00 -1.250000000E-01 8.032752201E-03 2.134758301E+02
 1.207912207E+00 -1.250000000E-01 8.196404204E-03 2.141988983E+02
 1.207912207E+00 -1.250000000E-01 8.363390341E-03 2.148077698E+02
 1.207912207E+00 -1.250000000E-01 8.533777669E-03 2.152966614E+02
 1.207912207E+00 -1.250000000E-01 8.707636967E-03 2.156595764E+02
 1.207912207E+00 -1.250000000E-01 8.885038085E-03 2.158903503E+02
 1.207912207E+00 -1.250000000E-01 9.066053666E-03 2.159826813E+02
 1.207912207E+00 -1.250000000E-01 9.250756353E-03 2.159300690E+02
 1.207912207E+00 -1.250000000E-01 9.439222515E-03 2.157258606E+02
 1.207912207E+00 -1.250000000E-01 9.631528519E-03 2.153632355E+02
 1.207912207E+00 -1.250000000E-01 9.827752598E-03 2.148352203E+02
 1.207912207E+00 -1.250000000E-01 1.002797298E-02 2.141346893E+02
 1.207912207E+00 -1.250000000E-01 1.023227349E-02 2.132543793E+02
 1.207912207E+00 -1.250000000E-01 1.044073608E-02 2.121868744E+02
 1.207912207E+00 -1.250000000E-01 1.065344550E-02 2.109246521E+02
 1.207912207E+00 -1.250000000E-01 1.087048836E-02 2.094600830E+02
 1.207912207E+00 -1.250000000E-01 1.109195314E-02 2.077854919E+02
 1.207912207E+00 -1.250000000E-01 1.131793018E-02 2.058930511E+02
 1.207912207E+00 -1.250000000E-01 1.154851075E-02 2.037749786E+02
 1.207912207E+00 -1.250000000E-01 1.178378891E-02 2.014234314E+02
 1.207912207E+00 -1.250000000E-01 1.202385966E-02 1.988306122E+02
 1.207912207E+00 -1.250000000E-01 1.226882264E-02 1.959887695E+02
 1.207912207E+00 -1.250000000E-01 1.251877565E-02 1.928902893E+02
 1.207912207E+00 -1.250000000E-01 1.277382020E-02 1.895277405E+02
 1.207912207E+00 -1.250000000E-01 1.303406153E-02 1.858938599E+02
 1.207912207E+00 -1.250000000E-01 1.329960488E-02 1.819817505E+02
 1.207912207E+00 -1.250000000E-01 1.357055828E-02 1.777848816E+02
 1.207912207E+00 -1.250000000E-01 1.384703070E-02 1.732972260E+02
 1.207912207E+00 -1.250000000E-01 1.412913669E-02 1.685133667E+02
 1.207912207E+00 -1.250000000E-01 1.441698987E-02 1.634286041E+02
 1.207912207E+00 -1.250000000E-01 1.471070759E-02 1.580391846E+02
 1.207912207E+00 -1.250000000E-01 1.501040813E-02 1.523424072E+02
 1.207912207E+00 -1.250000000E-01 1.531621534E-02 1.463368378E+02
 1.207912207E+00 -1.250000000E-01 1.562825218E-02 1.400226135E+02
 1.207912207E+00 -1.250000000E-01 1.594664715E-02 1.334016266E+02
 1.207912207E+00 -1.250000000E-01 1.627152786E-02 1.264779510E+02
 1.207912207E+00 -1.250000000E-01 1.660302840E-02 1.192581482E+02
 1.207912207E+00 -1.250000000E-01 1.694128104E-02 1.117518234E+02
 1.207912207E+00 -1.250000000E-01 1.728642732E-02 1.039718933E+02
 1.207912207E+00 -1.250000000E-01 1.763860323E-02 9.593549347E+01
 1.207912207E+00 -1.250000000E-01 1.799795404E-02 8.766436005E+01
 1.207912207E+00 -1.250000000E-01 1.836462691E-02 7.918567657E+01
 1.207912207E+00 -1.250000000E-01 1.873876899E-02 7.053278351E+01
 1.207912207E+00 -1.250000000E-01 1.912053302E-02 6.174584579E+01
 1.207912207E+00 -1.250000000E-01 1.951007545E-02 5.287211609E+01
 1.207912207E+00 -1.250000000E-01 1.990755461E-02 4.396522903E+01
 1.207912207E+00 -1.250000000E-01 2.031313069E-02 3.508306503E+01
 1.207912207E+00 -1.250000000E-01 2.072697133E-02 2.628526115E+01
 1.207912207E+00 -1.250000000E-01 2.114924043E-02 1.763900757E+01
 1.207912207E+00 -1.250000000E-01 2.158011496E-02 9.418066025E+00
 1.207912207E+00 -1.250000000E-01 2.201976627E-02 3.311901093E+00
 1.207912207E+00 -1.250000000E-01 2.246837504E-02 7.433652878E-01
 1.207912207E+00 -1.250000000E-01 2.292612195E-02 2.796896100E-01
 1.207912207E+00 -1.250000000E-01 2.339319512E-02 2.159545422E-01
 1.207912207E+00 -1.250000000E-01 2.386978455E-02 2.057302743E-01
 1.207912207E+00 -1.250000000E-01 2.435608394E-02 2.031534314E-01
 1.207912207E+00 -1.250000000E-01 2.485229075E-02 2.016412765E-01
 1.207912207E+00 -1.250000000E-01 2.535860613E-02 2.007127255E-01
 1.207912207E+00 -1.250000000E-01 2.587523684E-02 2.004360855E-01
 1.207912207E+00 -1.250000000E-01 2.640239149E-02 2.006444335E-01
 1.207912207E+00 -1.250000000E-01 2.694028802E-02 2.010668814E-01
 1.207912207E+00 -1.250000000E-01 2.748914063E-02 2.015013844E-01
 1.207912207E+00 -1.250000000E-01 2.804917656E-02 2.018647790E-01
 1.207912207E+00 -1.250000000E-01 2.862062305E-02 2.021582127E-01
 1.207912207E+00 -1.250000000E-01 2.920371108E-02 2.024134696E-01
 1.207912207E+00 -1.250000000E-01 2.979867719E-02 2.026579380E-01
 1.207912207E+00 -1.250000000E-01 3.040576540E-02 2.029038072E-01
 1.207912207E+00 -1.250000000E-01 3.102522157E-02 2.031518817E-01
 1.207912207E+00 -1.250000000E-01 3.165729716E-02 2.033987939E-01
 1.207912207E+00 -1.250000000E-01 3.230225295E-02 2.036416084E-01
 1.207912207E+00 -1.250000000E-01 3.296034411E-02 2.038791478E-01
 1.207912207E+00 -1.250000000E-01 3.363184631E-02 2.041113675E-01
 1.207912207E+00 -1.250000000E-01 3.431702778E-02 2.043385506E-01
 1.207912207E+00 -1.250000000E-01 3.501616791E-02 2.045607567E-01
 1.207912207E+00 -1.250000000E-01 3.572954983E-02 2.047778219E-01
 1.207912207E+00 -1.250000000E-01 3.645746782E-02 2.049895525E-01
 1.207912207E+00 -1.250000000E-01 3.720021620E-02 2.051957548E-01
 1.207912207E+00 -1.250000000E-01 3.795809299E-02 2.053964138E-01
 1.207912207E+00 -1.250000000E-01 3.873141482E-02 2.055915594E-01
 1.207912207E+00 -1.250000000E-01 3.952048719E-02 2.057813406E-01
 1.207912207E+00 -1.250000000E-01 4.032563791E-02 2.059658617E-01
 1.207912207E+00 -1.250000000E-01 4.114719108E-02 2.061452270E-01
 1.207912207E+00 -1.250000000E-01 4.198548198E-02 2.063195109E-01
 1.207912207E+00 -1.250000000E-01 4.284085333E-02 2.064887583E-01
 1.207912207E+00 -1.250000000E-01 4.371364787E-02 2.066529840E-01
 1.207912207E+00 -1.250000000E-01 4.460422322E-02 2.068121433E-01
 1.207912207E+00 -1.250000000E-01 4.551294446E-02 2.069662511E-01
 1.207912207E+00 -1.250000000E-01 4.644018039E-02 2.071152478E-01
 1.207912207E+00 -1.250000000E-01 4.738630354E-02 2.072591782E-01
 1.207912207E+00 -1.250000000E-01 4.835170507E-02 2.073980868E-01
 1.207912207E+00 -1.250000000E-01 4.933677241E-02 2.075320482E-01
 1.207912207E+00 -1.250000000E-01 5.034191161E-02 2.076612115E-01
 1.207912207E+00 -1.250000000E-01 5.136752501E-02 2.077856958E-01
 1.207912207E+00 -1.250000000E-01 5.241403356E-02 2.079056948E-01
 1.207912207E+00 -1.250000000E-01 5.348186567E-02 2.080213130E-01
 1.207912207E+00 -1.250000000E-01 5.457144976E-02 2.081327140E-01
 1.207912207E+00 -1.250000000E-01 5.568323284E-02 2.082400024E-01
 1.207912207E+00 -1.250000000E-01 5.681766570E-02 2.083432674E-01
 1.207912207E+00 -1.250000000E-01 5.797521025E-02 2.084425837E-01
 1.207912207E+00 -1.250000000E-01 5.915633962E-02 2.085380107E-01
 1.207912207E+00 -1.250000000E-01 6.036153063E-02 2.086296231E-01
 1.207912207E+00 -1.250000000E-01 6.159127504E-02 2.087175101E-01
 1.207912207E+00 -1.250000000E-01 6.284607202E-02 2.088017315E-01
 1.207912207E+00 -1.250000000E-01 6.412643194E-02 2.088824213E-01
 1.207912207E+00 -1.250000000E-01 6.543288380E-02 2.089596838E-01
 1.207912207E+00 -1.250000000E-01 6.676594168E-02 2.090336680E-01
 1.207912207E+00 -1.250000000E-01 6.812616438E-02 2.091045082E-01
 1.207912207E+00 -1.250000000E-01 6.951409578E-02 2.091723084E-01
 1.207912207E+00 -1.250000000E-01 7.093030959E-02 2.092372179E-01
 1.207912207E+00 -1.250000000E-01 7.237536460E-02 2.092993110E-01
 1.207912207E+00 -1.250000000E-01 7.384987175E-02 2.093587071E-01
 1.207912207E+00 -1.250000000E-01 7.535441220E-02 2.094154805E-01
 1.207912207E+00 -1.250000000E-01 7.688960433E-02 2.094697058E-01
 1.207912207E+00 -1.250000000E-01 7.845607400E-02 2.095214725E-01
 1.207912207E+00 -1.250000000E-01 8.005446196E-02 2.095708251E-01
 1.207912207E+00 -1.250000000E-01 8.168540895E-02 2.096178681E-01
 1.207912207E+00 -1.250000000E-01 8.334958553E-02 2.096626610E-01
 1.207912207E+00 -1.250000000E-01 8.504766226E-02 2.097053081E-01
 1.207912207E+00 -1.250000000E-01 8.678033948E-02 2.097458839E-01
 1.207912207E+00 -1.250000000E-01 8.854831010E-02 2.097844779E-01
 1.207912207E+00 -1.250000000E-01 9.035230428E-02 2.098211497E-01
 1.207912207E+00 -1.250000000E-01 9.219304472E-02 2.098559588E-01
 1.207912207E+00 -1.250000000E-01 9.407129139E-02 2.098889947E-01
 1.207912207E+00 -1.250000000E-01 9.598780423E-02 2.099203020E-01
 1.207912207E+00 -1.250000000E-01 9.794336557E-02 2.099499404E-01
 1.207912207E+00 -1.250000000E-01 9.993876517E-02 2.099779546E-01
 1.207912207E+00 -1.250000000E-01 1.019748151E-01 2.100044042E-01
 1.207912207E+00 -1.250000000E-01 1.040523425E-01 2.100293338E-01
 1.207912207E+00 -1.250000000E-01 1.061721966E-01 2.100528181E-01
 1.207912207E+00 -1.250000000E-01 1.083352417E-01 2.100748867E-01
 1.207912207E+00 -1.250000000E-01 1.105423570E-01 2.100955993E-01
 1.207912207E+00 -1.250000000E-01 1.127944291E-01 2.101150155E-01
 1.207912207E+00 -1.250000000E-01 1.150923893E-01 2.101331800E-01
 1.207912207E+00 -1.250000000E-01 1.174371690E-01 2.101501524E-01
 1.207912207E+00 -1.250000000E-01 1.198297068E-01 2.101659626E-01
 1.207912207E+00 -1.250000000E-01 1.222710013E-01 2.101806402E-01
 1.207912207E+00 -1.250000000E-01 1.247620210E-01 2.101942450E-01
 1.207912207E+00 -1.250000000E-01 1.273037940E-01 2.102068216E-01
 1.207912207E+00 -1.250000000E-01 1.298973560E-01 2.102183849E-01
 1.207912207E+00 -1.250000000E-01 1.325437427E-01 2.102289945E-01
 1.207912207E+00 -1.250000000E-01 1.352440566E-01 2.102386653E-01
 1.207912207E+00 -1.250000000E-01 1.379993856E-01 2.102474719E-01
 1.207912207E+00 -1.250000000E-01 1.408108473E-01 2.102554291E-01
 1.207912207E+00 -1.250000000E-01 1.436795741E-01 2.102625668E-01
 1.207912207E+00 -1.250000000E-01 1.466067582E-01 2.102689296E-01
 1.207912207E+00 -1.250000000E-01 1.495935768E-01 2.102745473E-01
 1.207912207E+00 -1.250000000E-01 1.526412368E-01 2.102794647E-01
 1.207912207E+00 -1.250000000E-01 1.557510048E-01 2.102836967E-01
 1.207912207E+00 -1.250000000E-01 1.589241177E-01 2.102872878E-01
 1.207912207E+00 -1.250000000E-01 1.621618718E-01 2.102902532E-01
 1.207912207E+00 -1.250000000E-01 1.654655933E-01 2.102926373E-01
 1.207912207E+00 -1.250000000E-01 1.688366085E-01 2.102944553E-01
 1.207912207E+00 -1.250000000E-01 1.722763181E-01 2.102957517E-01
 1.207912207E+00 -1.250000000E-01 1.757861078E-01 2.102965564E-01
 1.207912207E+00 -1.250000000E-01 1.793673933E-01 2.102968693E-01
 1.207912207E+00 -1.250000000E-01 1.830216348E-01 2.102967650E-01
 1.207912207E+00 -1.250000000E-01 1.867503375E-01 2.102962285E-01
 1.207912207E+00 -1.250000000E-01 1.905549914E-01 2.102953047E-01
 1.207912207E+00 -1.250000000E-01 1.944371611E-01 2.102940232E-01
 1.207912207E+00 -1.250000000E-01 1.983984262E-01 2.102924138E-01
 1.207912207E+00 -1.250000000E-01 2.024403960E-01 2.102904916E-01
 1.207912207E+00 -1.250000000E-01 2.065647095E-01 2.102882862E-01
 1.207912207E+00 -1.250000000E-01 2.107730508E-01 2.102858126E-01
 1.207912207E+00 -1.250000000E-01 2.150671184E-01 2.102831155E-01
 1.207912207E+00 -1.250000000E-01 2.194486856E-01 2.102802098E-01
 1.207912207E+00 -1.250000000E-01 2.239194959E-01 2.102771103E-01
 1.207912207E+00 -1.250000000E-01 2.284814119E-01 2.102738619E-01
 1.207912207E+00 -1.250000000E-01 2.331362516E-01 2.102704644E-01
 1.207912207E+00 -1.250000000E-01 2.378859371E-01 2.102669477E-01
 1.207912207E+00 -1.250000000E-01 2.427323759E-01 2.102633417E-01
 1.207912207E+00 -1.250000000E-01 2.476775646E-01 2.102596611E-01
 1.207912207E+00 -1.250000000E-01 2.527234852E-01 2.102559209E-01
 1.207912207E+00 -1.250000000E-01 2.578722239E-01 2.102521509E-01
 1.207912207E+00 -1.250000000E-01 2.631258368E-01 2.102483660E-01
 1.207912207E+00 -1.250000000E-01 2.684864998E-01 2.102445960E-01
 1.207912207E+00 -1.250000000E-01 2.739563584E-01 2.102408409E-01
 1.207912207E+00 -1.250000000E-01 2.795376778E-01 2.102371156E-01
 1.207912207E+00 -1.250000000E-01 2.852326930E-01 2.102334499E-01
 1.207912207E+00 -1.250000000E-01 2.910437286E-01 2.102298737E-01
 1.207912207E+00 -1.250000000E-01 2.969731688E-01 2.102263719E-01
 1.207912207E+00 -1.250000000E-01 3.030233979E-01 2.102229744E-01
 1.207912207E+00 -1.250000000E-01 3.091968894E-01 2.102196813E-01
 1.207912207E+00 -1.250000000E-01 3.154961467E-01 2.102165371E-01
 1.207912207E+00 -1.250000000E-01 3.219237328E-01 2.102135271E-01
 1.207912207E+00 -1.250000000E-01 3.284822702E-01 2.102106661E-01
 1.207912207E+00 -1.250000000E-01 3.351744413E-01 2.102079690E-01
 1.207912207E+00 -1.250000000E-01 3.420029283E-01 2.102054507E-01
 1.207912207E+00 -1.250000000E-01 3.489705622E-01 2.102030963E-01
 1.207912207E+00 -1.250000000E-01 3.560801148E-01 2.102009505E-01
 1.207912207E+00 -1.250000000E-01 3.633345366E-01 2.101989836E-01
 1.207912207E+00 -1.250000000E-01 3.707367480E-01 2.101972252E-01
 1.207912207E+00 -1.250000000E-01 3.782897592E-01 2.101956755E-01
 1.207912207E+00 -1.250000000E-01 3.859966397E-01 2.101943344E-01
 1.207912207E+00 -1.250000000E-01 3.938605487E-01 2.101932168E-01
 1.207912207E+00 -1.250000000E-01 4.018846452E-01 2.101923078E-01
 1.207912207E+00 -1.250000000E-01 4.100722373E-01 2.101916224E-01
 1.207912207E+00 -1.250000000E-01 4.184266329E-01 2.101911455E-01
 1.207912207E+00 -1.250000000E-01 4.269512296E-01 2.101909071E-01
 1.207912207E+00 -1.250000000E-01 4.356495142E-01 2.101908773E-01
 1.207912207E+00 -1.250000000E-01 4.445249736E-01 2.101910561E-01
 1.207912207E+00 -1.250000000E-01 4.535812736E-01 2.101914734E-01
 1.207912207E+00 -1.250000000E-01 4.628220797E-01 2.101920843E-01
 1.207912207E+00 -1.250000000E-01 4.722511470E-01 2.101929188E-01
 1.207912207E+00 -1.250000000E-01 4.818722904E-01 2.101939470E-01
 1.207912207E+00 -1.250000000E-01 4.916894734E-01 2.101951838E-01
 1.207912207E+00 -1.250000000E-01 5.017066598E-01 2.101966143E-01
 1.207912207E+00 -1.250000000E-01 5.119279027E-01 2.101982236E-01
 1.207912207E+00 -1.250000000E-01 5.223574042E-01 2.102000266E-01
 1.207912207E+00 -1.250000000E-01 5.329993963E-01 2.102020085E-01
 1.207912207E+00 -1.250000000E-01 5.438581705E-01 2.102041692E-01
 1.207912207E+00 -1.250000000E-01 5.549381971E-01 2.102064788E-01
 1.207912207E+00 -1.250000000E-01 5.662439466E-01 2.102089375E-01
 1.207912207E+00 -1.250000000E-01 5.777800083E-01 2.102115601E-01
 1.207912207E+00 -1.250000000E-01 5.895510912E-01 2.102143019E-01
 1.207912207E+00 -1.250000000E-01 6.015620232E-01 2.102171928E-01
 1.207912207E+00 -1.250000000E-01 6.138176322E-01 2.102202028E-01
 1.207912207E+00 -1.250000000E-01 6.263229251E-01 2.102233171E-01
 1.207912207E+00 -1.250000000E-01 6.390829682E-01 2.102265507E-01
 1.207912207E+00 -1.250000000E-01 6.521030068E-01 2.102298737E-01
 1.207912207E+00 -1.250000000E-01 6.653882861E-01 2.102332860E-01
 1.207912207E+00 -1.250000000E-01 6.789442301E-01 2.102367729E-01
 1.207912207E+00 -1.250000000E-01 6.927763224E-01 2.102403343E-01
 1.207912207E+00 -1.250000000E-01 7.068902254E-01 2.102439702E-01
 1.207912207E+00 -1.250000000E-01 7.212917209E-01 2.102476507E-01
 1.207912207E+00 -1.250000000E-01 7.359865904E-01 2.102513760E-01
 1.207912207E+00 -1.250000000E-01 7.509807944E-01 2.102551460E-01
 1.207912207E+00 -1.250000000E-01 7.662805319E-01 2.102589458E-01
 1.207912207E+00 -1.250000000E-01 7.818919420E-01 2.102627754E-01
 1.207912207E+00 -1.250000000E-01 7.978214025E-01 2.102666199E-01
 1.207912207E+00 -1.250000000E-01 8.140754104E-01 2.102704793E-01
 1.207912207E+00 -1.250000000E-01 8.306605220E-01 2.102743387E-01
 1.207912207E+00 -1.250000000E-01 8.475835919E-01 2.102782130E-01
 1.207912207E+00 -1.250000000E-01 8.648513556E-01 2.102820575E-01
 1.207912207E+00 -1.250000000E-01 8.824709654E-01 2.102859020E-01
 1.207912207E+00 -1.250000000E-01 9.004495144E-01 2.102897316E-01
 1.207912207E+00 -1.250000000E-01 9.187943339E-01 2.102935314E-01
 1.207912207E+00 -1.250000000E-01 9.375129342E-01 2.102973014E-01
 1.207912207E+00 -1.250000000E-01 9.566128850E-01 2.103010416E-01
 1.207912207E+00 -1.250000000E-01 9.761019349E-01 2.103047520E-01
 1.207912207E+00 -1.250000000E-01 9.959880114E-01 2.103084177E-01
 1.207912207E+00 -1.250000000E-01 1.016279221E+00 2.103120536E-01
 1.207912207E+00 -1.250000000E-01 1.036983848E+00 2.103156298E-01
 1.207912207E+00 -1.250000000E-01 1.058110356E+00 2.103191614E-01
 1.207912207E+00 -1.250000000E-01 1.079667211E+00 2.103226334E-01
 1.207912207E+00 -1.250000000E-01 1.101663232E+00 2.103260607E-01
 1.207912207E+00 -1.250000000E-01 1.124107361E+00 2.103294283E-01
 1.207912207E+00 -1.250000000E-01 1.147008777E+00 2.103327364E-01
 1.207912207E+00 -1.250000000E-01 1.170376778E+00 2.103359997E-01
 1.207912207E+00 -1.250000000E-01 1.194220901E+00 2.103391886E-01
 1.207912207E+00 -1.250000000E-01 1.218550682E+00 2.103423178E-01
 1.207912207E+00 -1.250000000E-01 1.243376255E+00 2.103453875E-01
 1.207912207E+00 -1.250000000E-01 1.268707514E+00 2.103483826E-01
 1.207912207E+00 -1.250000000E-01 1.294554830E+00 2.103513181E-01
 1.207912207E+00 -1.250000000E-01 1.320928812E+00 2.103541940E-01
 1.207912207E+00 -1.250000000E-01 1.347840071E+00 2.103570104E-01
 1.207912207E+00 -1.250000000E-01 1.375299573E+00 2.103597522E-01
 1.207912207E+00 -1.250000000E-01 1.403318524E+00 2.103624195E-01
 1.207912207E+00 -1.250000000E-01 1.431908250E+00 2.103650421E-01
 1.207912207E+00 -1.250000000E-01 1.461080432E+00 2.103675902E-01
 1.207912207E+00 -1.250000000E-01 1.490846992E+00 2.103700638E-01
 1.207912207E+00 -1.250000000E-01 1.521220088E+00 2.103724778E-01
 1.207912207E+00 -1.250000000E-01 1.552211761E+00 2.103748322E-01
 1.207912207E+00 -1.250000000E-01 1.583835006E+00 2.103771269E-01
 1.207912207E+00 -1.250000000E-01 1.616102457E+00 2.103793621E-01
 1.207912207E+00 -1.250000000E-01 1.649027228E+00 2.103815228E-01
 1.207912207E+00 -1.250000000E-01 1.682622790E+00 2.103836238E-01
 1.207912207E+00 -1.250000000E-01 1.716902852E+00 2.103856653E-01
 1.207912207E+00 -1.250000000E-01 1.751881242E+00 2.103876621E-01
 1.207912207E+00 -1.250000000E-01 1.787572384E+00 2.103895843E-01
 1.207912207E+00 -1.250000000E-01 1.823990464E+00 2.103914469E-01
 1.207912207E+00 -1.250000000E-01 1.861150622E+00 2.103932649E-01
 1.207912207E+00 -1.250000000E-01 1.899067760E+00 2.103950232E-01
 1.207912207E+00 -1.250000000E-01 1.937757492E+00 2.103967220E-01
 1.207912207E+00 -1.250000000E-01 1.977235317E+00 2.103983760E-01
 1.207912207E+00 -1.250000000E-01 2.017517567E+00 2.103999853E-01
 1.207912207E+00 -1.250000000E-01 2.058620453E+00 2.104015201E-01
 1.207912207E+00 -1.250000000E-01 2.100560665E+00 2.104030252E-01
 1.207912207E+00 -1.250000000E-01 2.143355370E+00 2.104044706E-01
 1.207912207E+00 -1.250000000E-01 2.187021732E+00 2.104058713E-01
 1.207912207E+00 -1.250000000E-01 2.231577873E+00 2.104072273E-01
 1.207912207E+00 -1.250000000E-01 2.277041912E+00 2.104085386E-01
 1.207912207E+00 -1.250000000E-01 2.323431969E+00 2.104098052E-01
 1.207912207E+00 -1.250000000E-01 2.370767117E+00 2.104110122E-01
 1.207912207E+00 -1.250000000E-01 2.419066668E+00 2.104122043E-01
 1.207912207E+00 -1.250000000E-01 2.468350410E+00 2.104133368E-01
 1.207912207E+00 -1.250000000E-01 2.518637896E+00 2.104144245E-01
 1.207912207E+00 -1.250000000E-01 2.569950104E+00 2.104154825E-01
 1.207912207E+00 -1.250000000E-01 2.622307777E+00 2.104165107E-01
 1.207912207E+00 -1.250000000E-01 2.675731897E+00 2.104174942E-01
 1.207912207E+00 -1.250000000E-01 2.730244637E+00 2.104184330E-01
 1.207912207E+00 -1.250000000E-01 2.785867691E+00 2.104193419E-01
 1.207912207E+00 -1.250000000E-01 2.842624187E+00 2.104202211E-01
 1.207912207E+00 -1.250000000E-01 2.900536776E+00 2.104210556E-01
 1.207912207E+00 -1.250000000E-01 2.959629536E+00 2.104218602E-01
 1.207912207E+00 -1.250000000E-01 3.019925833E+00 2.104226351E-01
 1.207912207E+00 -1.250000000E-01 3.081450701E+00 2.104233801E-01
 1.207912207E+00 -1.250000000E-01 3.144229174E+00 2.104240954E-01
 1.207912207E+00 -1.250000000E-01 3.208286524E+00 2.104247659E-01
 1.207912207E+00 -1.250000000E-01 3.273648739E+00 2.104254216E-01
 1.207912207E+00 -1.250000000E-01 3.340342760E+00 2.104260474E-01
 1.207912207E+00 -1.250000000E-01 3.408395529E+00 2.104266435E-01
 1.207912207E+00 -1.250000000E-01 3.477834702E+00 2.104272097E-01
 1.207912207E+00 -1.250000000E-01 3.548688412E+00 2.104277462E-01
 1.207912207E+00 -1.250000000E-01 3.620985746E+00 2.104282677E-01
 1.207912207E+00 -1.250000000E-01 3.694756031E+00 2.104287446E-01
 1.207912207E+00 -1.250000000E-01 3.770029306E+00 2.104292065E-01
 1.207912207E+00 -1.250000000E-01 3.846836090E+00 2.104296386E-01
 1.207912207E+00 -1.250000000E-01 3.925207615E+00 2.104300410E-01
 1.207912207E+00 -1.250000000E-01 4.005175591E+00 2.104304135E-01
 1.207912207E+00 -1.250000000E-01 4.086772919E+00 2.104307711E-01
 1.207912207E+00 -1.250000000E-01 4.170032978E+00 2.104310989E-01
 1.207912207E+00 -1.250000000E-01 4.254988670E+00 2.104313970E-01
 1.207912207E+00 -1.250000000E-01 4.341675758E+00 2.104316801E-01
 1.207912207E+00 -1.250000000E-01 4.430128574E+00 2.104319185E-01
 1.207912207E+00 -1.250000000E-01 4.520383358E+00 2.104321420E-01
 1.207912207E+00 -1.250000000E-01 4.612476826E+00 2.104323357E-01
 1.207912207E+00 -1.250000000E-01 4.706446648E+00 2.104325145E-01
 1.207912207E+00 -1.250000000E-01 4.802330971E+00 2.104330957E-01
 1.207912207E+00 -1.250000000E-01 4.900168896E+00 2.104337811E-01
 1.207912207E+00 -1.250000000E-01 5.000000000E+00 0.000000000E+00
ZONE T="CFL3D, grid 2"
 1.207912207E+00 -1.250000000E-01 0.000000000E+00 0.000000000E+00
 1.207912207E+00 -1.250000000E-01 1.000203383E-06 2.422407874E-08
 1.207912207E+00 -1.250000000E-01 2.002034307E-06 2.092921676E-07
 1.207912207E+00 -1.250000000E-01 3.007123041E-06 9.020156995E-07
 1.207912207E+00 -1.250000000E-01 4.017105312E-06 2.691763257E-06
 1.207912207E+00 -1.250000000E-01 5.033624348E-06 6.429849691E-06
 1.207912207E+00 -1.250000000E-01 6.058334293E-06 1.325659468E-05
 1.207912207E+00 -1.250000000E-01 7.092902251E-06 2.463736018E-05
 1.207912207E+00 -1.250000000E-01 8.139012607E-06 4.240854469E-05
 1.207912207E+00 -1.250000000E-01 9.198367479E-06 6.883467722E-05
 1.207912207E+00 -1.250000000E-01 1.027268991E-05 1.066781551E-04
 1.207912207E+00 -1.250000000E-01 1.136372885E-05 1.592835615E-04
 1.207912207E+00 -1.250000000E-01 1.247325872E-05 2.306782990E-04
 1.207912207E+00 -1.250000000E-01 1.360308670E-05 3.256930213E-04
 1.207912207E+00 -1.250000000E-01 1.475504905E-05 4.501034564E-04
 1.207912207E+00 -1.250000000E-01 1.593102206E-05 6.107992958E-04
 1.207912207E+00 -1.250000000E-01 1.713291931E-05 8.159819408E-04
 1.207912207E+00 -1.250000000E-01 1.836269621E-05 1.075398410E-03
 1.207912207E+00 -1.250000000E-01 1.962235365E-05 1.400614972E-03
 1.207912207E+00 -1.250000000E-01 2.091394163E-05 1.805338659E-03
 1.207912207E+00 -1.250000000E-01 2.223956108E-05 2.305793343E-03
 1.207912207E+00 -1.250000000E-01 2.360136932E-05 2.921160776E-03
 1.207912207E+00 -1.250000000E-01 2.500158553E-05 3.674095031E-03
 1.207912207E+00 -1.250000000E-01 2.644248343E-05 4.591317382E-03
 1.207912207E+00 -1.250000000E-01 2.792640953E-05 5.704321899E-03
 1.207912207E+00 -1.250000000E-01 2.945577944E-05 7.050178945E-03
 1.207912207E+00 -1.250000000E-01 3.103308336E-05 8.672484197E-03
 1.207912207E+00 -1.250000000E-01 3.266088243E-05 1.062243525E-02
 1.207912207E+00 -1.250000000E-01 3.434183236E-05 1.296011452E-02
 1.207912207E+00 -1.250000000E-01 3.607866165E-05 1.575590856E-02
 1.207912207E+00 -1.250000000E-01 3.787420064E-05 1.909220219E-02
 1.207912207E+00 -1.250000000E-01 3.973137063E-05 2.306527644E-02
 1.207912207E+00 -1.250000000E-01 4.165319478E-05 2.778750286E-02
 1.207912207E+00 -1.250000000E-01 4.364279812E-05 3.338978440E-02
 1.207912207E+00 -1.250000000E-01 4.570341844E-05 4.002440348E-02
 1.207912207E+00 -1.250000000E-01 4.783841359E-05 4.786816984E-02
 1.207912207E+00 -1.250000000E-01 5.005125058E-05 5.712588876E-02
 1.207912207E+00 -1.250000000E-01 5.234553100E-05 6.803435087E-02
 1.207912207E+00 -1.250000000E-01 5.472499470E-05 8.086661249E-02
 1.207912207E+00 -1.250000000E-01 5.719350884E-05 9.593661129E-02
 1.207912207E+00 -1.250000000E-01 5.975508975E-05 1.136042848E-01
 1.207912207E+00 -1.250000000E-01 6.241390656E-05 1.342808455E-01
 1.207912207E+00 -1.250000000E-01 6.517428847E-05 1.584343314E-01
 1.207912207E+00 -1.250000000E-01 6.804072473E-05 1.865950972E-01
 1.207912207E+00 -1.250000000E-01 7.101787924E-05 2.193613648E-01
 1.207912207E+00 -1.250000000E-01 7.411059778E-05 2.574042082E-01
 1.207912207E+00 -1.250000000E-01 7.732391532E-05 3.014719784E-01
 1.207912207E+00 -1.250000000E-01 8.066305600E-05 3.523934484E-01
 1.207912207E+00 -1.250000000E-01 8.413345495E-05 4.110795856E-01
 1.207912207E+00 -1.250000000E-01 8.774075832E-05 4.785231948E-01
 1.207912207E+00 -1.250000000E-01 9.149084508E-05 5.557960272E-01
 1.207912207E+00 -1.250000000E-01 9.538980521E-05 6.440418959E-01
 1.207912207E+00 -1.250000000E-01 9.944399062E-05 7.444677353E-01
 1.207912207E+00 -1.250000000E-01 1.036599933E-04 8.583289385E-01
 1.207912207E+00 -1.250000000E-01 1.080446746E-04 9.869112968E-01
 1.207912207E+00 -1.250000000E-01 1.126051793E-04 1.131508470E+00
 1.207912207E+00 -1.250000000E-01 1.173489145E-04 1.293394923E+00
 1.207912207E+00 -1.250000000E-01 1.222835999E-04 1.473797083E+00
 1.207912207E+00 -1.250000000E-01 1.274172828E-04 1.673861504E+00
 1.207912207E+00 -1.250000000E-01 1.327583013E-04 1.894621849E+00
 1.207912207E+00 -1.250000000E-01 1.383153576E-04 2.136968851E+00
 1.207912207E+00 -1.250000000E-01 1.440974738E-04 2.401621580E+00
 1.207912207E+00 -1.250000000E-01 1.501140796E-04 2.689108372E+00
 1.207912207E+00 -1.250000000E-01 1.563749538E-04 2.999747992E+00
 1.207912207E+00 -1.250000000E-01 1.628902974E-04 3.333647490E+00
 1.207912207E+00 -1.250000000E-01 1.696707041E-04 3.690704346E+00
 1.207912207E+00 -1.250000000E-01 1.767272042E-04 4.070620537E+00
 1.207912207E+00 -1.250000000E-01 1.840712794E-04 4.472927094E+00
 1.207912207E+00 -1.250000000E-01 1.917148911E-04 4.897014618E+00
 1.207912207E+00 -1.250000000E-01 1.996704668E-04 5.342170238E+00
 1.207912207E+00 -1.250000000E-01 2.079509577E-04 5.807619572E+00
 1.207912207E+00 -1.250000000E-01 2.165698388E-04 6.292567730E+00
 1.207912207E+00 -1.250000000E-01 2.255411237E-04 6.796239853E+00
 1.207912207E+00 -1.250000000E-01 2.348794369E-04 7.317923069E+00
 1.207912207E+00 -1.250000000E-01 2.445999417E-04 7.856990814E+00
 1.207912207E+00 -1.250000000E-01 2.547184704E-04 8.412935257E+00
 1.207912207E+00 -1.250000000E-01 2.652514959E-04 8.985388756E+00
 1.207912207E+00 -1.250000000E-01 2.762161603E-04 9.574130058E+00
 1.207912207E+00 -1.250000000E-01 2.876303042E-04 1.017909908E+01
 1.207912207E+00 -1.250000000E-01 2.995124669E-04 1.080039406E+01
 1.207912207E+00 -1.250000000E-01 3.118820314E-04 1.143827534E+01
 1.207912207E+00 -1.250000000E-01 3.247591085E-04 1.209315491E+01
 1.207912207E+00 -1.250000000E-01 3.381646238E-04 1.276558781E+01
 1.207912207E+00 -1.250000000E-01 3.521204344E-04 1.345627117E+01
 1.207912207E+00 -1.250000000E-01 3.666492412E-04 1.416602612E+01
 1.207912207E+00 -1.250000000E-01 3.817746765E-04 1.489578629E+01
 1.207912207E+00 -1.250000000E-01 3.975213331E-04 1.564659595E+01
 1.207912207E+00 -1.250000000E-01 4.139148805E-04 1.641959763E+01
 1.207912207E+00 -1.250000000E-01 4.309819487E-04 1.721601868E+01
 1.207912207E+00 -1.250000000E-01 4.487503611E-04 1.803717041E+01
 1.207912207E+00 -1.250000000E-01 4.672489886E-04 1.888444138E+01
 1.207912207E+00 -1.250000000E-01 4.865079245E-04 1.975928497E+01
 1.207912207E+00 -1.250000000E-01 5.065585719E-04 2.066323090E+01
 1.207912207E+00 -1.250000000E-01 5.274334690E-04 2.159786034E+01
 1.207912207E+00 -1.250000000E-01 5.491666379E-04 2.256482506E+01
 1.207912207E+00 -1.250000000E-01 5.717934691E-04 2.356583023E+01
 1.207912207E+00 -1.250000000E-01 5.953507498E-04 2.460264397E+01
 1.207912207E+00 -1.250000000E-01 6.198768388E-04 2.567708778E+01
 1.207912207E+00 -1.250000000E-01 6.454115501E-04 2.679103661E+01
 1.207912207E+00 -1.250000000E-01 6.719965604E-04 2.794643784E+01
 1.207912207E+00 -1.250000000E-01 6.996750599E-04 2.914528465E+01
 1.207912207E+00 -1.250000000E-01 7.284921012E-04 3.038962936E+01
 1.207912207E+00 -1.250000000E-01 7.584945997E-04 3.168158722E+01
 1.207912207E+00 -1.250000000E-01 7.897313335E-04 3.302332306E+01
 1.207912207E+00 -1.250000000E-01 8.222531760E-04 3.441707611E+01
 1.207912207E+00 -1.250000000E-01 8.561130380E-04 3.586511993E+01
 1.207912207E+00 -1.250000000E-01 8.913659840E-04 3.736980057E+01
 1.207912207E+00 -1.250000000E-01 9.280694067E-04 3.893350601E+01
 1.207912207E+00 -1.250000000E-01 9.662830271E-04 4.055868149E+01
 1.207912207E+00 -1.250000000E-01 1.006069011E-03 4.224781036E+01
 1.207912207E+00 -1.250000000E-01 1.047492144E-03 4.400342178E+01
 1.207912207E+00 -1.250000000E-01 1.090619829E-03 4.582807541E+01
 1.207912207E+00 -1.250000000E-01 1.135522267E-03 4.772434616E+01
 1.207912207E+00 -1.250000000E-01 1.182272448E-03 4.969483185E+01
 1.207912207E+00 -1.250000000E-01 1.230946393E-03 5.174212265E+01
 1.207912207E+00 -1.250000000E-01 1.281623496E-03 5.386880493E+01
 1.207912207E+00 -1.250000000E-01 1.334386063E-03 5.607741928E+01
 1.207912207E+00 -1.250000000E-01 1.389320125E-03 5.837046814E+01
 1.207912207E+00 -1.250000000E-01 1.446514856E-03 6.075036621E+01
 1.207912207E+00 -1.250000000E-01 1.506063389E-03 6.321942902E+01
 1.207912207E+00 -1.250000000E-01 1.568062697E-03 6.577985382E+01
 1.207912207E+00 -1.250000000E-01 1.632613712E-03 6.843367767E+01
 1.207912207E+00 -1.250000000E-01 1.699821325E-03 7.118272400E+01
 1.207912207E+00 -1.250000000E-01 1.769794966E-03 7.402860260E+01
 1.207912207E+00 -1.250000000E-01 1.842648489E-03 7.697264099E+01
 1.207912207E+00 -1.250000000E-01 1.918500522E-03 8.001586914E+01
 1.207912207E+00 -1.250000000E-01 1.997474348E-03 8.315895081E+01
 1.207912207E+00 -1.250000000E-01 2.079698723E-03 8.640216827E+01
 1.207912207E+00 -1.250000000E-01 2.165307058E-03 8.974534607E+01
 1.207912207E+00 -1.250000000E-01 2.254439052E-03 9.318785858E+01
 1.207912207E+00 -1.250000000E-01 2.347239526E-03 9.672853088E+01
 1.207912207E+00 -1.250000000E-01 2.443859586E-03 1.003656464E+02
 1.207912207E+00 -1.250000000E-01 2.544456394E-03 1.040969009E+02
 1.207912207E+00 -1.250000000E-01 2.649193862E-03 1.079193649E+02
 1.207912207E+00 -1.250000000E-01 2.758241957E-03 1.118294525E+02
 1.207912207E+00 -1.250000000E-01 2.871778561E-03 1.158229294E+02
 1.207912207E+00 -1.250000000E-01 2.989988076E-03 1.198948441E+02
 1.207912207E+00 -1.250000000E-01 3.113063052E-03 1.240395355E+02
 1.207912207E+00 -1.250000000E-01 3.241203958E-03 1.282506256E+02
 1.207912207E+00 -1.250000000E-01 3.374618944E-03 1.325209503E+02
 1.207912207E+00 -1.250000000E-01 3.513525473E-03 1.368425903E+02
 1.207912207E+00 -1.250000000E-01 3.658149159E-03 1.412068024E+02
 1.207912207E+00 -1.250000000E-01 3.808725858E-03 1.456040192E+02
 1.207912207E+00 -1.250000000E-01 3.965499811E-03 1.500237427E+02
 1.207912207E+00 -1.250000000E-01 4.128727131E-03 1.544545746E+02
 1.207912207E+00 -1.250000000E-01 4.298672546E-03 1.588840637E+02
 1.207912207E+00 -1.250000000E-01 4.475613125E-03 1.632987518E+02
 1.207912207E+00 -1.250000000E-01 4.659837112E-03 1.676839905E+02
 1.207912207E+00 -1.250000000E-01 4.851642996E-03 1.720238800E+02
 1.207912207E+00 -1.250000000E-01 5.051344167E-03 1.763012085E+02
 1.207912207E+00 -1.250000000E-01 5.259265192E-03 1.804973297E+02
 1.207912207E+00 -1.250000000E-01 5.475744139E-03 1.845920258E+02
 1.207912207E+00 -1.250000000E-01 5.701133516E-03 1.885634460E+02
 1.207912207E+00 -1.250000000E-01 5.935800262E-03 1.923879700E+02
 1.207912207E+00 -1.250000000E-01 6.180125754E-03 1.960401001E+02
 1.207912207E+00 -1.250000000E-01 6.434508134E-03 1.994923248E+02
 1.207912207E+00 -1.250000000E-01 6.699360907E-03 2.027150116E+02
 1.207912207E+00 -1.250000000E-01 6.975115277E-03 2.056763306E+02
 1.207912207E+00 -1.250000000E-01 7.262219675E-03 2.083420715E+02
 1.207912207E+00 -1.250000000E-01 7.561142091E-03 2.106755829E+02
 1.207912207E+00 -1.250000000E-01 7.872368209E-03 2.126376953E+02
 1.207912207E+00 -1.250000000E-01 8.196404204E-03 2.141865540E+02
 1.207912207E+00 -1.250000000E-01 8.533777669E-03 2.152776489E+02
 1.207912207E+00 -1.250000000E-01 8.885038085E-03 2.158637390E+02
 1.207912207E+00 -1.250000000E-01 9.250756353E-03 2.158948212E+02
 1.207912207E+00 -1.250000000E-01 9.631528519E-03 2.153181610E+02
 1.207912207E+00 -1.250000000E-01 1.002797298E-02 2.140784760E+02
 1.207912207E+00 -1.250000000E-01 1.044073608E-02 2.121179962E+02
 1.207912207E+00 -1.250000000E-01 1.087048836E-02 2.093769073E+02
 1.207912207E+00 -1.250000000E-01 1.131793018E-02 2.057936707E+02
 1.207912207E+00 -1.250000000E-01 1.178378891E-02 2.013057404E+02
 1.207912207E+00 -1.250000000E-01 1.226882264E-02 1.958503876E+02
 1.207912207E+00 -1.250000000E-01 1.277382020E-02 1.893659973E+02
 1.207912207E+00 -1.250000000E-01 1.329960488E-02 1.817936249E+02
 1.207912207E+00 -1.250000000E-01 1.384703070E-02 1.730793304E+02
 1.207912207E+00 -1.250000000E-01 1.441698987E-02 1.631771240E+02
 1.207912207E+00 -1.250000000E-01 1.501040813E-02 1.520529785E+02
 1.207912207E+00 -1.250000000E-01 1.562825218E-02 1.396901550E+02
 1.207912207E+00 -1.250000000E-01 1.627152786E-02 1.260961914E+02
 1.207912207E+00 -1.250000000E-01 1.694128104E-02 1.113122787E+02
 1.207912207E+00 -1.250000000E-01 1.763860323E-02 9.542464447E+01
 1.207912207E+00 -1.250000000E-01 1.836462691E-02 7.857843781E+01
 1.207912207E+00 -1.250000000E-01 1.912053302E-02 6.099832153E+01
 1.207912207E+00 -1.250000000E-01 1.990755461E-02 4.306923676E+01
 1.207912207E+00 -1.250000000E-01 2.072697133E-02 2.562461472E+01
 1.207912207E+00 -1.250000000E-01 2.158011496E-02 1.038005447E+01
 1.207912207E+00 -1.250000000E-01 2.246837504E-02 1.881494641E+00
 1.207912207E+00 -1.250000000E-01 2.339319512E-02 1.790301204E-01
 1.207912207E+00 -1.250000000E-01 2.435608394E-02 1.629621536E-01
 1.207912207E+00 -1.250000000E-01 2.535860613E-02 2.056243271E-01
 1.207912207E+00 -1.250000000E-01 2.640239149E-02 2.230981737E-01
 1.207912207E+00 -1.250000000E-01 2.748914063E-02 2.185338587E-01
 1.207912207E+00 -1.250000000E-01 2.862062305E-02 2.084414661E-01
 1.207912207E+00 -1.250000000E-01 2.979867719E-02 2.020641714E-01
 1.207912207E+00 -1.250000000E-01 3.102522157E-02 2.005437613E-01
 1.207912207E+00 -1.250000000E-01 3.230225295E-02 2.016811967E-01
 1.207912207E+00 -1.250000000E-01 3.363184631E-02 2.033237368E-01
 1.207912207E+00 -1.250000000E-01 3.501616791E-02 2.044915110E-01
 1.207912207E+00 -1.250000000E-01 3.645746782E-02 2.051315457E-01
 1.207912207E+00 -1.250000000E-01 3.795809299E-02 2.055136710E-01
 1.207912207E+00 -1.250000000E-01 3.952048719E-02 2.058485597E-01
 1.207912207E+00 -1.250000000E-01 4.114719108E-02 2.062049657E-01
 1.207912207E+00 -1.250000000E-01 4.284085333E-02 2.065705508E-01
 1.207912207E+00 -1.250000000E-01 4.460422322E-02 2.069189847E-01
 1.207912207E+00 -1.250000000E-01 4.644018039E-02 2.072375417E-01
 1.207912207E+00 -1.250000000E-01 4.835170507E-02 2.075261027E-01
 1.207912207E+00 -1.250000000E-01 5.034191161E-02 2.077890486E-01
 1.207912207E+00 -1.250000000E-01 5.241403356E-02 2.080302238E-01
 1.207912207E+00 -1.250000000E-01 5.457144976E-02 2.082521021E-01
 1.207912207E+00 -1.250000000E-01 5.681766570E-02 2.084563971E-01
 1.207912207E+00 -1.250000000E-01 5.915633962E-02 2.086445987E-01
 1.207912207E+00 -1.250000000E-01 6.159127504E-02 2.088180929E-01
 1.207912207E+00 -1.250000000E-01 6.412643194E-02 2.089779824E-01
 1.207912207E+00 -1.250000000E-01 6.676594168E-02 2.091251612E-01
 1.207912207E+00 -1.250000000E-01 6.951409578E-02 2.092602253E-01
 1.207912207E+00 -1.250000000E-01 7.237536460E-02 2.093836963E-01
 1.207912207E+00 -1.250000000E-01 7.535441220E-02 2.094961256E-01
 1.207912207E+00 -1.250000000E-01 7.845607400E-02 2.095981240E-01
 1.207912207E+00 -1.250000000E-01 8.168540895E-02 2.096904516E-01
 1.207912207E+00 -1.250000000E-01 8.504766226E-02 2.097738981E-01
 1.207912207E+00 -1.250000000E-01 8.854831010E-02 2.098492980E-01
 1.207912207E+00 -1.250000000E-01 9.219304472E-02 2.099173963E-01
 1.207912207E+00 -1.250000000E-01 9.598780423E-02 2.099788636E-01
 1.207912207E+00 -1.250000000E-01 9.993876517E-02 2.100341916E-01
 1.207912207E+00 -1.250000000E-01 1.040523425E-01 2.100837380E-01
 1.207912207E+00 -1.250000000E-01 1.083352417E-01 2.101278007E-01
 1.207912207E+00 -1.250000000E-01 1.127944291E-01 2.101666182E-01
 1.207912207E+00 -1.250000000E-01 1.174371690E-01 2.102003843E-01
 1.207912207E+00 -1.250000000E-01 1.222710013E-01 2.102293968E-01
 1.207912207E+00 -1.250000000E-01 1.273037940E-01 2.102539241E-01
 1.207912207E+00 -1.250000000E-01 1.325437427E-01 2.102742940E-01
 1.207912207E+00 -1.250000000E-01 1.379993856E-01 2.102910429E-01
 1.207912207E+00 -1.250000000E-01 1.436795741E-01 2.103052586E-01
 1.207912207E+00 -1.250000000E-01 1.495935768E-01 2.103181183E-01
 1.207912207E+00 -1.250000000E-01 1.557510048E-01 2.103296667E-01
 1.207912207E+00 -1.250000000E-01 1.621618718E-01 2.103391290E-01
 1.207912207E+00 -1.250000000E-01 1.688366085E-01 2.103465945E-01
 1.207912207E+00 -1.250000000E-01 1.757861078E-01 2.103526890E-01
 1.207912207E+00 -1.250000000E-01 1.830216348E-01 2.103567272E-01
 1.207912207E+00 -1.250000000E-01 1.905549914E-01 2.103578448E-01
 1.207912207E+00 -1.250000000E-01 1.983984262E-01 2.103564292E-01
 1.207912207E+00 -1.250000000E-01 2.065647095E-01 2.103535533E-01
 1.207912207E+00 -1.250000000E-01 2.150671184E-01 2.103501856E-01
 1.207912207E+00 -1.250000000E-01 2.239194959E-01 2.103469521E-01
 1.207912207E+00 -1.250000000E-01 2.331362516E-01 2.103437632E-01
 1.207912207E+00 -1.250000000E-01 2.427323759E-01 2.103397697E-01
 1.207912207E+00 -1.250000000E-01 2.527234852E-01 2.103339434E-01
 1.207912207E+00 -1.250000000E-01 2.631258368E-01 2.103257924E-01
 1.207912207E+00 -1.250000000E-01 2.739563584E-01 2.103157938E-01
 1.207912207E+00 -1.250000000E-01 2.852326930E-01 2.103049457E-01
 1.207912207E+00 -1.250000000E-01 2.969731688E-01 2.102941424E-01
 1.207912207E+00 -1.250000000E-01 3.091968894E-01 2.102838904E-01
 1.207912207E+00 -1.250000000E-01 3.219237328E-01 2.102743387E-01
 1.207912207E+00 -1.250000000E-01 3.351744413E-01 2.102655172E-01
 1.207912207E+00 -1.250000000E-01 3.489705622E-01 2.102575004E-01
 1.207912207E+00 -1.250000000E-01 3.633345366E-01 2.102503181E-01
 1.207912207E+00 -1.250000000E-01 3.782897592E-01 2.102440745E-01
 1.207912207E+00 -1.250000000E-01 3.938605487E-01 2.102387995E-01
 1.207912207E+00 -1.250000000E-01 4.100722373E-01 2.102345079E-01
 1.207912207E+00 -1.250000000E-01 4.269512296E-01 2.102311999E-01
 1.207912207E+00 -1.250000000E-01 4.445249736E-01 2.102288902E-01
 1.207912207E+00 -1.250000000E-01 4.628220797E-01 2.102275491E-01
 1.207912207E+00 -1.250000000E-01 4.818722904E-01 2.102271616E-01
 1.207912207E+00 -1.250000000E-01 5.017066598E-01 2.102276832E-01
 1.207912207E+00 -1.250000000E-01 5.223574042E-01 2.102290690E-01
 1.207912207E+00 -1.250000000E-01 5.438581705E-01 2.102312744E-01
 1.207912207E+00 -1.250000000E-01 5.662439466E-01 2.102342248E-01
 1.207912207E+00 -1.250000000E-01 5.895510912E-01 2.102378756E-01
 1.207912207E+00 -1.250000000E-01 6.138176322E-01 2.102421522E-01
 1.207912207E+00 -1.250000000E-01 6.390829682E-01 2.102469802E-01
 1.207912207E+00 -1.250000000E-01 6.653882861E-01 2.102522850E-01
 1.207912207E+00 -1.250000000E-01 6.927763224E-01 2.102579921E-01
 1.207912207E+00 -1.250000000E-01 7.212917209E-01 2.102640420E-01
 1.207912207E+00 -1.250000000E-01 7.509807944E-01 2.102703601E-01
 1.207912207E+00 -1.250000000E-01 7.818919420E-01 2.102769017E-01
 1.207912207E+00 -1.250000000E-01 8.140754104E-01 2.102835774E-01
 1.207912207E+00 -1.250000000E-01 8.475835919E-01 2.102903575E-01
 1.207912207E+00 -1.250000000E-01 8.824709654E-01 2.102971673E-01
 1.207912207E+00 -1.250000000E-01 9.187943339E-01 2.103039622E-01
 1.207912207E+00 -1.250000000E-01 9.566128850E-01 2.103107125E-01
 1.207912207E+00 -1.250000000E-01 9.959880114E-01 2.103173584E-01
 1.207912207E+00 -1.250000000E-01 1.036983848E+00 2.103239000E-01
 1.207912207E+00 -1.250000000E-01 1.079667211E+00 2.103302777E-01
 1.207912207E+00 -1.250000000E-01 1.124107361E+00 2.103364915E-01
 1.207912207E+00 -1.250000000E-01 1.170376778E+00 2.103425264E-01
 1.207912207E+00 -1.250000000E-01 1.218550682E+00 2.103483379E-01
 1.207912207E+00 -1.250000000E-01 1.268707514E+00 2.103539407E-01
 1.207912207E+00 -1.250000000E-01 1.320928812E+00 2.103593051E-01
 1.207912207E+00 -1.250000000E-01 1.375299573E+00 2.103644460E-01
 1.207912207E+00 -1.250000000E-01 1.431908250E+00 2.103693336E-01
 1.207912207E+00 -1.250000000E-01 1.490846992E+00 2.103739828E-01
 1.207912207E+00 -1.250000000E-01 1.552211761E+00 2.103783786E-01
 1.207912207E+00 -1.250000000E-01 1.616102457E+00 2.103825361E-01
 1.207912207E+00 -1.250000000E-01 1.682622790E+00 2.103864700E-01
 1.207912207E+00 -1.250000000E-01 1.751881242E+00 2.103901803E-01
 1.207912207E+00 -1.250000000E-01 1.823990464E+00 2.103937119E-01
 1.207912207E+00 -1.250000000E-01 1.899067760E+00 2.103970498E-01
 1.207912207E+00 -1.250000000E-01 1.977235317E+00 2.104002088E-01
 1.207912207E+00 -1.250000000E-01 2.058620453E+00 2.104031742E-01
 1.207912207E+00 -1.250000000E-01 2.143355370E+00 2.104059458E-01
 1.207912207E+00 -1.250000000E-01 2.231577873E+00 2.104085684E-01
 1.207912207E+00 -1.250000000E-01 2.323431969E+00 2.104110271E-01
 1.207912207E+00 -1.250000000E-01 2.419066668E+00 2.104133368E-01
 1.207912207E+00 -1.250000000E-01 2.518637896E+00 2.104155272E-01
 1.207912207E+00 -1.250000000E-01 2.622307777E+00 2.104175687E-01
 1.207912207E+00 -1.250000000E-01 2.730244637E+00 2.104194611E-01
 1.207912207E+00 -1.250000000E-01 2.842624187E+00 2.104212195E-01
 1.207912207E+00 -1.250000000E-01 2.959629536E+00 2.104228437E-01
 1.207912207E+00 -1.250000000E-01 3.081450701E+00 2.104243487E-01
 1.207912207E+00 -1.250000000E-01 3.208286524E+00 2.104257196E-01
 1.207912207E+00 -1.250000000E-01 3.340342760E+00 2.104269713E-01
 1.207912207E+00 -1.250000000E-01 3.477834702E+00 2.104281038E-01
 1.207912207E+00 -1.250000000E-01 3.620985746E+00 2.104291469E-01
 1.207912207E+00 -1.250000000E-01 3.770029306E+00 2.104300708E-01
 1.207912207E+00 -1.250000000E-01 3.925207615E+00 2.104308903E-01
 1.207912207E+00 -1.250000000E-01 4.086772919E+00 2.104316056E-01
 1.207912207E+00 -1.250000000E-01 4.254988670E+00 2.104322165E-01
 1.207912207E+00 -1.250000000E-01 4.430128574E+00 2.104327828E-01
 1.207912207E+00 -1.250000000E-01 4.612476826E+00 2.104339451E-01
 1.207912207E+00 -1.250000000E-01 4.802330971E+00 2.104351521E-01
 1.207912207E+00 -1.250000000E-01 5.000000000E+00 0.000000000E+00
ZONE T="CFL3D, grid 3"
 1.207912207E+00 -1.250000000E-01 0.000000000E+00 0.000000000E+00
 1.207912207E+00 -1.250000000E-01 2.002034307E-06 3.842427532E-07
 1.207912207E+00 -1.250000000E-01 4.017105312E-06 3.363349151E-06
 1.207912207E+00 -1.250000000E-01 6.058334293E-06 1.477127353E-05
 1.207912207E+00 -1.250000000E-01 8.139012607E-06 4.515784531E-05
 1.207912207E+00 -1.250000000E-01 1.027268991E-05 1.111302408E-04
 1.207912207E+00 -1.250000000E-01 1.247325872E-05 2.374140749E-04
 1.207912207E+00 -1.250000000E-01 1.475504905E-05 4.598590604E-04
 1.207912207E+00 -1.250000000E-01 1.713291931E-05 8.296986925E-04
 1.207912207E+00 -1.250000000E-01 1.962235365E-05 1.419494860E-03
 1.207912207E+00 -1.250000000E-01 2.223956108E-05 2.331357682E-03
 1.207912207E+00 -1.250000000E-01 2.500158553E-05 3.708234988E-03
 1.207912207E+00 -1.250000000E-01 2.792640953E-05 5.749323405E-03
 1.207912207E+00 -1.250000000E-01 3.103308336E-05 8.730991744E-03
 1.207912207E+00 -1.250000000E-01 3.434183236E-05 1.303497329E-02
 1.207912207E+00 -1.250000000E-01 3.787420064E-05 1.918609440E-02
 1.207912207E+00 -1.250000000E-01 4.165319478E-05 2.790227719E-02
 1.207912207E+00 -1.250000000E-01 4.570341844E-05 4.015997425E-02
 1.207912207E+00 -1.250000000E-01 5.005125058E-05 5.727865547E-02
 1.207912207E+00 -1.250000000E-01 5.472499470E-05 8.102755994E-02
 1.207912207E+00 -1.250000000E-01 5.975508975E-05 1.137574315E-01
 1.207912207E+00 -1.250000000E-01 6.517428847E-05 1.585567892E-01
 1.207912207E+00 -1.250000000E-01 7.101787924E-05 2.194271833E-01
 1.207912207E+00 -1.250000000E-01 7.732391532E-05 3.014621139E-01
 1.207912207E+00 -1.250000000E-01 8.413345495E-05 4.109988213E-01
 1.207912207E+00 -1.250000000E-01 9.149084508E-05 5.556935072E-01
 1.207912207E+00 -1.250000000E-01 9.944399062E-05 7.444522977E-01
 1.207912207E+00 -1.250000000E-01 1.080446746E-04 9.871467352E-01
 1.207912207E+00 -1.250000000E-01 1.173489145E-04 1.294068217E+00
 1.207912207E+00 -1.250000000E-01 1.274172828E-04 1.675124049E+00
 1.207912207E+00 -1.250000000E-01 1.383153576E-04 2.138873339E+00
 1.207912207E+00 -1.250000000E-01 1.501140796E-04 2.691566706E+00
 1.207912207E+00 -1.250000000E-01 1.628902974E-04 3.336432219E+00
 1.207912207E+00 -1.250000000E-01 1.767272042E-04 4.073412418E+00
 1.207912207E+00 -1.250000000E-01 1.917148911E-04 4.899477959E+00
 1.207912207E+00 -1.250000000E-01 2.079509577E-04 5.809477806E+00
 1.207912207E+00 -1.250000000E-01 2.255411237E-04 6.797326565E+00
 1.207912207E+00 -1.250000000E-01 2.445999417E-04 7.857262611E+00
 1.207912207E+00 -1.250000000E-01 2.652514959E-04 8.984910011E+00
 1.207912207E+00 -1.250000000E-01 2.876303042E-04 1.017801380E+01
 1.207912207E+00 -1.250000000E-01 3.118820314E-04 1.143676662E+01
 1.207912207E+00 -1.250000000E-01 3.381646238E-04 1.276385498E+01
 1.207912207E+00 -1.250000000E-01 3.666492412E-04 1.416426659E+01
 1.207912207E+00 -1.250000000E-01 3.975213331E-04 1.564500141E+01
 1.207912207E+00 -1.250000000E-01 4.309819487E-04 1.721476746E+01
 1.207912207E+00 -1.250000000E-01 4.672489886E-04 1.888371658E+01
 1.207912207E+00 -1.250000000E-01 5.065585719E-04 2.066321564E+01
 1.207912207E+00 -1.250000000E-01 5.491666379E-04 2.256571579E+01
 1.207912207E+00 -1.250000000E-01 5.953507498E-04 2.460465813E+01
 1.207912207E+00 -1.250000000E-01 6.454115501E-04 2.679441452E+01
 1.207912207E+00 -1.250000000E-01 6.996750599E-04 2.915029716E+01
 1.207912207E+00 -1.250000000E-01 7.584945997E-04 3.168853760E+01
 1.207912207E+00 -1.250000000E-01 8.222531760E-04 3.442630768E+01
 1.207912207E+00 -1.250000000E-01 8.913659840E-04 3.738169098E+01
 1.207912207E+00 -1.250000000E-01 9.662830271E-04 4.057363892E+01
 1.207912207E+00 -1.250000000E-01 1.047492144E-03 4.402188873E+01
 1.207912207E+00 -1.250000000E-01 1.135522267E-03 4.774678421E+01
 1.207912207E+00 -1.250000000E-01 1.230946393E-03 5.176900864E+01
 1.207912207E+00 -1.250000000E-01 1.334386063E-03 5.610921860E+01
 1.207912207E+00 -1.250000000E-01 1.446514856E-03 6.078752136E+01
 1.207912207E+00 -1.250000000E-01 1.568062697E-03 6.582274628E+01
 1.207912207E+00 -1.250000000E-01 1.699821325E-03 7.123163605E+01
 1.207912207E+00 -1.250000000E-01 1.842648489E-03 7.702772522E+01
 1.207912207E+00 -1.250000000E-01 1.997474348E-03 8.322018433E+01
 1.207912207E+00 -1.250000000E-01 2.165307058E-03 8.981247711E+01
 1.207912207E+00 -1.250000000E-01 2.347239526E-03 9.680101776E+01
 1.207912207E+00 -1.250000000E-01 2.544456394E-03 1.041738968E+02
 1.207912207E+00 -1.250000000E-01 2.758241957E-03 1.119097366E+02
 1.207912207E+00 -1.250000000E-01 2.989988076E-03 1.199767914E+02
 1.207912207E+00 -1.250000000E-01 3.241203958E-03 1.283321991E+02
 1.207912207E+00 -1.250000000E-01 3.513525473E-03 1.369212799E+02
 1.207912207E+00 -1.250000000E-01 3.808725858E-03 1.456767883E+02
 1.207912207E+00 -1.250000000E-01 4.128727131E-03 1.545178223E+02
 1.207912207E+00 -1.250000000E-01 4.475613125E-03 1.633482361E+02
 1.207912207E+00 -1.250000000E-01 4.851642996E-03 1.720545654E+02
 1.207912207E+00 -1.250000000E-01 5.259265192E-03 1.805032654E+02
 1.207912207E+00 -1.250000000E-01 5.701133516E-03 1.885376434E+02
 1.207912207E+00 -1.250000000E-01 6.180125754E-03 1.959742889E+02
 1.207912207E+00 -1.250000000E-01 6.699360907E-03 2.025993652E+02
 1.207912207E+00 -1.250000000E-01 7.262219675E-03 2.081649170E+02
 1.207912207E+00 -1.250000000E-01 7.872368209E-03 2.123851318E+02
 1.207912207E+00 -1.250000000E-01 8.533777669E-03 2.149330750E+02
 1.207912207E+00 -1.250000000E-01 9.250756353E-03 2.154382782E+02
 1.207912207E+00 -1.250000000E-01 1.002797298E-02 2.134859009E+02
 1.207912207E+00 -1.250000000E-01 1.087048836E-02 2.086191559E+02
 1.207912207E+00 -1.250000000E-01 1.178378891E-02 2.003471985E+02
 1.207912207E+00 -1.250000000E-01 1.277382020E-02 1.881628571E+02
 1.207912207E+00 -1.250000000E-01 1.384703070E-02 1.715768890E+02
 1.207912207E+00 -1.250000000E-01 1.501040813E-02 1.501818085E+02
 1.207912207E+00 -1.250000000E-01 1.627152786E-02 1.237749557E+02
 1.207912207E+00 -1.250000000E-01 1.763860323E-02 9.267066956E+01
 1.207912207E+00 -1.250000000E-01 1.912053302E-02 5.872957993E+01
 1.207912207E+00 -1.250000000E-01 2.072697133E-02 2.714140511E+01
 1.207912207E+00 -1.250000000E-01 2.246837504E-02 6.502174854E+00
 1.207912207E+00 -1.250000000E-01 2.435608394E-02 6.539218873E-02
 1.207912207E+00 -1.250000000E-01 2.640239149E-02 3.998034075E-02
 1.207912207E+00 -1.250000000E-01 2.862062305E-02 1.327165514E-01
 1.207912207E+00 -1.250000000E-01 3.102522157E-02 2.239141017E-01
 1.207912207E+00 -1.250000000E-01 3.363184631E-02 2.473968267E-01
 1.207912207E+00 -1.250000000E-01 3.645746782E-02 2.298566103E-01
 1.207912207E+00 -1.250000000E-01 3.952048719E-02 2.122724503E-01
 1.207912207E+00 -1.250000000E-01 4.284085333E-02 2.058463842E-01
 1.207912207E+00 -1.250000000E-01 4.644018039E-02 2.063453943E-01
 1.207912207E+00 -1.250000000E-01 5.034191161E-02 2.084253877E-01
 1.207912207E+00 -1.250000000E-01 5.457144976E-02 2.097649276E-01
 1.207912207E+00 -1.250000000E-01 5.915633962E-02 2.102582157E-01
 1.207912207E+00 -1.250000000E-01 6.412643194E-02 2.103942335E-01
 1.207912207E+00 -1.250000000E-01 6.951409578E-02 2.104797959E-01
 1.207912207E+00 -1.250000000E-01 7.535441220E-02 2.105856091E-01
 1.207912207E+00 -1.250000000E-01 8.168540895E-02 2.106897831E-01
 1.207912207E+00 -1.250000000E-01 8.854831010E-02 2.107679099E-01
 1.207912207E+00 -1.250000000E-01 9.598780423E-02 2.108121812E-01
 1.207912207E+00 -1.250000000E-01 1.040523425E-01 2.108300924E-01
 1.207912207E+00 -1.250000000E-01 1.127944291E-01 2.108310014E-01
 1.207912207E+00 -1.250000000E-01 1.222710013E-01 2.108182013E-01
 1.207912207E+00 -1.250000000E-01 1.325437427E-01 2.107942700E-01
 1.207912207E+00 -1.250000000E-01 1.436795741E-01 2.107618004E-01
 1.207912207E+00 -1.250000000E-01 1.557510048E-01 2.107233256E-01
 1.207912207E+00 -1.250000000E-01 1.688366085E-01 2.106809467E-01
 1.207912207E+00 -1.250000000E-01 1.830216348E-01 2.106363922E-01
 1.207912207E+00 -1.250000000E-01 1.983984262E-01 2.105912864E-01
 1.207912207E+00 -1.250000000E-01 2.150671184E-01 2.105471641E-01
 1.207912207E+00 -1.250000000E-01 2.331362516E-01 2.105053812E-01
 1.207912207E+00 -1.250000000E-01 2.527234852E-01 2.104668766E-01
 1.207912207E+00 -1.250000000E-01 2.739563584E-01 2.104321122E-01
 1.207912207E+00 -1.250000000E-01 2.969731688E-01 2.104012519E-01
 1.207912207E+00 -1.250000000E-01 3.219237328E-01 2.103741467E-01
 1.207912207E+00 -1.250000000E-01 3.489705622E-01 2.103504688E-01
 1.207912207E+00 -1.250000000E-01 3.782897592E-01 2.103298008E-01
 1.207912207E+00 -1.250000000E-01 4.100722373E-01 2.103120834E-01
 1.207912207E+00 -1.250000000E-01 4.445249736E-01 2.102976739E-01
 1.207912207E+00 -1.250000000E-01 4.818722904E-01 2.102871239E-01
 1.207912207E+00 -1.250000000E-01 5.223574042E-01 2.102807462E-01
 1.207912207E+00 -1.250000000E-01 5.662439466E-01 2.102784067E-01
 1.207912207E+00 -1.250000000E-01 6.138176322E-01 2.102796733E-01
 1.207912207E+00 -1.250000000E-01 6.653882861E-01 2.102839351E-01
 1.207912207E+00 -1.250000000E-01 7.212917209E-01 2.102905810E-01
 1.207912207E+00 -1.250000000E-01 7.818919420E-01 2.102990150E-01
 1.207912207E+00 -1.250000000E-01 8.475835919E-01 2.103086561E-01
 1.207912207E+00 -1.250000000E-01 9.187943339E-01 2.103189826E-01
 1.207912207E+00 -1.250000000E-01 9.959880114E-01 2.103295922E-01
 1.207912207E+00 -1.250000000E-01 1.079667211E+00 2.103401273E-01
 1.207912207E+00 -1.250000000E-01 1.170376778E+00 2.103503495E-01
 1.207912207E+00 -1.250000000E-01 1.268707514E+00 2.103600502E-01
 1.207912207E+00 -1.250000000E-01 1.375299573E+00 2.103691250E-01
 1.207912207E+00 -1.250000000E-01 1.490846992E+00 2.103774995E-01
 1.207912207E+00 -1.250000000E-01 1.616102457E+00 2.103851289E-01
 1.207912207E+00 -1.250000000E-01 1.751881242E+00 2.103920132E-01
 1.207912207E+00 -1.250000000E-01 1.899067760E+00 2.103981674E-01
 1.207912207E+00 -1.250000000E-01 2.058620453E+00 2.104036212E-01
 1.207912207E+00 -1.250000000E-01 2.231577873E+00 2.104083896E-01
 1.207912207E+00 -1.250000000E-01 2.419066668E+00 2.104125470E-01
 1.207912207E+00 -1.250000000E-01 2.622307777E+00 2.104161382E-01
 1.207912207E+00 -1.250000000E-01 2.842624187E+00 2.104192227E-01
 1.207912207E+00 -1.250000000E-01 3.081450701E+00 2.104218304E-01
 1.207912207E+00 -1.250000000E-01 3.340342760E+00 2.104240060E-01
 1.207912207E+00 -1.250000000E-01 3.620985746E+00 2.104258090E-01
 1.207912207E+00 -1.250000000E-01 3.925207615E+00 2.104272991E-01
 1.207912207E+00 -1.250000000E-01 4.254988670E+00 2.104289234E-01
 1.207912207E+00 -1.250000000E-01 4.612476826E+00 2.104305029E-01
 1.207912207E+00 -1.250000000E-01 5.000000000E+00 0.000000000E+00
ZONE T="CFL3D, grid 4"
 1.207912207E+00 -1.250000000E-01 0.000000000E+00 0.000000000E+00
 1.207912207E+00 -1.250000000E-01 4.017105312E-06 5.178501397E-06
 1.207912207E+00 -1.250000000E-01 8.139012607E-06 4.960773731E-05
 1.207912207E+00 -1.250000000E-01 1.247325872E-05 2.423792321E-04
 1.207912207E+00 -1.250000000E-01 1.713291931E-05 8.313949802E-04
 1.207912207E+00 -1.250000000E-01 2.223956108E-05 2.326013055E-03
 1.207912207E+00 -1.250000000E-01 2.792640953E-05 5.735233892E-03
 1.207912207E+00 -1.250000000E-01 3.434183236E-05 1.301319897E-02
 1.207912207E+00 -1.250000000E-01 4.165319478E-05 2.786960267E-02
 1.207912207E+00 -1.250000000E-01 5.005125058E-05 5.720055476E-02
 1.207912207E+00 -1.250000000E-01 5.975508975E-05 1.135223433E-01
 1.207912207E+00 -1.250000000E-01 7.101787924E-05 2.188839614E-01
 1.207912207E+00 -1.250000000E-01 8.413345495E-05 4.104102552E-01
 1.207912207E+00 -1.250000000E-01 9.944399062E-05 7.455940247E-01
 1.207912207E+00 -1.250000000E-01 1.173489145E-04 1.300762415E+00
 1.207912207E+00 -1.250000000E-01 1.383153576E-04 2.154804230E+00
 1.207912207E+00 -1.250000000E-01 1.628902974E-04 3.361659288E+00
 1.207912207E+00 -1.250000000E-01 1.917148911E-04 4.930364609E+00
 1.207912207E+00 -1.250000000E-01 2.255411237E-04 6.830219269E+00
 1.207912207E+00 -1.250000000E-01 2.652514959E-04 9.019062042E+00
 1.207912207E+00 -1.250000000E-01 3.118820314E-04 1.147426414E+01
 1.207912207E+00 -1.250000000E-01 3.666492412E-04 1.420860672E+01
 1.207912207E+00 -1.250000000E-01 4.309819487E-04 1.726989937E+01
 1.207912207E+00 -1.250000000E-01 5.065585719E-04 2.073337364E+01
 1.207912207E+00 -1.250000000E-01 5.953507498E-04 2.469457245E+01
 1.207912207E+00 -1.250000000E-01 6.996750599E-04 2.926544380E+01
 1.207912207E+00 -1.250000000E-01 8.222531760E-04 3.457300568E+01
 1.207912207E+00 -1.250000000E-01 9.662830271E-04 4.075892258E+01
 1.207912207E+00 -1.250000000E-01 1.135522267E-03 4.797791290E+01
 1.207912207E+00 -1.250000000E-01 1.334386063E-03 5.639261246E+01
 1.207912207E+00 -1.250000000E-01 1.568062697E-03 6.616213989E+01
 1.207912207E+00 -1.250000000E-01 1.842648489E-03 7.742141724E+01
 1.207912207E+00 -1.250000000E-01 2.165307058E-03 9.024977875E+01
 1.207912207E+00 -1.250000000E-01 2.544456394E-03 1.046314087E+02
 1.207912207E+00 -1.250000000E-01 2.989988076E-03 1.204153900E+02
 1.207912207E+00 -1.250000000E-01 3.513525473E-03 1.372836761E+02
 1.207912207E+00 -1.250000000E-01 4.128727131E-03 1.547253113E+02
 1.207912207E+00 -1.250000000E-01 4.851642996E-03 1.720004883E+02
 1.207912207E+00 -1.250000000E-01 5.701133516E-03 1.880753937E+02
 1.207912207E+00 -1.250000000E-01 6.699360907E-03 2.015226593E+02
 1.207912207E+00 -1.250000000E-01 7.872368209E-03 2.103967285E+02
 1.207912207E+00 -1.250000000E-01 9.250756353E-03 2.120982361E+02
 1.207912207E+00 -1.250000000E-01 1.087048836E-02 2.032623596E+02
 1.207912207E+00 -1.250000000E-01 1.277382020E-02 1.798507690E+02
 1.207912207E+00 -1.250000000E-01 1.501040813E-02 1.385239868E+02
 1.207912207E+00 -1.250000000E-01 1.763860323E-02 8.295313263E+01
 1.207912207E+00 -1.250000000E-01 2.072697133E-02 3.135550499E+01
 1.207912207E+00 -1.250000000E-01 2.435608394E-02 4.821477413E+00
 1.207912207E+00 -1.250000000E-01 2.862062305E-02 3.866885090E-04
 1.207912207E+00 -1.250000000E-01 3.363184631E-02 3.187203035E-02
 1.207912207E+00 -1.250000000E-01 3.952048719E-02 1.407792568E-01
 1.207912207E+00 -1.250000000E-01 4.644018039E-02 2.448438704E-01
 1.207912207E+00 -1.250000000E-01 5.457144976E-02 2.543886602E-01
 1.207912207E+00 -1.250000000E-01 6.412643194E-02 2.300124317E-01
 1.207912207E+00 -1.250000000E-01 7.535441220E-02 2.164294720E-01
 1.207912207E+00 -1.250000000E-01 8.854831010E-02 2.137950212E-01
 1.207912207E+00 -1.250000000E-01 1.040523425E-01 2.143478841E-01
 1.207912207E+00 -1.250000000E-01 1.222710013E-01 2.145305276E-01
 1.207912207E+00 -1.250000000E-01 1.436795741E-01 2.140394002E-01
 1.207912207E+00 -1.250000000E-01 1.688366085E-01 2.133222371E-01
 1.207912207E+00 -1.250000000E-01 1.983984262E-01 2.126202285E-01
 1.207912207E+00 -1.250000000E-01 2.331362516E-01 2.119885087E-01
 1.207912207E+00 -1.250000000E-01 2.739563584E-01 2.114458084E-01
 1.207912207E+00 -1.250000000E-01 3.219237328E-01 2.110148072E-01
 1.207912207E+00 -1.250000000E-01 3.782897592E-01 2.107098997E-01
 1.207912207E+00 -1.250000000E-01 4.445249736E-01 2.105237842E-01
 1.207912207E+00 -1.250000000E-01 5.223574042E-01 2.104258686E-01
 1.207912207E+00 -1.250000000E-01 6.138176322E-01 2.103808373E-01
 1.207912207E+00 -1.250000000E-01 7.212917209E-01 2.103657871E-01
 1.207912207E+00 -1.250000000E-01 8.475835919E-01 2.103666812E-01
 1.207912207E+00 -1.250000000E-01 9.959880114E-01 2.103740722E-01
 1.207912207E+00 -1.250000000E-01 1.170376778E+00 2.103834301E-01
 1.207912207E+00 -1.250000000E-01 1.375299573E+00 2.103933692E-01
 1.207912207E+00 -1.250000000E-01 1.616102457E+00 2.104032189E-01
 1.207912207E+00 -1.250000000E-01 1.899067760E+00 2.104121745E-01
 1.207912207E+00 -1.250000000E-01 2.231577873E+00 2.104196846E-01
 1.207912207E+00 -1.250000000E-01 2.622307777E+00 2.104255706E-01
 1.207912207E+00 -1.250000000E-01 3.081450701E+00 2.104299068E-01
 1.207912207E+00 -1.250000000E-01 3.620985746E+00 2.104332298E-01
 1.207912207E+00 -1.250000000E-01 4.254988670E+00 2.104358822E-01
 1.207912207E+00 -1.250000000E-01 5.000000000E+00 0.000000000E+00
