VARIABLES = "X","Y","Z","cp"
ZONE T="FUN3D, grid 1"
    0.000000000E+00    0.000000000E+00    0.000000000E+00    0.440057479E-01
    0.799999980E-03    0.000000000E+00    0.000000000E+00    0.165835228E-01
    0.160626497E-02    0.000000000E+00    0.000000000E+00    0.230952669E-01
    0.241883728E-02    0.000000000E+00    0.000000000E+00    0.211573783E-01
    0.323775923E-02    0.000000000E+00    0.000000000E+00    0.225239191E-01
    0.406307355E-02    0.000000000E+00    0.000000000E+00    0.227730870E-01
    0.489482284E-02    0.000000000E+00    0.000000000E+00    0.233621951E-01
    0.573305041E-02    0.000000000E+00    0.000000000E+00    0.237022713E-01
    0.657779956E-02    0.000000000E+00    0.000000000E+00    0.240603741E-01
    0.742911268E-02    0.000000000E+00    0.000000000E+00    0.243493393E-01
    0.828703400E-02    0.000000000E+00    0.000000000E+00    0.246217456E-01
    0.915160682E-02    0.000000000E+00    0.000000000E+00    0.248638131E-01
    0.100228749E-01    0.000000000E+00    0.000000000E+00    0.250866860E-01
    0.109008821E-01    0.000000000E+00    0.000000000E+00    0.252887327E-01
    0.117856730E-01    0.000000000E+00    0.000000000E+00    0.254732408E-01
    0.126772914E-01    0.000000000E+00    0.000000000E+00    0.256411396E-01
    0.135757821E-01    0.000000000E+00    0.000000000E+00    0.257944632E-01
    0.144811887E-01    0.000000000E+00    0.000000000E+00    0.259346105E-01
    0.153935570E-01    0.000000000E+00    0.000000000E+00    0.260632764E-01
    0.163129307E-01    0.000000000E+00    0.000000000E+00    0.261816159E-01
    0.172393564E-01    0.000000000E+00    0.000000000E+00    0.262911618E-01
    0.181728769E-01    0.000000000E+00    0.000000000E+00    0.263928697E-01
    0.191135407E-01    0.000000000E+00    0.000000000E+00    0.264878720E-01
    0.200613905E-01    0.000000000E+00    0.000000000E+00    0.265770331E-01
    0.210164711E-01    0.000000000E+00    0.000000000E+00    0.266612731E-01
    0.219788309E-01    0.000000000E+00    0.000000000E+00    0.267412513E-01
    0.229485147E-01    0.000000000E+00    0.000000000E+00    0.268176570E-01
    0.239255689E-01    0.000000000E+00    0.000000000E+00    0.268910248E-01
    0.249100383E-01    0.000000000E+00    0.000000000E+00    0.269619320E-01
    0.259019695E-01    0.000000000E+00    0.000000000E+00    0.270307362E-01
    0.269014090E-01    0.000000000E+00    0.000000000E+00    0.270978902E-01
    0.279084034E-01    0.000000000E+00    0.000000000E+00    0.271636527E-01
    0.289229993E-01    0.000000000E+00    0.000000000E+00    0.272283945E-01
    0.299452413E-01    0.000000000E+00    0.000000000E+00    0.272923019E-01
    0.309751798E-01    0.000000000E+00    0.000000000E+00    0.273556672E-01
    0.320128575E-01    0.000000000E+00    0.000000000E+00    0.274186600E-01
    0.330583267E-01    0.000000000E+00    0.000000000E+00    0.274815541E-01
    0.341116302E-01    0.000000000E+00    0.000000000E+00    0.275443457E-01
    0.351728164E-01    0.000000000E+00    0.000000000E+00    0.276073013E-01
    0.362419300E-01    0.000000000E+00    0.000000000E+00    0.276704840E-01
    0.373190232E-01    0.000000000E+00    0.000000000E+00    0.277340691E-01
    0.384041406E-01    0.000000000E+00    0.000000000E+00    0.277982466E-01
    0.394973308E-01    0.000000000E+00    0.000000000E+00    0.278630424E-01
    0.405986421E-01    0.000000000E+00    0.000000000E+00    0.279284939E-01
    0.417081192E-01    0.000000000E+00    0.000000000E+00    0.279946849E-01
    0.428258106E-01    0.000000000E+00    0.000000000E+00    0.280618500E-01
    0.439517647E-01    0.000000000E+00    0.000000000E+00    0.281298738E-01
    0.450860299E-01    0.000000000E+00    0.000000000E+00    0.281989500E-01
    0.462286547E-01    0.000000000E+00    0.000000000E+00    0.282690749E-01
    0.473796837E-01    0.000000000E+00    0.000000000E+00    0.283402894E-01
    0.485391691E-01    0.000000000E+00    0.000000000E+00    0.284127481E-01
    0.497071557E-01    0.000000000E+00    0.000000000E+00    0.284864623E-01
    0.508836955E-01    0.000000000E+00    0.000000000E+00    0.285614394E-01
    0.520688333E-01    0.000000000E+00    0.000000000E+00    0.286377184E-01
    0.532626212E-01    0.000000000E+00    0.000000000E+00    0.287154000E-01
    0.544651002E-01    0.000000000E+00    0.000000000E+00    0.287945028E-01
    0.556763262E-01    0.000000000E+00    0.000000000E+00    0.288751200E-01
    0.568963438E-01    0.000000000E+00    0.000000000E+00    0.289572198E-01
    0.581251979E-01    0.000000000E+00    0.000000000E+00    0.290408582E-01
    0.593629442E-01    0.000000000E+00    0.000000000E+00    0.291260835E-01
    0.606096275E-01    0.000000000E+00    0.000000000E+00    0.292129647E-01
    0.618652962E-01    0.000000000E+00    0.000000000E+00    0.293015093E-01
    0.631299987E-01    0.000000000E+00    0.000000000E+00    0.293917544E-01
    0.644037798E-01    0.000000000E+00    0.000000000E+00    0.294837393E-01
    0.656866953E-01    0.000000000E+00    0.000000000E+00    0.295774657E-01
    0.669787824E-01    0.000000000E+00    0.000000000E+00    0.296730939E-01
    0.682801008E-01    0.000000000E+00    0.000000000E+00    0.297704898E-01
    0.695906952E-01    0.000000000E+00    0.000000000E+00    0.298698265E-01
    0.709106177E-01    0.000000000E+00    0.000000000E+00    0.299710836E-01
    0.722399056E-01    0.000000000E+00    0.000000000E+00    0.300743040E-01
    0.735786110E-01    0.000000000E+00    0.000000000E+00    0.301795639E-01
    0.749267861E-01    0.000000000E+00    0.000000000E+00    0.302868281E-01
    0.762844756E-01    0.000000000E+00    0.000000000E+00    0.303961802E-01
    0.776517317E-01    0.000000000E+00    0.000000000E+00    0.305076446E-01
    0.790285990E-01    0.000000000E+00    0.000000000E+00    0.306212734E-01
    0.804151222E-01    0.000000000E+00    0.000000000E+00    0.307370685E-01
    0.818113536E-01    0.000000000E+00    0.000000000E+00    0.308551285E-01
    0.832173377E-01    0.000000000E+00    0.000000000E+00    0.309754796E-01
    0.846331269E-01    0.000000000E+00    0.000000000E+00    0.310981814E-01
    0.860587582E-01    0.000000000E+00    0.000000000E+00    0.312232170E-01
    0.874942988E-01    0.000000000E+00    0.000000000E+00    0.313506685E-01
    0.889397711E-01    0.000000000E+00    0.000000000E+00    0.314805470E-01
    0.903952420E-01    0.000000000E+00    0.000000000E+00    0.316129550E-01
    0.918607488E-01    0.000000000E+00    0.000000000E+00    0.317479149E-01
    0.933363438E-01    0.000000000E+00    0.000000000E+00    0.318854787E-01
    0.948220640E-01    0.000000000E+00    0.000000000E+00    0.320256911E-01
    0.963179693E-01    0.000000000E+00    0.000000000E+00    0.321685895E-01
    0.978240892E-01    0.000000000E+00    0.000000000E+00    0.323142409E-01
    0.993404910E-01    0.000000000E+00    0.000000000E+00    0.324626938E-01
    0.100867204E+00    0.000000000E+00    0.000000000E+00    0.326140076E-01
    0.102404281E+00    0.000000000E+00    0.000000000E+00    0.327682272E-01
    0.103951767E+00    0.000000000E+00    0.000000000E+00    0.329254270E-01
    0.105509706E+00    0.000000000E+00    0.000000000E+00    0.330856442E-01
    0.107078143E+00    0.000000000E+00    0.000000000E+00    0.332489647E-01
    0.108657122E+00    0.000000000E+00    0.000000000E+00    0.334154218E-01
    0.110246696E+00    0.000000000E+00    0.000000000E+00    0.335851051E-01
    0.111846901E+00    0.000000000E+00    0.000000000E+00    0.337580554E-01
    0.113457792E+00    0.000000000E+00    0.000000000E+00    0.339343585E-01
    0.115079396E+00    0.000000000E+00    0.000000000E+00    0.341140777E-01
    0.116711765E+00    0.000000000E+00    0.000000000E+00    0.342972800E-01
    0.118354954E+00    0.000000000E+00    0.000000000E+00    0.344840400E-01
    0.120008990E+00    0.000000000E+00    0.000000000E+00    0.346744396E-01
    0.121673927E+00    0.000000000E+00    0.000000000E+00    0.348685458E-01
    0.123349801E+00    0.000000000E+00    0.000000000E+00    0.350664444E-01
    0.125036657E+00    0.000000000E+00    0.000000000E+00    0.352682173E-01
    0.126734540E+00    0.000000000E+00    0.000000000E+00    0.354739465E-01
    0.128443494E+00    0.000000000E+00    0.000000000E+00    0.356837474E-01
    0.130163550E+00    0.000000000E+00    0.000000000E+00    0.358976275E-01
    0.131894752E+00    0.000000000E+00    0.000000000E+00    0.361157618E-01
    0.133637160E+00    0.000000000E+00    0.000000000E+00    0.363382138E-01
    0.135390788E+00    0.000000000E+00    0.000000000E+00    0.365650840E-01
    0.137155682E+00    0.000000000E+00    0.000000000E+00    0.367964692E-01
    0.138931900E+00    0.000000000E+00    0.000000000E+00    0.370325148E-01
    0.140719473E+00    0.000000000E+00    0.000000000E+00    0.372732468E-01
    0.142518416E+00    0.000000000E+00    0.000000000E+00    0.375187918E-01
    0.144328803E+00    0.000000000E+00    0.000000000E+00    0.377693474E-01
    0.146150663E+00    0.000000000E+00    0.000000000E+00    0.380249247E-01
    0.147984028E+00    0.000000000E+00    0.000000000E+00    0.382857099E-01
    0.149828926E+00    0.000000000E+00    0.000000000E+00    0.385518223E-01
    0.151685417E+00    0.000000000E+00    0.000000000E+00    0.388233773E-01
    0.153553516E+00    0.000000000E+00    0.000000000E+00    0.391005091E-01
    0.155433282E+00    0.000000000E+00    0.000000000E+00    0.393833630E-01
    0.157324731E+00    0.000000000E+00    0.000000000E+00    0.396720767E-01
    0.159227908E+00    0.000000000E+00    0.000000000E+00    0.399667844E-01
    0.161142841E+00    0.000000000E+00    0.000000000E+00    0.402676575E-01
    0.163069561E+00    0.000000000E+00    0.000000000E+00    0.405748673E-01
    0.165008128E+00    0.000000000E+00    0.000000000E+00    0.408885255E-01
    0.166958541E+00    0.000000000E+00    0.000000000E+00    0.412088595E-01
    0.168920860E+00    0.000000000E+00    0.000000000E+00    0.415359922E-01
    0.170895115E+00    0.000000000E+00    0.000000000E+00    0.418701284E-01
    0.172881320E+00    0.000000000E+00    0.000000000E+00    0.422114655E-01
    0.174879506E+00    0.000000000E+00    0.000000000E+00    0.425601639E-01
    0.176889733E+00    0.000000000E+00    0.000000000E+00    0.429164581E-01
    0.178911999E+00    0.000000000E+00    0.000000000E+00    0.432805158E-01
    0.180946350E+00    0.000000000E+00    0.000000000E+00    0.436525941E-01
    0.182992816E+00    0.000000000E+00    0.000000000E+00    0.440328941E-01
    0.185051411E+00    0.000000000E+00    0.000000000E+00    0.444216467E-01
    0.187122181E+00    0.000000000E+00    0.000000000E+00    0.448191054E-01
    0.189205155E+00    0.000000000E+00    0.000000000E+00    0.452255122E-01
    0.191300333E+00    0.000000000E+00    0.000000000E+00    0.456410907E-01
    0.193407774E+00    0.000000000E+00    0.000000000E+00    0.460661389E-01
    0.195527479E+00    0.000000000E+00    0.000000000E+00    0.465009771E-01
    0.197659478E+00    0.000000000E+00    0.000000000E+00    0.469458178E-01
    0.199803799E+00    0.000000000E+00    0.000000000E+00    0.474010110E-01
    0.201960474E+00    0.000000000E+00    0.000000000E+00    0.478668511E-01
    0.204129502E+00    0.000000000E+00    0.000000000E+00    0.483436436E-01
    0.206310928E+00    0.000000000E+00    0.000000000E+00    0.488317832E-01
    0.208504766E+00    0.000000000E+00    0.000000000E+00    0.493315756E-01
    0.210711032E+00    0.000000000E+00    0.000000000E+00    0.498434231E-01
    0.212929755E+00    0.000000000E+00    0.000000000E+00    0.503676422E-01
    0.215160936E+00    0.000000000E+00    0.000000000E+00    0.509046987E-01
    0.217404604E+00    0.000000000E+00    0.000000000E+00    0.514549985E-01
    0.219660789E+00    0.000000000E+00    0.000000000E+00    0.520189367E-01
    0.221929491E+00    0.000000000E+00    0.000000000E+00    0.525970347E-01
    0.224210724E+00    0.000000000E+00    0.000000000E+00    0.531897061E-01
    0.226504520E+00    0.000000000E+00    0.000000000E+00    0.537974760E-01
    0.228810877E+00    0.000000000E+00    0.000000000E+00    0.544208325E-01
    0.231129825E+00    0.000000000E+00    0.000000000E+00    0.550603606E-01
    0.233461365E+00    0.000000000E+00    0.000000000E+00    0.557166189E-01
    0.235805497E+00    0.000000000E+00    0.000000000E+00    0.563902073E-01
    0.238162249E+00    0.000000000E+00    0.000000000E+00    0.570817180E-01
    0.240531638E+00    0.000000000E+00    0.000000000E+00    0.577918589E-01
    0.242913648E+00    0.000000000E+00    0.000000000E+00    0.585213043E-01
    0.245308310E+00    0.000000000E+00    0.000000000E+00    0.592708103E-01
    0.247715622E+00    0.000000000E+00    0.000000000E+00    0.600410998E-01
    0.250135601E+00    0.000000000E+00    0.000000000E+00    0.608330034E-01
    0.252568245E+00    0.000000000E+00    0.000000000E+00    0.616473518E-01
    0.255013526E+00    0.000000000E+00    0.000000000E+00    0.624851324E-01
    0.257471502E+00    0.000000000E+00    0.000000000E+00    0.633472726E-01
    0.259942144E+00    0.000000000E+00    0.000000000E+00    0.642347187E-01
    0.262425482E+00    0.000000000E+00    0.000000000E+00    0.651485622E-01
    0.264921486E+00    0.000000000E+00    0.000000000E+00    0.660901666E-01
    0.267430157E+00    0.000000000E+00    0.000000000E+00    0.670604482E-01
    0.269951522E+00    0.000000000E+00    0.000000000E+00    0.680610016E-01
    0.272485554E+00    0.000000000E+00    0.000000000E+00    0.690929219E-01
    0.275032252E+00    0.000000000E+00    0.000000000E+00    0.701579973E-01
    0.277591616E+00    0.000000000E+00    0.000000000E+00    0.712576732E-01
    0.280163646E+00    0.000000000E+00    0.000000000E+00    0.723939240E-01
    0.282748342E+00    0.000000000E+00    0.000000000E+00    0.735684112E-01
    0.285345674E+00    0.000000000E+00    0.000000000E+00    0.747834221E-01
    0.287955642E+00    0.000000000E+00    0.000000000E+00    0.760410279E-01
    0.290578246E+00    0.000000000E+00    0.000000000E+00    0.773440823E-01
    0.293213457E+00    0.000000000E+00    0.000000000E+00    0.786950588E-01
    0.295861304E+00    0.000000000E+00    0.000000000E+00    0.800975785E-01
    0.298521727E+00    0.000000000E+00    0.000000000E+00    0.815553889E-01
    0.301194727E+00    0.000000000E+00    0.149999995E-10    0.830734447E-01
    0.303880304E+00    0.000000000E+00    0.168299996E-08    0.846560523E-01
    0.306578457E+00    0.000000000E+00    0.138980001E-07    0.863076672E-01
    0.309289098E+00    0.000000000E+00    0.552320003E-07    0.880302414E-01
    0.312012285E+00    0.000000000E+00    0.154380999E-06    0.898274928E-01
    0.314747959E+00    0.000000000E+00    0.350558992E-06    0.917079300E-01
    0.317496121E+00    0.000000000E+00    0.693883010E-06    0.936646908E-01
    0.320256740E+00    0.000000000E+00    0.124574399E-05    0.957017764E-01
    0.323029756E+00    0.000000000E+00    0.207915195E-05    0.978192389E-01
    0.325815231E+00    0.000000000E+00    0.327907196E-05    0.100016803E+00
    0.328613043E+00    0.000000000E+00    0.494272808E-05    0.102293789E+00
    0.331423223E+00    0.000000000E+00    0.717989678E-05    0.104648963E+00
    0.334245741E+00    0.000000000E+00    0.101131600E-04    0.107081391E+00
    0.337080568E+00    0.000000000E+00    0.138781461E-04    0.109588325E+00
    0.339927643E+00    0.000000000E+00    0.186237266E-04    0.112167396E+00
    0.342786968E+00    0.000000000E+00    0.245121955E-04    0.114815548E+00
    0.345658481E+00    0.000000000E+00    0.317194026E-04    0.117530048E+00
    0.348542184E+00    0.000000000E+00    0.404348648E-04    0.120306648E+00
    0.351438016E+00    0.000000000E+00    0.508618177E-04    0.123140968E+00
    0.354345918E+00    0.000000000E+00    0.632172596E-04    0.126029328E+00
    0.357265919E+00    0.000000000E+00    0.777319219E-04    0.128966242E+00
    0.360197902E+00    0.000000000E+00    0.946502259E-04    0.131945953E+00
    0.363141865E+00    0.000000000E+00    0.114230155E-03    0.134964362E+00
    0.366097748E+00    0.000000000E+00    0.136743125E-03    0.138014376E+00
    0.369065493E+00    0.000000000E+00    0.162473792E-03    0.141089678E+00
    0.372045070E+00    0.000000000E+00    0.191719752E-03    0.144184247E+00
    0.375036448E+00    0.000000000E+00    0.224791278E-03    0.147291005E+00
    0.378039539E+00    0.000000000E+00    0.262010959E-03    0.150402978E+00
    0.381054282E+00    0.000000000E+00    0.303713285E-03    0.153514102E+00
    0.384080619E+00    0.000000000E+00    0.350244110E-03    0.156615689E+00
    0.387118518E+00    0.000000000E+00    0.401960278E-03    0.159699544E+00
    0.390167862E+00    0.000000000E+00    0.459228846E-03    0.162758783E+00
    0.393228620E+00    0.000000000E+00    0.522426562E-03    0.165784985E+00
    0.396300733E+00    0.000000000E+00    0.591939082E-03    0.168769911E+00
    0.399384081E+00    0.000000000E+00    0.668160210E-03    0.171707124E+00
    0.402478576E+00    0.000000000E+00    0.751491112E-03    0.174585208E+00
    0.405584186E+00    0.000000000E+00    0.842339417E-03    0.177397042E+00
    0.408700794E+00    0.000000000E+00    0.941118109E-03    0.180135980E+00
    0.411828309E+00    0.000000000E+00    0.104824477E-02    0.182789981E+00
    0.414966643E+00    0.000000000E+00    0.116414018E-02    0.185352817E+00
    0.418115646E+00    0.000000000E+00    0.128922739E-02    0.187813938E+00
    0.421275288E+00    0.000000000E+00    0.142393063E-02    0.190168142E+00
    0.424445391E+00    0.000000000E+00    0.156867376E-02    0.192402259E+00
    0.427625865E+00    0.000000000E+00    0.172387925E-02    0.194510490E+00
    0.430816621E+00    0.000000000E+00    0.188996631E-02    0.196482971E+00
    0.434017479E+00    0.000000000E+00    0.206735078E-02    0.198310658E+00
    0.437228322E+00    0.000000000E+00    0.225644140E-02    0.199987546E+00
    0.440449029E+00    0.000000000E+00    0.245764153E-02    0.201501280E+00
    0.443679452E+00    0.000000000E+00    0.267134397E-02    0.202845290E+00
    0.446919471E+00    0.000000000E+00    0.289793313E-02    0.204010665E+00
    0.450168878E+00    0.000000000E+00    0.313778035E-02    0.204987750E+00
    0.453427553E+00    0.000000000E+00    0.339124398E-02    0.205771357E+00
    0.456695378E+00    0.000000000E+00    0.365866907E-02    0.206348822E+00
    0.459972113E+00    0.000000000E+00    0.394038111E-02    0.206714153E+00
    0.463257641E+00    0.000000000E+00    0.423669023E-02    0.206858307E+00
    0.466551810E+00    0.000000000E+00    0.454788795E-02    0.206772074E+00
    0.469854414E+00    0.000000000E+00    0.487424061E-02    0.206450582E+00
    0.473165274E+00    0.000000000E+00    0.521599595E-02    0.205880895E+00
    0.476484269E+00    0.000000000E+00    0.557337841E-02    0.205058023E+00
    0.479811162E+00    0.000000000E+00    0.594658265E-02    0.203972295E+00
    0.483145803E+00    0.000000000E+00    0.633578096E-02    0.202616438E+00
    0.486488015E+00    0.000000000E+00    0.674111815E-02    0.200982228E+00
    0.489837647E+00    0.000000000E+00    0.716270693E-02    0.199062169E+00
    0.493194491E+00    0.000000000E+00    0.760062877E-02    0.196846753E+00
    0.496558398E+00    0.000000000E+00    0.805494096E-02    0.194332212E+00
    0.499929220E+00    0.000000000E+00    0.852566492E-02    0.191505984E+00
    0.503306746E+00    0.000000000E+00    0.901278574E-02    0.188363627E+00
    0.506690800E+00    0.000000000E+00    0.951625779E-02    0.184896499E+00
    0.510081291E+00    0.000000000E+00    0.100360038E-01    0.181096703E+00
    0.513478041E+00    0.000000000E+00    0.105719091E-01    0.176960483E+00
    0.516880870E+00    0.000000000E+00    0.111238249E-01    0.172476202E+00
    0.520289719E+00    0.000000000E+00    0.116915591E-01    0.167639956E+00
    0.523704350E+00    0.000000000E+00    0.122748967E-01    0.162443668E+00
    0.527124762E+00    0.000000000E+00    0.128735797E-01    0.156881824E+00
    0.530550778E+00    0.000000000E+00    0.134873148E-01    0.150947779E+00
    0.533982337E+00    0.000000000E+00    0.141157713E-01    0.144635111E+00
    0.537419200E+00    0.000000000E+00    0.147585804E-01    0.137940258E+00
    0.540861487E+00    0.000000000E+00    0.154153453E-01    0.130856812E+00
    0.544308960E+00    0.000000000E+00    0.160856284E-01    0.123375900E+00
    0.547761679E+00    0.000000000E+00    0.167689584E-01    0.115497321E+00
    0.551219523E+00    0.000000000E+00    0.174648296E-01    0.107218206E+00
    0.554682493E+00    0.000000000E+00    0.181726981E-01    0.985290036E-01
    0.558150470E+00    0.000000000E+00    0.188919883E-01    0.894300118E-01
    0.561623514E+00    0.000000000E+00    0.196220949E-01    0.799183324E-01
    0.565101564E+00    0.000000000E+00    0.203623790E-01    0.699906722E-01
    0.568584740E+00    0.000000000E+00    0.211121663E-01    0.596457273E-01
    0.572072864E+00    0.000000000E+00    0.218707565E-01    0.488819517E-01
    0.575566113E+00    0.000000000E+00    0.226374157E-01    0.377001427E-01
    0.579064488E+00    0.000000000E+00    0.234113801E-01    0.260995589E-01
    0.582567990E+00    0.000000000E+00    0.241918601E-01    0.140834358E-01
    0.586076737E+00    0.000000000E+00    0.249780323E-01    0.165264029E-02
    0.589590669E+00    0.000000000E+00    0.257690530E-01   -0.111898668E-01
    0.593109965E+00    0.000000000E+00    0.265640523E-01   -0.244447682E-01
    0.596634626E+00    0.000000000E+00    0.273621306E-01   -0.381121002E-01
    0.600164831E+00    0.000000000E+00    0.281623676E-01   -0.521570630E-01
    0.603700519E+00    0.000000000E+00    0.289638173E-01   -0.665705204E-01
    0.607241929E+00    0.000000000E+00    0.297655147E-01   -0.813750178E-01
    0.610789061E+00    0.000000000E+00    0.305664707E-01   -0.965495184E-01
    0.614341974E+00    0.000000000E+00    0.313656777E-01   -0.112078004E+00
    0.617900848E+00    0.000000000E+00    0.321621113E-01   -0.127946153E+00
    0.621465743E+00    0.000000000E+00    0.329547301E-01   -0.144136712E+00
    0.625036776E+00    0.000000000E+00    0.337424688E-01   -0.160630584E+00
    0.628614008E+00    0.000000000E+00    0.345242582E-01   -0.177408397E+00
    0.632197499E+00    0.000000000E+00    0.352990069E-01   -0.194447622E+00
    0.635787427E+00    0.000000000E+00    0.360656157E-01   -0.211723313E+00
    0.639383733E+00    0.000000000E+00    0.368229784E-01   -0.229209736E+00
    0.642986536E+00    0.000000000E+00    0.375699773E-01   -0.246875122E+00
    0.646595955E+00    0.000000000E+00    0.383054875E-01   -0.264687955E+00
    0.650211930E+00    0.000000000E+00    0.390283801E-01   -0.282614678E+00
    0.653834581E+00    0.000000000E+00    0.397375263E-01   -0.300617009E+00
    0.657463908E+00    0.000000000E+00    0.404317975E-01   -0.318658054E+00
    0.661099791E+00    0.000000000E+00    0.411100611E-01   -0.336692005E+00
    0.664742410E+00    0.000000000E+00    0.417711958E-01   -0.354676187E+00
    0.668391585E+00    0.000000000E+00    0.424140915E-01   -0.372563779E+00
    0.672047317E+00    0.000000000E+00    0.430376381E-01   -0.390304416E+00
    0.675709486E+00    0.000000000E+00    0.436407514E-01   -0.407845944E+00
    0.679378092E+00    0.000000000E+00    0.442223549E-01   -0.425136417E+00
    0.683052957E+00    0.000000000E+00    0.447813943E-01   -0.442120284E+00
    0.686733902E+00    0.000000000E+00    0.453168452E-01   -0.458739489E+00
    0.690420866E+00    0.000000000E+00    0.458277017E-01   -0.474936992E+00
    0.694113553E+00    0.000000000E+00    0.463129915E-01   -0.490653187E+00
    0.697811842E+00    0.000000000E+00    0.467717797E-01   -0.505829751E+00
    0.701515436E+00    0.000000000E+00    0.472031683E-01   -0.520407379E+00
    0.705224097E+00    0.000000000E+00    0.476063006E-01   -0.534326553E+00
    0.708937585E+00    0.000000000E+00    0.479803607E-01   -0.547529995E+00
    0.712655544E+00    0.000000000E+00    0.483245887E-01   -0.559961200E+00
    0.716377616E+00    0.000000000E+00    0.486382768E-01   -0.571565986E+00
    0.720103502E+00    0.000000000E+00    0.489207655E-01   -0.582292616E+00
    0.723832846E+00    0.000000000E+00    0.491714664E-01   -0.592092454E+00
    0.727565229E+00    0.000000000E+00    0.493898466E-01   -0.600921333E+00
    0.731300235E+00    0.000000000E+00    0.495754331E-01   -0.608737409E+00
    0.735037506E+00    0.000000000E+00    0.497278310E-01   -0.615505576E+00
    0.738776505E+00    0.000000000E+00    0.498467088E-01   -0.621193051E+00
    0.742516935E+00    0.000000000E+00    0.499318093E-01   -0.625773490E+00
    0.746258259E+00    0.000000000E+00    0.499829426E-01   -0.629232109E+00
    0.750000000E+00    0.000000000E+00    0.500000008E-01   -0.631545365E+00
    0.753741741E+00    0.000000000E+00    0.499829426E-01   -0.632722199E+00
    0.757483065E+00    0.000000000E+00    0.499318093E-01   -0.632737637E+00
    0.761223495E+00    0.000000000E+00    0.498467088E-01   -0.631615817E+00
    0.764962494E+00    0.000000000E+00    0.497278310E-01   -0.629357278E+00
    0.768699765E+00    0.000000000E+00    0.495754331E-01   -0.625983596E+00
    0.772434771E+00    0.000000000E+00    0.493898466E-01   -0.621514738E+00
    0.776167154E+00    0.000000000E+00    0.491714664E-01   -0.615979910E+00
    0.779896498E+00    0.000000000E+00    0.489207655E-01   -0.609411240E+00
    0.783622384E+00    0.000000000E+00    0.486382768E-01   -0.601847470E+00
    0.787344456E+00    0.000000000E+00    0.483245887E-01   -0.593330860E+00
    0.791062415E+00    0.000000000E+00    0.479803607E-01   -0.583906710E+00
    0.794775903E+00    0.000000000E+00    0.476063006E-01   -0.573624849E+00
    0.798484564E+00    0.000000000E+00    0.472031683E-01   -0.562536955E+00
    0.802188158E+00    0.000000000E+00    0.467717797E-01   -0.550697386E+00
    0.805886447E+00    0.000000000E+00    0.463129915E-01   -0.538162410E+00
    0.809579134E+00    0.000000000E+00    0.458277017E-01   -0.524988890E+00
    0.813266098E+00    0.000000000E+00    0.453168452E-01   -0.511236072E+00
    0.816947043E+00    0.000000000E+00    0.447813943E-01   -0.496960372E+00
    0.820621908E+00    0.000000000E+00    0.442223549E-01   -0.482222259E+00
    0.824290514E+00    0.000000000E+00    0.436407514E-01   -0.467077941E+00
    0.827952683E+00    0.000000000E+00    0.430376381E-01   -0.451583505E+00
    0.831608415E+00    0.000000000E+00    0.424140915E-01   -0.435795218E+00
    0.835257590E+00    0.000000000E+00    0.417711958E-01   -0.419768810E+00
    0.838900209E+00    0.000000000E+00    0.411100611E-01   -0.403553724E+00
    0.842536092E+00    0.000000000E+00    0.404317975E-01   -0.387200177E+00
    0.846165419E+00    0.000000000E+00    0.397375263E-01   -0.370759577E+00
    0.849788070E+00    0.000000000E+00    0.390283801E-01   -0.354272783E+00
    0.853404045E+00    0.000000000E+00    0.383054875E-01   -0.337786555E+00
    0.857013464E+00    0.000000000E+00    0.375699773E-01   -0.321339011E+00
    0.860616267E+00    0.000000000E+00    0.368229784E-01   -0.304970771E+00
    0.864212573E+00    0.000000000E+00    0.360656157E-01   -0.288718760E+00
    0.867802501E+00    0.000000000E+00    0.352990069E-01   -0.272611439E+00
    0.871385992E+00    0.000000000E+00    0.345242582E-01   -0.256681681E+00
    0.874963224E+00    0.000000000E+00    0.337424688E-01   -0.240956142E+00
    0.878534257E+00    0.000000000E+00    0.329547301E-01   -0.225461483E+00
    0.882099152E+00    0.000000000E+00    0.321621113E-01   -0.210223034E+00
    0.885658026E+00    0.000000000E+00    0.313656777E-01   -0.195259020E+00
    0.889210939E+00    0.000000000E+00    0.305664707E-01   -0.180585563E+00
    0.892758071E+00    0.000000000E+00    0.297655147E-01   -0.166213736E+00
    0.896299481E+00    0.000000000E+00    0.289638173E-01   -0.152153194E+00
    0.899835169E+00    0.000000000E+00    0.281623676E-01   -0.138433620E+00
    0.903365374E+00    0.000000000E+00    0.273621306E-01   -0.125082865E+00
    0.906890035E+00    0.000000000E+00    0.265640523E-01   -0.112088360E+00
    0.910409331E+00    0.000000000E+00    0.257690530E-01   -0.994407311E-01
    0.913923263E+00    0.000000000E+00    0.249780323E-01   -0.871592686E-01
    0.917432010E+00    0.000000000E+00    0.241918601E-01   -0.752440468E-01
    0.920935512E+00    0.000000000E+00    0.234113801E-01   -0.636986270E-01
    0.924433887E+00    0.000000000E+00    0.226374157E-01   -0.525255836E-01
    0.927927136E+00    0.000000000E+00    0.218707565E-01   -0.417224616E-01
    0.931415260E+00    0.000000000E+00    0.211121663E-01   -0.312910527E-01
    0.934898436E+00    0.000000000E+00    0.203623790E-01   -0.212270431E-01
    0.938376486E+00    0.000000000E+00    0.196220949E-01   -0.115288962E-01
    0.941849530E+00    0.000000000E+00    0.188919883E-01   -0.219153031E-02
    0.945317507E+00    0.000000000E+00    0.181726981E-01    0.678576576E-02
    0.948780477E+00    0.000000000E+00    0.174648296E-01    0.154080419E-01
    0.952238321E+00    0.000000000E+00    0.167689584E-01    0.236874297E-01
    0.955691040E+00    0.000000000E+00    0.160856284E-01    0.316191092E-01
    0.959138513E+00    0.000000000E+00    0.154153453E-01    0.392105244E-01
    0.962580800E+00    0.000000000E+00    0.147585804E-01    0.464737564E-01
    0.966017663E+00    0.000000000E+00    0.141157713E-01    0.534102358E-01
    0.969449222E+00    0.000000000E+00    0.134873148E-01    0.600242205E-01
    0.972875238E+00    0.000000000E+00    0.128735797E-01    0.663241669E-01
    0.976295650E+00    0.000000000E+00    0.122748967E-01    0.723150671E-01
    0.979710281E+00    0.000000000E+00    0.116915591E-01    0.780032873E-01
    0.983119130E+00    0.000000000E+00    0.111238249E-01    0.833949670E-01
    0.986521959E+00    0.000000000E+00    0.105719091E-01    0.884936601E-01
    0.989918709E+00    0.000000000E+00    0.100360038E-01    0.933107287E-01
    0.993309200E+00    0.000000000E+00    0.951625779E-02    0.978446305E-01
    0.996693254E+00    0.000000000E+00    0.901278574E-02    0.102105588E+00
    0.100007081E+01    0.000000000E+00    0.852566492E-02    0.106097311E+00
    0.100344157E+01    0.000000000E+00    0.805494096E-02    0.109824054E+00
    0.100680554E+01    0.000000000E+00    0.760062877E-02    0.113296077E+00
    0.101016235E+01    0.000000000E+00    0.716270693E-02    0.116511874E+00
    0.101351202E+01    0.000000000E+00    0.674111815E-02    0.119480759E+00
    0.101685417E+01    0.000000000E+00    0.633578096E-02    0.122206084E+00
    0.102018881E+01    0.000000000E+00    0.594658265E-02    0.124693833E+00
    0.102351570E+01    0.000000000E+00    0.557337841E-02    0.126948684E+00
    0.102683473E+01    0.000000000E+00    0.521599595E-02    0.128975838E+00
    0.103014564E+01    0.000000000E+00    0.487424061E-02    0.130778998E+00
    0.103344822E+01    0.000000000E+00    0.454788795E-02    0.132367492E+00
    0.103674233E+01    0.000000000E+00    0.423669023E-02    0.133740738E+00
    0.104002786E+01    0.000000000E+00    0.394038111E-02    0.134907573E+00
    0.104330468E+01    0.000000000E+00    0.365866907E-02    0.135872275E+00
    0.104657245E+01    0.000000000E+00    0.339124398E-02    0.136639208E+00
    0.104983115E+01    0.000000000E+00    0.313778035E-02    0.137217790E+00
    0.105308056E+01    0.000000000E+00    0.289793313E-02    0.137608454E+00
    0.105632055E+01    0.000000000E+00    0.267134397E-02    0.137820303E+00
    0.105955100E+01    0.000000000E+00    0.245764153E-02    0.137858003E+00
    0.106277168E+01    0.000000000E+00    0.225644140E-02    0.137727395E+00
    0.106598258E+01    0.000000000E+00    0.206735078E-02    0.137437120E+00
    0.106918335E+01    0.000000000E+00    0.188996631E-02    0.136989877E+00
    0.107237410E+01    0.000000000E+00    0.172387925E-02    0.136394337E+00
    0.107555461E+01    0.000000000E+00    0.156867376E-02    0.135656551E+00
    0.107872474E+01    0.000000000E+00    0.142393063E-02    0.134782821E+00
    0.108188438E+01    0.000000000E+00    0.128922739E-02    0.133782253E+00
    0.108503342E+01    0.000000000E+00    0.116414018E-02    0.132658497E+00
    0.108817172E+01    0.000000000E+00    0.104824477E-02    0.131420881E+00
    0.109129918E+01    0.000000000E+00    0.941118109E-03    0.130075455E+00
    0.109441578E+01    0.000000000E+00    0.842339417E-03    0.128631264E+00
    0.109752142E+01    0.000000000E+00    0.751491112E-03    0.127093151E+00
    0.110061598E+01    0.000000000E+00    0.668160210E-03    0.125469878E+00
    0.110369933E+01    0.000000000E+00    0.591939082E-03    0.123769447E+00
    0.110677135E+01    0.000000000E+00    0.522426562E-03    0.121997572E+00
    0.110983217E+01    0.000000000E+00    0.459228846E-03    0.120162666E+00
    0.111288154E+01    0.000000000E+00    0.401960278E-03    0.118271828E+00
    0.111591935E+01    0.000000000E+00    0.350244110E-03    0.116332345E+00
    0.111894572E+01    0.000000000E+00    0.303713285E-03    0.114351973E+00
    0.112196052E+01    0.000000000E+00    0.262010959E-03    0.112337291E+00
    0.112496352E+01    0.000000000E+00    0.224791278E-03    0.110294633E+00
    0.112795496E+01    0.000000000E+00    0.191719752E-03    0.108231567E+00
    0.113093448E+01    0.000000000E+00    0.162473792E-03    0.106154606E+00
    0.113390231E+01    0.000000000E+00    0.136743125E-03    0.104070157E+00
    0.113685811E+01    0.000000000E+00    0.114230155E-03    0.101984858E+00
    0.113980210E+01    0.000000000E+00    0.946502259E-04    0.999042317E-01
    0.114273405E+01    0.000000000E+00    0.777319219E-04    0.978338197E-01
    0.114565408E+01    0.000000000E+00    0.632172596E-04    0.957797989E-01
    0.114856195E+01    0.000000000E+00    0.508618177E-04    0.937468260E-01
    0.115145779E+01    0.000000000E+00    0.404348648E-04    0.917397439E-01
    0.115434146E+01    0.000000000E+00    0.317194026E-04    0.897636488E-01
    0.115721297E+01    0.000000000E+00    0.245121955E-04    0.878222957E-01
    0.116007233E+01    0.000000000E+00    0.186237266E-04    0.859195888E-01
    0.116291940E+01    0.000000000E+00    0.138781461E-04    0.840594843E-01
    0.116575420E+01    0.000000000E+00    0.101131600E-04    0.822449327E-01
    0.116857672E+01    0.000000000E+00    0.717989678E-05    0.804785714E-01
    0.117138696E+01    0.000000000E+00    0.494272808E-05    0.787628740E-01
    0.117418480E+01    0.000000000E+00    0.327907196E-05    0.771002099E-01
    0.117697024E+01    0.000000000E+00    0.207915195E-05    0.754920617E-01
    0.117974329E+01    0.000000000E+00    0.124574399E-05    0.739392042E-01
    0.118250394E+01    0.000000000E+00    0.693883010E-06    0.724420175E-01
    0.118525207E+01    0.000000000E+00    0.350558992E-06    0.710006505E-01
    0.118798768E+01    0.000000000E+00    0.154380999E-06    0.696136504E-01
    0.119071090E+01    0.000000000E+00    0.552320003E-07    0.682876632E-01
    0.119342160E+01    0.000000000E+00    0.138980001E-07    0.670171827E-01
    0.119611967E+01    0.000000000E+00    0.168299996E-08    0.657994077E-01
    0.119880521E+01    0.000000000E+00    0.149999995E-10    0.646321252E-01
    0.120147824E+01    0.000000000E+00    0.000000000E+00    0.635132268E-01
    0.120413876E+01    0.000000000E+00    0.000000000E+00    0.624395236E-01
    0.120678651E+01    0.000000000E+00    0.000000000E+00    0.614079051E-01
    0.120942175E+01    0.000000000E+00    0.000000000E+00    0.604155958E-01
    0.121204436E+01    0.000000000E+00    0.000000000E+00    0.594602488E-01
    0.121465433E+01    0.000000000E+00    0.000000000E+00    0.585397407E-01
    0.121725166E+01    0.000000000E+00    0.000000000E+00    0.576522015E-01
    0.121983635E+01    0.000000000E+00    0.000000000E+00    0.567958616E-01
    0.122240841E+01    0.000000000E+00    0.000000000E+00    0.559691377E-01
    0.122496772E+01    0.000000000E+00    0.000000000E+00    0.551705323E-01
    0.122751451E+01    0.000000000E+00    0.000000000E+00    0.543986596E-01
    0.123004854E+01    0.000000000E+00    0.000000000E+00    0.536522493E-01
    0.123256981E+01    0.000000000E+00    0.000000000E+00    0.529300757E-01
    0.123507857E+01    0.000000000E+00    0.000000000E+00    0.522310212E-01
    0.123757446E+01    0.000000000E+00    0.000000000E+00    0.515540168E-01
    0.124005783E+01    0.000000000E+00    0.000000000E+00    0.508980677E-01
    0.124252844E+01    0.000000000E+00    0.000000000E+00    0.502622426E-01
    0.124498642E+01    0.000000000E+00    0.000000000E+00    0.496456400E-01
    0.124743176E+01    0.000000000E+00    0.000000000E+00    0.490474515E-01
    0.124986446E+01    0.000000000E+00    0.000000000E+00    0.484668538E-01
    0.125228441E+01    0.000000000E+00    0.000000000E+00    0.479031242E-01
    0.125469172E+01    0.000000000E+00    0.000000000E+00    0.473555364E-01
    0.125708640E+01    0.000000000E+00    0.000000000E+00    0.468234308E-01
    0.125946832E+01    0.000000000E+00    0.000000000E+00    0.463061705E-01
    0.126183772E+01    0.000000000E+00    0.000000000E+00    0.458031446E-01
    0.126419449E+01    0.000000000E+00    0.000000000E+00    0.453137867E-01
    0.126653862E+01    0.000000000E+00    0.000000000E+00    0.448375382E-01
    0.126887023E+01    0.000000000E+00    0.000000000E+00    0.443738885E-01
    0.127118909E+01    0.000000000E+00    0.000000000E+00    0.439223386E-01
    0.127349544E+01    0.000000000E+00    0.000000000E+00    0.434824228E-01
    0.127578926E+01    0.000000000E+00    0.000000000E+00    0.430536829E-01
    0.127807045E+01    0.000000000E+00    0.000000000E+00    0.426356979E-01
    0.128033924E+01    0.000000000E+00    0.000000000E+00    0.422280543E-01
    0.128259540E+01    0.000000000E+00    0.000000000E+00    0.418303683E-01
    0.128483903E+01    0.000000000E+00    0.000000000E+00    0.414422602E-01
    0.128707027E+01    0.000000000E+00    0.000000000E+00    0.410633720E-01
    0.128928900E+01    0.000000000E+00    0.000000000E+00    0.406933725E-01
    0.129149520E+01    0.000000000E+00    0.000000000E+00    0.403319299E-01
    0.129368901E+01    0.000000000E+00    0.000000000E+00    0.399787389E-01
    0.129587054E+01    0.000000000E+00    0.000000000E+00    0.396334939E-01
    0.129803956E+01    0.000000000E+00    0.000000000E+00    0.392959118E-01
    0.130019617E+01    0.000000000E+00    0.000000000E+00    0.389657244E-01
    0.130234051E+01    0.000000000E+00    0.000000000E+00    0.386426635E-01
    0.130447257E+01    0.000000000E+00    0.000000000E+00    0.383264832E-01
    0.130659223E+01    0.000000000E+00    0.000000000E+00    0.380169377E-01
    0.130869961E+01    0.000000000E+00    0.000000000E+00    0.377137996E-01
    0.131079483E+01    0.000000000E+00    0.000000000E+00    0.374168493E-01
    0.131287777E+01    0.000000000E+00    0.000000000E+00    0.371258706E-01
    0.131494856E+01    0.000000000E+00    0.000000000E+00    0.368406624E-01
    0.131700718E+01    0.000000000E+00    0.000000000E+00    0.365610234E-01
    0.131905365E+01    0.000000000E+00    0.000000000E+00    0.362867750E-01
    0.132108796E+01    0.000000000E+00    0.000000000E+00    0.360177271E-01
    0.132311022E+01    0.000000000E+00    0.000000000E+00    0.357537158E-01
    0.132512045E+01    0.000000000E+00    0.000000000E+00    0.354945622E-01
    0.132711863E+01    0.000000000E+00    0.000000000E+00    0.352401137E-01
    0.132910490E+01    0.000000000E+00    0.000000000E+00    0.349902138E-01
    0.133107913E+01    0.000000000E+00    0.000000000E+00    0.347447172E-01
    0.133304143E+01    0.000000000E+00    0.000000000E+00    0.345034711E-01
    0.133499193E+01    0.000000000E+00    0.000000000E+00    0.342663526E-01
    0.133693039E+01    0.000000000E+00    0.000000000E+00    0.340332128E-01
    0.133885717E+01    0.000000000E+00    0.000000000E+00    0.338039398E-01
    0.134077215E+01    0.000000000E+00    0.000000000E+00    0.335783958E-01
    0.134267533E+01    0.000000000E+00    0.000000000E+00    0.333564803E-01
    0.134456670E+01    0.000000000E+00    0.000000000E+00    0.331380591E-01
    0.134644651E+01    0.000000000E+00    0.000000000E+00    0.329230353E-01
    0.134831464E+01    0.000000000E+00    0.000000000E+00    0.327112973E-01
    0.135017109E+01    0.000000000E+00    0.000000000E+00    0.325027481E-01
    0.135201597E+01    0.000000000E+00    0.000000000E+00    0.322972760E-01
    0.135384929E+01    0.000000000E+00    0.000000000E+00    0.320947990E-01
    0.135567117E+01    0.000000000E+00    0.000000000E+00    0.318952166E-01
    0.135748160E+01    0.000000000E+00    0.000000000E+00    0.316984504E-01
    0.135928059E+01    0.000000000E+00    0.000000000E+00    0.315043963E-01
    0.136106813E+01    0.000000000E+00    0.000000000E+00    0.313129872E-01
    0.136284435E+01    0.000000000E+00    0.000000000E+00    0.311241317E-01
    0.136460924E+01    0.000000000E+00    0.000000000E+00    0.309377629E-01
    0.136636281E+01    0.000000000E+00    0.000000000E+00    0.307537932E-01
    0.136810529E+01    0.000000000E+00    0.000000000E+00    0.305721574E-01
    0.136983645E+01    0.000000000E+00    0.000000000E+00    0.303927790E-01
    0.137155652E+01    0.000000000E+00    0.000000000E+00    0.302155968E-01
    0.137326550E+01    0.000000000E+00    0.000000000E+00    0.300405361E-01
    0.137496328E+01    0.000000000E+00    0.000000000E+00    0.298675392E-01
    0.137665021E+01    0.000000000E+00    0.000000000E+00    0.296965353E-01
    0.137832606E+01    0.000000000E+00    0.000000000E+00    0.295274742E-01
    0.137999106E+01    0.000000000E+00    0.000000000E+00    0.293602869E-01
    0.138164508E+01    0.000000000E+00    0.000000000E+00    0.291949213E-01
    0.138328826E+01    0.000000000E+00    0.000000000E+00    0.290313195E-01
    0.138492060E+01    0.000000000E+00    0.000000000E+00    0.288694277E-01
    0.138654220E+01    0.000000000E+00    0.000000000E+00    0.287091918E-01
    0.138815308E+01    0.000000000E+00    0.000000000E+00    0.285505652E-01
    0.138975334E+01    0.000000000E+00    0.000000000E+00    0.283934902E-01
    0.139134288E+01    0.000000000E+00    0.000000000E+00    0.282379240E-01
    0.139292181E+01    0.000000000E+00    0.000000000E+00    0.280838162E-01
    0.139449024E+01    0.000000000E+00    0.000000000E+00    0.279311221E-01
    0.139604819E+01    0.000000000E+00    0.000000000E+00    0.277797952E-01
    0.139759576E+01    0.000000000E+00    0.000000000E+00    0.276297908E-01
    0.139913285E+01    0.000000000E+00    0.000000000E+00    0.274810661E-01
    0.140065956E+01    0.000000000E+00    0.000000000E+00    0.273335781E-01
    0.140217590E+01    0.000000000E+00    0.000000000E+00    0.271872878E-01
    0.140368199E+01    0.000000000E+00    0.000000000E+00    0.270421505E-01
    0.140517795E+01    0.000000000E+00    0.000000000E+00    0.268981308E-01
    0.140666366E+01    0.000000000E+00    0.000000000E+00    0.267551858E-01
    0.140813923E+01    0.000000000E+00    0.000000000E+00    0.266132783E-01
    0.140960479E+01    0.000000000E+00    0.000000000E+00    0.264723711E-01
    0.141106021E+01    0.000000000E+00    0.000000000E+00    0.263324249E-01
    0.141250575E+01    0.000000000E+00    0.000000000E+00    0.261934064E-01
    0.141394126E+01    0.000000000E+00    0.000000000E+00    0.260552764E-01
    0.141536689E+01    0.000000000E+00    0.000000000E+00    0.259180013E-01
    0.141678262E+01    0.000000000E+00    0.000000000E+00    0.257815458E-01
    0.141818869E+01    0.000000000E+00    0.000000000E+00    0.256458726E-01
    0.141958487E+01    0.000000000E+00    0.000000000E+00    0.255109463E-01
    0.142097139E+01    0.000000000E+00    0.000000000E+00    0.253767353E-01
    0.142234826E+01    0.000000000E+00    0.000000000E+00    0.252432041E-01
    0.142371547E+01    0.000000000E+00    0.000000000E+00    0.251103211E-01
    0.142507327E+01    0.000000000E+00    0.000000000E+00    0.249780491E-01
    0.142642140E+01    0.000000000E+00    0.000000000E+00    0.248463545E-01
    0.142776012E+01    0.000000000E+00    0.000000000E+00    0.247152056E-01
    0.142908943E+01    0.000000000E+00    0.000000000E+00    0.245845653E-01
    0.143040931E+01    0.000000000E+00    0.000000000E+00    0.244544037E-01
    0.143171990E+01    0.000000000E+00    0.000000000E+00    0.243246835E-01
    0.143302119E+01    0.000000000E+00    0.000000000E+00    0.241953731E-01
    0.143431330E+01    0.000000000E+00    0.000000000E+00    0.240664370E-01
    0.143559623E+01    0.000000000E+00    0.000000000E+00    0.239378382E-01
    0.143686998E+01    0.000000000E+00    0.000000000E+00    0.238095429E-01
    0.143813467E+01    0.000000000E+00    0.000000000E+00    0.236815177E-01
    0.143939042E+01    0.000000000E+00    0.000000000E+00    0.235537216E-01
    0.144063711E+01    0.000000000E+00    0.000000000E+00    0.234261230E-01
    0.144187474E+01    0.000000000E+00    0.000000000E+00    0.232986789E-01
    0.144310367E+01    0.000000000E+00    0.000000000E+00    0.231713559E-01
    0.144432366E+01    0.000000000E+00    0.000000000E+00    0.230441112E-01
    0.144553494E+01    0.000000000E+00    0.000000000E+00    0.229169074E-01
    0.144673741E+01    0.000000000E+00    0.000000000E+00    0.227897000E-01
    0.144793117E+01    0.000000000E+00    0.000000000E+00    0.226624515E-01
    0.144911635E+01    0.000000000E+00    0.000000000E+00    0.225351099E-01
    0.145029283E+01    0.000000000E+00    0.000000000E+00    0.224076360E-01
    0.145146084E+01    0.000000000E+00    0.000000000E+00    0.222799815E-01
    0.145262027E+01    0.000000000E+00    0.000000000E+00    0.221520979E-01
    0.145377135E+01    0.000000000E+00    0.000000000E+00    0.220239293E-01
    0.145491397E+01    0.000000000E+00    0.000000000E+00    0.218954310E-01
    0.145604825E+01    0.000000000E+00    0.000000000E+00    0.217665397E-01
    0.145717418E+01    0.000000000E+00    0.000000000E+00    0.216371976E-01
    0.145829189E+01    0.000000000E+00    0.000000000E+00    0.215073470E-01
    0.145940137E+01    0.000000000E+00    0.000000000E+00    0.213769171E-01
    0.146050262E+01    0.000000000E+00    0.000000000E+00    0.212458447E-01
    0.146159589E+01    0.000000000E+00    0.000000000E+00    0.211140532E-01
    0.146268094E+01    0.000000000E+00    0.000000000E+00    0.209814645E-01
    0.146375811E+01    0.000000000E+00    0.000000000E+00    0.208479911E-01
    0.146482718E+01    0.000000000E+00    0.000000000E+00    0.207135547E-01
    0.146588838E+01    0.000000000E+00    0.000000000E+00    0.205780491E-01
    0.146694171E+01    0.000000000E+00    0.000000000E+00    0.204413775E-01
    0.146798718E+01    0.000000000E+00    0.000000000E+00    0.203034226E-01
    0.146902478E+01    0.000000000E+00    0.000000000E+00    0.201640688E-01
    0.147005475E+01    0.000000000E+00    0.000000000E+00    0.200231764E-01
    0.147107696E+01    0.000000000E+00    0.000000000E+00    0.198806133E-01
    0.147209156E+01    0.000000000E+00    0.000000000E+00    0.197362080E-01
    0.147309864E+01    0.000000000E+00    0.000000000E+00    0.195898022E-01
    0.147409809E+01    0.000000000E+00    0.000000000E+00    0.194411874E-01
    0.147508991E+01    0.000000000E+00    0.000000000E+00    0.192901660E-01
    0.147607446E+01    0.000000000E+00    0.000000000E+00    0.191364903E-01
    0.147705150E+01    0.000000000E+00    0.000000000E+00    0.189799033E-01
    0.147802115E+01    0.000000000E+00    0.000000000E+00    0.188201014E-01
    0.147898352E+01    0.000000000E+00    0.000000000E+00    0.186567549E-01
    0.147993863E+01    0.000000000E+00    0.000000000E+00    0.184894707E-01
    0.148088646E+01    0.000000000E+00    0.000000000E+00    0.183178261E-01
    0.148182714E+01    0.000000000E+00    0.000000000E+00    0.181413088E-01
    0.148276067E+01    0.000000000E+00    0.000000000E+00    0.179593451E-01
    0.148368704E+01    0.000000000E+00    0.000000000E+00    0.177712552E-01
    0.148460638E+01    0.000000000E+00    0.000000000E+00    0.175762456E-01
    0.148551881E+01    0.000000000E+00    0.000000000E+00    0.173733849E-01
    0.148642421E+01    0.000000000E+00    0.000000000E+00    0.171615761E-01
    0.148732269E+01    0.000000000E+00    0.000000000E+00    0.169394761E-01
    0.148821437E+01    0.000000000E+00    0.000000000E+00    0.167053770E-01
    0.148909914E+01    0.000000000E+00    0.000000000E+00    0.164570045E-01
    0.148997712E+01    0.000000000E+00    0.000000000E+00    0.161912441E-01
    0.149084842E+01    0.000000000E+00    0.000000000E+00    0.159047172E-01
    0.149171293E+01    0.000000000E+00    0.000000000E+00    0.155942170E-01
    0.149257088E+01    0.000000000E+00    0.000000000E+00    0.152603230E-01
    0.149342215E+01    0.000000000E+00    0.000000000E+00    0.149019072E-01
    0.149426699E+01    0.000000000E+00    0.000000000E+00    0.145145319E-01
    0.149510515E+01    0.000000000E+00    0.000000000E+00    0.140369572E-01
    0.149593687E+01    0.000000000E+00    0.000000000E+00    0.133745791E-01
    0.149676228E+01    0.000000000E+00    0.000000000E+00    0.122766895E-01
    0.149758112E+01    0.000000000E+00    0.000000000E+00    0.108609712E-01
    0.149839377E+01    0.000000000E+00    0.000000000E+00    0.917350780E-02
    0.149919999E+01    0.000000000E+00    0.000000000E+00    0.876224972E-02
    0.150000000E+01    0.000000000E+00    0.000000000E+00    0.755834347E-02
ZONE T="FUN3D, grid 2"
    0.000000000E+00    0.000000000E+00    0.000000000E+00    0.377306268E-01
    0.160626497E-02    0.000000000E+00    0.000000000E+00    0.180357043E-01
    0.323775923E-02    0.000000000E+00    0.000000000E+00    0.233773626E-01
    0.489482284E-02    0.000000000E+00    0.000000000E+00    0.224973261E-01
    0.657779956E-02    0.000000000E+00    0.000000000E+00    0.239335280E-01
    0.828703400E-02    0.000000000E+00    0.000000000E+00    0.244242381E-01
    0.100228749E-01    0.000000000E+00    0.000000000E+00    0.250633117E-01
    0.117856730E-01    0.000000000E+00    0.000000000E+00    0.254475027E-01
    0.135757821E-01    0.000000000E+00    0.000000000E+00    0.257940441E-01
    0.153935570E-01    0.000000000E+00    0.000000000E+00    0.260556173E-01
    0.172393564E-01    0.000000000E+00    0.000000000E+00    0.262821205E-01
    0.191135407E-01    0.000000000E+00    0.000000000E+00    0.264727455E-01
    0.210164711E-01    0.000000000E+00    0.000000000E+00    0.266423598E-01
    0.229485147E-01    0.000000000E+00    0.000000000E+00    0.267951377E-01
    0.249100383E-01    0.000000000E+00    0.000000000E+00    0.269370619E-01
    0.269014090E-01    0.000000000E+00    0.000000000E+00    0.270712674E-01
    0.289229993E-01    0.000000000E+00    0.000000000E+00    0.272007044E-01
    0.309751798E-01    0.000000000E+00    0.000000000E+00    0.273273718E-01
    0.330583267E-01    0.000000000E+00    0.000000000E+00    0.274529923E-01
    0.351728164E-01    0.000000000E+00    0.000000000E+00    0.275788643E-01
    0.373190232E-01    0.000000000E+00    0.000000000E+00    0.277060457E-01
    0.394973308E-01    0.000000000E+00    0.000000000E+00    0.278354231E-01
    0.417081192E-01    0.000000000E+00    0.000000000E+00    0.279677398E-01
    0.439517647E-01    0.000000000E+00    0.000000000E+00    0.281036198E-01
    0.462286547E-01    0.000000000E+00    0.000000000E+00    0.282435995E-01
    0.485391691E-01    0.000000000E+00    0.000000000E+00    0.283881444E-01
    0.508836955E-01    0.000000000E+00    0.000000000E+00    0.285376664E-01
    0.532626212E-01    0.000000000E+00    0.000000000E+00    0.286925361E-01
    0.556763262E-01    0.000000000E+00    0.000000000E+00    0.288530998E-01
    0.581251979E-01    0.000000000E+00    0.000000000E+00    0.290196855E-01
    0.606096275E-01    0.000000000E+00    0.000000000E+00    0.291926041E-01
    0.631299987E-01    0.000000000E+00    0.000000000E+00    0.293721631E-01
    0.656866953E-01    0.000000000E+00    0.000000000E+00    0.295586623E-01
    0.682801008E-01    0.000000000E+00    0.000000000E+00    0.297524072E-01
    0.709106177E-01    0.000000000E+00    0.000000000E+00    0.299536921E-01
    0.735786110E-01    0.000000000E+00    0.000000000E+00    0.301628187E-01
    0.762844756E-01    0.000000000E+00    0.000000000E+00    0.303800870E-01
    0.790285990E-01    0.000000000E+00    0.000000000E+00    0.306058135E-01
    0.818113536E-01    0.000000000E+00    0.000000000E+00    0.308403187E-01
    0.846331269E-01    0.000000000E+00    0.000000000E+00    0.310839322E-01
    0.874942988E-01    0.000000000E+00    0.000000000E+00    0.313369930E-01
    0.903952420E-01    0.000000000E+00    0.000000000E+00    0.315998644E-01
    0.933363438E-01    0.000000000E+00    0.000000000E+00    0.318729170E-01
    0.963179693E-01    0.000000000E+00    0.000000000E+00    0.321565419E-01
    0.993404910E-01    0.000000000E+00    0.000000000E+00    0.324511454E-01
    0.102404281E+00    0.000000000E+00    0.000000000E+00    0.327571631E-01
    0.105509706E+00    0.000000000E+00    0.000000000E+00    0.330750458E-01
    0.108657122E+00    0.000000000E+00    0.000000000E+00    0.334052667E-01
    0.111846901E+00    0.000000000E+00    0.000000000E+00    0.337483287E-01
    0.115079396E+00    0.000000000E+00    0.000000000E+00    0.341047682E-01
    0.118354954E+00    0.000000000E+00    0.000000000E+00    0.344751403E-01
    0.121673927E+00    0.000000000E+00    0.000000000E+00    0.348600410E-01
    0.125036657E+00    0.000000000E+00    0.000000000E+00    0.352600925E-01
    0.128443494E+00    0.000000000E+00    0.000000000E+00    0.356759652E-01
    0.131894752E+00    0.000000000E+00    0.000000000E+00    0.361083597E-01
    0.135390788E+00    0.000000000E+00    0.000000000E+00    0.365580283E-01
    0.138931900E+00    0.000000000E+00    0.000000000E+00    0.370257609E-01
    0.142518416E+00    0.000000000E+00    0.000000000E+00    0.375124030E-01
    0.146150663E+00    0.000000000E+00    0.000000000E+00    0.380188525E-01
    0.149828926E+00    0.000000000E+00    0.000000000E+00    0.385460630E-01
    0.153553516E+00    0.000000000E+00    0.000000000E+00    0.390950553E-01
    0.157324731E+00    0.000000000E+00    0.000000000E+00    0.396669135E-01
    0.161142841E+00    0.000000000E+00    0.000000000E+00    0.402627997E-01
    0.165008128E+00    0.000000000E+00    0.000000000E+00    0.408839472E-01
    0.168920860E+00    0.000000000E+00    0.000000000E+00    0.415316820E-01
    0.172881320E+00    0.000000000E+00    0.000000000E+00    0.422074199E-01
    0.176889733E+00    0.000000000E+00    0.000000000E+00    0.429126844E-01
    0.180946350E+00    0.000000000E+00    0.000000000E+00    0.436490998E-01
    0.185051411E+00    0.000000000E+00    0.000000000E+00    0.444184206E-01
    0.189205155E+00    0.000000000E+00    0.000000000E+00    0.452225245E-01
    0.193407774E+00    0.000000000E+00    0.000000000E+00    0.460634381E-01
    0.197659478E+00    0.000000000E+00    0.000000000E+00    0.469433554E-01
    0.201960474E+00    0.000000000E+00    0.000000000E+00    0.478646271E-01
    0.206310928E+00    0.000000000E+00    0.000000000E+00    0.488298126E-01
    0.210711032E+00    0.000000000E+00    0.000000000E+00    0.498416759E-01
    0.215160936E+00    0.000000000E+00    0.000000000E+00    0.509032234E-01
    0.219660789E+00    0.000000000E+00    0.000000000E+00    0.520177223E-01
    0.224210724E+00    0.000000000E+00    0.000000000E+00    0.531887338E-01
    0.228810877E+00    0.000000000E+00    0.000000000E+00    0.544201508E-01
    0.233461365E+00    0.000000000E+00    0.000000000E+00    0.557162352E-01
    0.238162249E+00    0.000000000E+00    0.000000000E+00    0.570816733E-01
    0.242913648E+00    0.000000000E+00    0.000000000E+00    0.585216284E-01
    0.247715622E+00    0.000000000E+00    0.000000000E+00    0.600418076E-01
    0.252568245E+00    0.000000000E+00    0.000000000E+00    0.616485626E-01
    0.257471502E+00    0.000000000E+00    0.000000000E+00    0.633489788E-01
    0.262425482E+00    0.000000000E+00    0.000000000E+00    0.651509985E-01
    0.267430157E+00    0.000000000E+00    0.000000000E+00    0.670636073E-01
    0.272485554E+00    0.000000000E+00    0.000000000E+00    0.690969750E-01
    0.277591616E+00    0.000000000E+00    0.000000000E+00    0.712627620E-01
    0.282748342E+00    0.000000000E+00    0.000000000E+00    0.735746920E-01
    0.287955642E+00    0.000000000E+00    0.000000000E+00    0.760495290E-01
    0.293213457E+00    0.000000000E+00    0.000000000E+00    0.787082091E-01
    0.298521727E+00    0.000000000E+00    0.000000000E+00    0.815762281E-01
    0.303880304E+00    0.000000000E+00    0.168299996E-08    0.846796855E-01
    0.309289098E+00    0.000000000E+00    0.552320003E-07    0.880551711E-01
    0.314747959E+00    0.000000000E+00    0.350558992E-06    0.917306393E-01
    0.320256740E+00    0.000000000E+00    0.124574399E-05    0.957246944E-01
    0.325815231E+00    0.000000000E+00    0.327907196E-05    0.100035876E+00
    0.331423223E+00    0.000000000E+00    0.717989678E-05    0.104663000E+00
    0.337080568E+00    0.000000000E+00    0.138781461E-04    0.109596826E+00
    0.342786968E+00    0.000000000E+00    0.245121955E-04    0.114818625E+00
    0.348542184E+00    0.000000000E+00    0.404348648E-04    0.120300159E+00
    0.354345918E+00    0.000000000E+00    0.632172596E-04    0.126013860E+00
    0.360197902E+00    0.000000000E+00    0.946502259E-04    0.131919965E+00
    0.366097748E+00    0.000000000E+00    0.136743125E-03    0.137977585E+00
    0.372045070E+00    0.000000000E+00    0.191719752E-03    0.144136205E+00
    0.378039539E+00    0.000000000E+00    0.262010959E-03    0.150345057E+00
    0.384080619E+00    0.000000000E+00    0.350244110E-03    0.156547382E+00
    0.390167862E+00    0.000000000E+00    0.459228846E-03    0.162677422E+00
    0.396300733E+00    0.000000000E+00    0.591939082E-03    0.168675691E+00
    0.402478576E+00    0.000000000E+00    0.751491112E-03    0.174481109E+00
    0.408700794E+00    0.000000000E+00    0.941118109E-03    0.180023238E+00
    0.414966643E+00    0.000000000E+00    0.116414018E-02    0.185228542E+00
    0.421275288E+00    0.000000000E+00    0.142393063E-02    0.190033317E+00
    0.427625865E+00    0.000000000E+00    0.172387925E-02    0.194366679E+00
    0.434017479E+00    0.000000000E+00    0.206735078E-02    0.198158666E+00
    0.440449029E+00    0.000000000E+00    0.245764153E-02    0.201338425E+00
    0.446919471E+00    0.000000000E+00    0.289793313E-02    0.203838691E+00
    0.453427553E+00    0.000000000E+00    0.339124398E-02    0.205590174E+00
    0.459972113E+00    0.000000000E+00    0.394038111E-02    0.206525788E+00
    0.466551810E+00    0.000000000E+00    0.454788795E-02    0.206578314E+00
    0.473165274E+00    0.000000000E+00    0.521599595E-02    0.205680311E+00
    0.479811162E+00    0.000000000E+00    0.594658265E-02    0.203766972E+00
    0.486488015E+00    0.000000000E+00    0.674111815E-02    0.200773314E+00
    0.493194491E+00    0.000000000E+00    0.760062877E-02    0.196635246E+00
    0.499929220E+00    0.000000000E+00    0.852566492E-02    0.191292480E+00
    0.506690800E+00    0.000000000E+00    0.951625779E-02    0.184681594E+00
    0.513478041E+00    0.000000000E+00    0.105719091E-01    0.176745489E+00
    0.520289719E+00    0.000000000E+00    0.116915591E-01    0.167428613E+00
    0.527124762E+00    0.000000000E+00    0.128735797E-01    0.156672776E+00
    0.533982337E+00    0.000000000E+00    0.141157713E-01    0.144436315E+00
    0.540861487E+00    0.000000000E+00    0.154153453E-01    0.130659133E+00
    0.547761679E+00    0.000000000E+00    0.167689584E-01    0.115314096E+00
    0.554682493E+00    0.000000000E+00    0.181726981E-01    0.983535126E-01
    0.561623514E+00    0.000000000E+00    0.196220949E-01    0.797533244E-01
    0.568584740E+00    0.000000000E+00    0.211121663E-01    0.594963059E-01
    0.575566113E+00    0.000000000E+00    0.226374157E-01    0.375669189E-01
    0.582567990E+00    0.000000000E+00    0.241918601E-01    0.139703099E-01
    0.589590669E+00    0.000000000E+00    0.257690530E-01   -0.113080824E-01
    0.596634626E+00    0.000000000E+00    0.273621306E-01   -0.382303186E-01
    0.603700519E+00    0.000000000E+00    0.289638173E-01   -0.666327477E-01
    0.610789061E+00    0.000000000E+00    0.305664707E-01   -0.965285525E-01
    0.617900848E+00    0.000000000E+00    0.321621113E-01   -0.127895430E+00
    0.625036776E+00    0.000000000E+00    0.337424688E-01   -0.160535574E+00
    0.632197499E+00    0.000000000E+00    0.352990069E-01   -0.194317207E+00
    0.639383733E+00    0.000000000E+00    0.368229784E-01   -0.229043454E+00
    0.646595955E+00    0.000000000E+00    0.383054875E-01   -0.264480859E+00
    0.653834581E+00    0.000000000E+00    0.397375263E-01   -0.300368249E+00
    0.661099791E+00    0.000000000E+00    0.411100611E-01   -0.336396247E+00
    0.668391585E+00    0.000000000E+00    0.424140915E-01   -0.372215748E+00
    0.675709486E+00    0.000000000E+00    0.436407514E-01   -0.407447308E+00
    0.683052957E+00    0.000000000E+00    0.447813943E-01   -0.441673666E+00
    0.690420866E+00    0.000000000E+00    0.458277017E-01   -0.474440873E+00
    0.697811842E+00    0.000000000E+00    0.467717797E-01   -0.505289316E+00
    0.705224097E+00    0.000000000E+00    0.476063006E-01   -0.533745468E+00
    0.712655544E+00    0.000000000E+00    0.483245887E-01   -0.559346259E+00
    0.720103502E+00    0.000000000E+00    0.489207655E-01   -0.581657410E+00
    0.727565229E+00    0.000000000E+00    0.493898466E-01   -0.600258887E+00
    0.735037506E+00    0.000000000E+00    0.497278310E-01   -0.614848673E+00
    0.742516935E+00    0.000000000E+00    0.499318093E-01   -0.625107706E+00
    0.750000000E+00    0.000000000E+00    0.500000008E-01   -0.630890489E+00
    0.757483065E+00    0.000000000E+00    0.499318093E-01   -0.632150829E+00
    0.764962494E+00    0.000000000E+00    0.497278310E-01   -0.628773451E+00
    0.772434771E+00    0.000000000E+00    0.493898466E-01   -0.620994091E+00
    0.779896498E+00    0.000000000E+00    0.489207655E-01   -0.608937562E+00
    0.787344456E+00    0.000000000E+00    0.483245887E-01   -0.592922211E+00
    0.794775903E+00    0.000000000E+00    0.476063006E-01   -0.573281050E+00
    0.802188158E+00    0.000000000E+00    0.467717797E-01   -0.550422251E+00
    0.809579134E+00    0.000000000E+00    0.458277017E-01   -0.524779558E+00
    0.816947043E+00    0.000000000E+00    0.447813943E-01   -0.496816069E+00
    0.824290514E+00    0.000000000E+00    0.436407514E-01   -0.466996401E+00
    0.831608415E+00    0.000000000E+00    0.424140915E-01   -0.435772777E+00
    0.838900209E+00    0.000000000E+00    0.411100611E-01   -0.403585672E+00
    0.846165419E+00    0.000000000E+00    0.397375263E-01   -0.370847106E+00
    0.853404045E+00    0.000000000E+00    0.383054875E-01   -0.337919116E+00
    0.860616267E+00    0.000000000E+00    0.368229784E-01   -0.305135876E+00
    0.867802501E+00    0.000000000E+00    0.352990069E-01   -0.272809207E+00
    0.874963224E+00    0.000000000E+00    0.337424688E-01   -0.241197556E+00
    0.882099152E+00    0.000000000E+00    0.321621113E-01   -0.210509419E+00
    0.889210939E+00    0.000000000E+00    0.305664707E-01   -0.180854619E+00
    0.896299481E+00    0.000000000E+00    0.289638173E-01   -0.152330622E+00
    0.903365374E+00    0.000000000E+00    0.273621306E-01   -0.125263721E+00
    0.910409331E+00    0.000000000E+00    0.257690530E-01   -0.996962413E-01
    0.917432010E+00    0.000000000E+00    0.241918601E-01   -0.755166262E-01
    0.924433887E+00    0.000000000E+00    0.226374157E-01   -0.528025739E-01
    0.931415260E+00    0.000000000E+00    0.211121663E-01   -0.315765701E-01
    0.938376486E+00    0.000000000E+00    0.196220949E-01   -0.118065467E-01
    0.945317507E+00    0.000000000E+00    0.181726981E-01    0.650402904E-02
    0.952238321E+00    0.000000000E+00    0.167689584E-01    0.234101471E-01
    0.959138513E+00    0.000000000E+00    0.154153453E-01    0.389463343E-01
    0.966017663E+00    0.000000000E+00    0.141157713E-01    0.531382859E-01
    0.972875238E+00    0.000000000E+00    0.128735797E-01    0.660714582E-01
    0.979710281E+00    0.000000000E+00    0.116915591E-01    0.777451247E-01
    0.986521959E+00    0.000000000E+00    0.105719091E-01    0.882572904E-01
    0.993309200E+00    0.000000000E+00    0.951625779E-02    0.976111442E-01
    0.100007081E+01    0.000000000E+00    0.852566492E-02    0.105866380E+00
    0.100680554E+01    0.000000000E+00    0.760062877E-02    0.113083273E+00
    0.101351202E+01    0.000000000E+00    0.674111815E-02    0.119273186E+00
    0.102018881E+01    0.000000000E+00    0.594658265E-02    0.124498047E+00
    0.102683473E+01    0.000000000E+00    0.521599595E-02    0.128790736E+00
    0.103344822E+01    0.000000000E+00    0.454788795E-02    0.132187694E+00
    0.104002786E+01    0.000000000E+00    0.394038111E-02    0.134743109E+00
    0.104657245E+01    0.000000000E+00    0.339124398E-02    0.136493668E+00
    0.105308056E+01    0.000000000E+00    0.289793313E-02    0.137470901E+00
    0.105955100E+01    0.000000000E+00    0.245764153E-02    0.137732983E+00
    0.106598258E+01    0.000000000E+00    0.206735078E-02    0.137317702E+00
    0.107237410E+01    0.000000000E+00    0.172387925E-02    0.136291102E+00
    0.107872474E+01    0.000000000E+00    0.142393063E-02    0.134696141E+00
    0.108503342E+01    0.000000000E+00    0.116414018E-02    0.132578924E+00
    0.109129918E+01    0.000000000E+00    0.941118109E-03    0.130004078E+00
    0.109752142E+01    0.000000000E+00    0.751491112E-03    0.127033860E+00
    0.110369933E+01    0.000000000E+00    0.591939082E-03    0.123721525E+00
    0.110983217E+01    0.000000000E+00    0.459228846E-03    0.120120726E+00
    0.111591935E+01    0.000000000E+00    0.350244110E-03    0.116297722E+00
    0.112196052E+01    0.000000000E+00    0.262010959E-03    0.112311102E+00
    0.112795496E+01    0.000000000E+00    0.191719752E-03    0.108213879E+00
    0.113390231E+01    0.000000000E+00    0.136743125E-03    0.104059614E+00
    0.113980210E+01    0.000000000E+00    0.946502259E-04    0.998998880E-01
    0.114565408E+01    0.000000000E+00    0.632172596E-04    0.957807005E-01
    0.115145779E+01    0.000000000E+00    0.404348648E-04    0.917457268E-01
    0.115721297E+01    0.000000000E+00    0.245121955E-04    0.878321752E-01
    0.116291940E+01    0.000000000E+00    0.138781461E-04    0.840740129E-01
    0.116857672E+01    0.000000000E+00    0.717989678E-05    0.804954395E-01
    0.117418480E+01    0.000000000E+00    0.327907196E-05    0.771184266E-01
    0.117974329E+01    0.000000000E+00    0.124574399E-05    0.739582032E-01
    0.118525207E+01    0.000000000E+00    0.350558992E-06    0.710207894E-01
    0.119071090E+01    0.000000000E+00    0.552320003E-07    0.683065280E-01
    0.119611967E+01    0.000000000E+00    0.168299996E-08    0.658144057E-01
    0.120147824E+01    0.000000000E+00    0.000000000E+00    0.635327548E-01
    0.120678651E+01    0.000000000E+00    0.000000000E+00    0.614265986E-01
    0.121204436E+01    0.000000000E+00    0.000000000E+00    0.594778135E-01
    0.121725166E+01    0.000000000E+00    0.000000000E+00    0.576686710E-01
    0.122240841E+01    0.000000000E+00    0.000000000E+00    0.559846237E-01
    0.122751451E+01    0.000000000E+00    0.000000000E+00    0.544131920E-01
    0.123256981E+01    0.000000000E+00    0.000000000E+00    0.529436879E-01
    0.123757446E+01    0.000000000E+00    0.000000000E+00    0.515667573E-01
    0.124252844E+01    0.000000000E+00    0.000000000E+00    0.502741560E-01
    0.124743176E+01    0.000000000E+00    0.000000000E+00    0.490585826E-01
    0.125228441E+01    0.000000000E+00    0.000000000E+00    0.479135215E-01
    0.125708640E+01    0.000000000E+00    0.000000000E+00    0.468331426E-01
    0.126183772E+01    0.000000000E+00    0.000000000E+00    0.458122082E-01
    0.126653862E+01    0.000000000E+00    0.000000000E+00    0.448459946E-01
    0.127118909E+01    0.000000000E+00    0.000000000E+00    0.439302325E-01
    0.127578926E+01    0.000000000E+00    0.000000000E+00    0.430610552E-01
    0.128033924E+01    0.000000000E+00    0.000000000E+00    0.422349423E-01
    0.128483903E+01    0.000000000E+00    0.000000000E+00    0.414486975E-01
    0.128928900E+01    0.000000000E+00    0.000000000E+00    0.406994037E-01
    0.129368901E+01    0.000000000E+00    0.000000000E+00    0.399843939E-01
    0.129803956E+01    0.000000000E+00    0.000000000E+00    0.393012278E-01
    0.130234051E+01    0.000000000E+00    0.000000000E+00    0.386476666E-01
    0.130659223E+01    0.000000000E+00    0.000000000E+00    0.380216651E-01
    0.131079483E+01    0.000000000E+00    0.000000000E+00    0.374213308E-01
    0.131494856E+01    0.000000000E+00    0.000000000E+00    0.368449315E-01
    0.131905365E+01    0.000000000E+00    0.000000000E+00    0.362908654E-01
    0.132311022E+01    0.000000000E+00    0.000000000E+00    0.357576571E-01
    0.132711863E+01    0.000000000E+00    0.000000000E+00    0.352439433E-01
    0.133107913E+01    0.000000000E+00    0.000000000E+00    0.347484648E-01
    0.133499193E+01    0.000000000E+00    0.000000000E+00    0.342700556E-01
    0.133885717E+01    0.000000000E+00    0.000000000E+00    0.338076279E-01
    0.134267533E+01    0.000000000E+00    0.000000000E+00    0.333601832E-01
    0.134644651E+01    0.000000000E+00    0.000000000E+00    0.329267867E-01
    0.135017109E+01    0.000000000E+00    0.000000000E+00    0.325065739E-01
    0.135384929E+01    0.000000000E+00    0.000000000E+00    0.320987329E-01
    0.135748160E+01    0.000000000E+00    0.000000000E+00    0.317025147E-01
    0.136106813E+01    0.000000000E+00    0.000000000E+00    0.313172117E-01
    0.136460924E+01    0.000000000E+00    0.000000000E+00    0.309421718E-01
    0.136810529E+01    0.000000000E+00    0.000000000E+00    0.305767748E-01
    0.137155652E+01    0.000000000E+00    0.000000000E+00    0.302204471E-01
    0.137496328E+01    0.000000000E+00    0.000000000E+00    0.298726466E-01
    0.137832606E+01    0.000000000E+00    0.000000000E+00    0.295328628E-01
    0.138164508E+01    0.000000000E+00    0.000000000E+00    0.292006191E-01
    0.138492060E+01    0.000000000E+00    0.000000000E+00    0.288754590E-01
    0.138815308E+01    0.000000000E+00    0.000000000E+00    0.285569560E-01
    0.139134288E+01    0.000000000E+00    0.000000000E+00    0.282447059E-01
    0.139449024E+01    0.000000000E+00    0.000000000E+00    0.279383212E-01
    0.139759576E+01    0.000000000E+00    0.000000000E+00    0.276374389E-01
    0.140065956E+01    0.000000000E+00    0.000000000E+00    0.273417048E-01
    0.140368199E+01    0.000000000E+00    0.000000000E+00    0.270507857E-01
    0.140666366E+01    0.000000000E+00    0.000000000E+00    0.267643612E-01
    0.140960479E+01    0.000000000E+00    0.000000000E+00    0.264821183E-01
    0.141250575E+01    0.000000000E+00    0.000000000E+00    0.262037627E-01
    0.141536689E+01    0.000000000E+00    0.000000000E+00    0.259290002E-01
    0.141818869E+01    0.000000000E+00    0.000000000E+00    0.256575476E-01
    0.142097139E+01    0.000000000E+00    0.000000000E+00    0.253891293E-01
    0.142371547E+01    0.000000000E+00    0.000000000E+00    0.251234714E-01
    0.142642140E+01    0.000000000E+00    0.000000000E+00    0.248603057E-01
    0.142908943E+01    0.000000000E+00    0.000000000E+00    0.245993640E-01
    0.143171990E+01    0.000000000E+00    0.000000000E+00    0.243403763E-01
    0.143431330E+01    0.000000000E+00    0.000000000E+00    0.240830760E-01
    0.143686998E+01    0.000000000E+00    0.000000000E+00    0.238271877E-01
    0.143939042E+01    0.000000000E+00    0.000000000E+00    0.235724319E-01
    0.144187474E+01    0.000000000E+00    0.000000000E+00    0.233185235E-01
    0.144432366E+01    0.000000000E+00    0.000000000E+00    0.230651647E-01
    0.144673741E+01    0.000000000E+00    0.000000000E+00    0.228120442E-01
    0.144911635E+01    0.000000000E+00    0.000000000E+00    0.225588363E-01
    0.145146084E+01    0.000000000E+00    0.000000000E+00    0.223051906E-01
    0.145377135E+01    0.000000000E+00    0.000000000E+00    0.220507346E-01
    0.145604825E+01    0.000000000E+00    0.000000000E+00    0.217950642E-01
    0.145829189E+01    0.000000000E+00    0.000000000E+00    0.215377342E-01
    0.146050262E+01    0.000000000E+00    0.000000000E+00    0.212782547E-01
    0.146268094E+01    0.000000000E+00    0.000000000E+00    0.210160799E-01
    0.146482718E+01    0.000000000E+00    0.000000000E+00    0.207505859E-01
    0.146694171E+01    0.000000000E+00    0.000000000E+00    0.204810686E-01
    0.146902478E+01    0.000000000E+00    0.000000000E+00    0.202067047E-01
    0.147107696E+01    0.000000000E+00    0.000000000E+00    0.199265424E-01
    0.147309864E+01    0.000000000E+00    0.000000000E+00    0.196394753E-01
    0.147508991E+01    0.000000000E+00    0.000000000E+00    0.193441529E-01
    0.147705150E+01    0.000000000E+00    0.000000000E+00    0.190388914E-01
    0.147898352E+01    0.000000000E+00    0.000000000E+00    0.187212750E-01
    0.148088646E+01    0.000000000E+00    0.000000000E+00    0.183882937E-01
    0.148276067E+01    0.000000000E+00    0.000000000E+00    0.180360917E-01
    0.148460638E+01    0.000000000E+00    0.000000000E+00    0.176634211E-01
    0.148642421E+01    0.000000000E+00    0.000000000E+00    0.172689781E-01
    0.148821437E+01    0.000000000E+00    0.000000000E+00    0.168574955E-01
    0.148997712E+01    0.000000000E+00    0.000000000E+00    0.163916536E-01
    0.149171293E+01    0.000000000E+00    0.000000000E+00    0.158250909E-01
    0.149342215E+01    0.000000000E+00    0.000000000E+00    0.149063757E-01
    0.149510515E+01    0.000000000E+00    0.000000000E+00    0.138089983E-01
    0.149676228E+01    0.000000000E+00    0.000000000E+00    0.121569866E-01
    0.149839377E+01    0.000000000E+00    0.000000000E+00    0.116309431E-01
    0.150000000E+01    0.000000000E+00    0.000000000E+00    0.104193566E-01
ZONE T="FUN3D, grid 3"
    0.000000000E+00    0.000000000E+00    0.000000000E+00    0.332718603E-01
    0.323775923E-02    0.000000000E+00    0.000000000E+00    0.198456794E-01
    0.657779956E-02    0.000000000E+00    0.000000000E+00    0.245683193E-01
    0.100228749E-01    0.000000000E+00    0.000000000E+00    0.245302375E-01
    0.135757821E-01    0.000000000E+00    0.000000000E+00    0.257795919E-01
    0.172393564E-01    0.000000000E+00    0.000000000E+00    0.261832438E-01
    0.210164711E-01    0.000000000E+00    0.000000000E+00    0.266274400E-01
    0.249100383E-01    0.000000000E+00    0.000000000E+00    0.269014258E-01
    0.289229993E-01    0.000000000E+00    0.000000000E+00    0.271741916E-01
    0.330583267E-01    0.000000000E+00    0.000000000E+00    0.274209548E-01
    0.373190232E-01    0.000000000E+00    0.000000000E+00    0.276755914E-01
    0.417081192E-01    0.000000000E+00    0.000000000E+00    0.279372297E-01
    0.462286547E-01    0.000000000E+00    0.000000000E+00    0.282147676E-01
    0.508836955E-01    0.000000000E+00    0.000000000E+00    0.285105072E-01
    0.556763262E-01    0.000000000E+00    0.000000000E+00    0.288281869E-01
    0.606096275E-01    0.000000000E+00    0.000000000E+00    0.291700996E-01
    0.656866953E-01    0.000000000E+00    0.000000000E+00    0.295387078E-01
    0.709106177E-01    0.000000000E+00    0.000000000E+00    0.299362261E-01
    0.762844756E-01    0.000000000E+00    0.000000000E+00    0.303649996E-01
    0.818113536E-01    0.000000000E+00    0.000000000E+00    0.308274534E-01
    0.874942988E-01    0.000000000E+00    0.000000000E+00    0.313261934E-01
    0.933363438E-01    0.000000000E+00    0.000000000E+00    0.318640173E-01
    0.993404910E-01    0.000000000E+00    0.000000000E+00    0.324439891E-01
    0.105509706E+00    0.000000000E+00    0.000000000E+00    0.330694728E-01
    0.111846901E+00    0.000000000E+00    0.000000000E+00    0.337441824E-01
    0.118354954E+00    0.000000000E+00    0.000000000E+00    0.344722532E-01
    0.125036657E+00    0.000000000E+00    0.000000000E+00    0.352583043E-01
    0.131894752E+00    0.000000000E+00    0.000000000E+00    0.361075029E-01
    0.138931900E+00    0.000000000E+00    0.000000000E+00    0.370256677E-01
    0.146150663E+00    0.000000000E+00    0.000000000E+00    0.380193628E-01
    0.153553516E+00    0.000000000E+00    0.000000000E+00    0.390960015E-01
    0.161142841E+00    0.000000000E+00    0.000000000E+00    0.402640141E-01
    0.168920860E+00    0.000000000E+00    0.000000000E+00    0.415330045E-01
    0.176889733E+00    0.000000000E+00    0.000000000E+00    0.429139473E-01
    0.185051411E+00    0.000000000E+00    0.000000000E+00    0.444194637E-01
    0.193407774E+00    0.000000000E+00    0.000000000E+00    0.460641161E-01
    0.201960474E+00    0.000000000E+00    0.000000000E+00    0.478647985E-01
    0.210711032E+00    0.000000000E+00    0.000000000E+00    0.498412400E-01
    0.219660789E+00    0.000000000E+00    0.000000000E+00    0.520166494E-01
    0.228810877E+00    0.000000000E+00    0.000000000E+00    0.544185005E-01
    0.238162249E+00    0.000000000E+00    0.000000000E+00    0.570795946E-01
    0.247715622E+00    0.000000000E+00    0.000000000E+00    0.600394979E-01
    0.257471502E+00    0.000000000E+00    0.000000000E+00    0.633469373E-01
    0.267430157E+00    0.000000000E+00    0.000000000E+00    0.670640245E-01
    0.277591616E+00    0.000000000E+00    0.000000000E+00    0.712731853E-01
    0.287955642E+00    0.000000000E+00    0.000000000E+00    0.760861859E-01
    0.298521727E+00    0.000000000E+00    0.000000000E+00    0.816431194E-01
    0.309289098E+00    0.000000000E+00    0.552320003E-07    0.881386995E-01
    0.320256740E+00    0.000000000E+00    0.124574399E-05    0.957745984E-01
    0.331423223E+00    0.000000000E+00    0.717989678E-05    0.104651861E+00
    0.342786968E+00    0.000000000E+00    0.245121955E-04    0.114718020E+00
    0.354345918E+00    0.000000000E+00    0.632172596E-04    0.125811920E+00
    0.366097748E+00    0.000000000E+00    0.136743125E-03    0.137686551E+00
    0.378039539E+00    0.000000000E+00    0.262010959E-03    0.149993092E+00
    0.390167862E+00    0.000000000E+00    0.459228846E-03    0.162239686E+00
    0.402478576E+00    0.000000000E+00    0.751491112E-03    0.173936829E+00
    0.414966643E+00    0.000000000E+00    0.116414018E-02    0.184584692E+00
    0.427625865E+00    0.000000000E+00    0.172387925E-02    0.193631083E+00
    0.440449029E+00    0.000000000E+00    0.245764153E-02    0.200530514E+00
    0.453427553E+00    0.000000000E+00    0.339124398E-02    0.204722539E+00
    0.466551810E+00    0.000000000E+00    0.454788795E-02    0.205671042E+00
    0.479811162E+00    0.000000000E+00    0.594658265E-02    0.202839375E+00
    0.493194491E+00    0.000000000E+00    0.760062877E-02    0.195709199E+00
    0.506690800E+00    0.000000000E+00    0.951625779E-02    0.183769837E+00
    0.520289719E+00    0.000000000E+00    0.116915591E-01    0.166557893E+00
    0.533982337E+00    0.000000000E+00    0.141157713E-01    0.143621370E+00
    0.547761679E+00    0.000000000E+00    0.167689584E-01    0.114588402E+00
    0.561623514E+00    0.000000000E+00    0.196220949E-01    0.791698098E-01
    0.575566113E+00    0.000000000E+00    0.226374157E-01    0.371669419E-01
    0.589590669E+00    0.000000000E+00    0.257690530E-01   -0.115901241E-01
    0.603700519E+00    0.000000000E+00    0.289638173E-01   -0.664631352E-01
    0.617900848E+00    0.000000000E+00    0.321621113E-01   -0.127325565E+00
    0.632197499E+00    0.000000000E+00    0.352990069E-01   -0.193468750E+00
    0.646595955E+00    0.000000000E+00    0.383054875E-01   -0.263197273E+00
    0.661099791E+00    0.000000000E+00    0.411100611E-01   -0.334665269E+00
    0.675709486E+00    0.000000000E+00    0.436407514E-01   -0.405252218E+00
    0.690420866E+00    0.000000000E+00    0.458277017E-01   -0.471842110E+00
    0.705224097E+00    0.000000000E+00    0.476063006E-01   -0.530777693E+00
    0.720103502E+00    0.000000000E+00    0.489207655E-01   -0.578523993E+00
    0.735037506E+00    0.000000000E+00    0.497278310E-01   -0.611662745E+00
    0.750000000E+00    0.000000000E+00    0.500000008E-01   -0.627904058E+00
    0.764962494E+00    0.000000000E+00    0.497278310E-01   -0.626280189E+00
    0.779896498E+00    0.000000000E+00    0.489207655E-01   -0.606897294E+00
    0.794775903E+00    0.000000000E+00    0.476063006E-01   -0.571903586E+00
    0.809579134E+00    0.000000000E+00    0.458277017E-01   -0.524006605E+00
    0.824290514E+00    0.000000000E+00    0.436407514E-01   -0.466823041E+00
    0.838900209E+00    0.000000000E+00    0.411100611E-01   -0.403896093E+00
    0.853404045E+00    0.000000000E+00    0.383054875E-01   -0.338558704E+00
    0.867802501E+00    0.000000000E+00    0.352990069E-01   -0.273840636E+00
    0.882099152E+00    0.000000000E+00    0.321621113E-01   -0.211910129E+00
    0.896299481E+00    0.000000000E+00    0.289638173E-01   -0.153610066E+00
    0.910409331E+00    0.000000000E+00    0.257690530E-01   -0.100841060E+00
    0.924433887E+00    0.000000000E+00    0.226374157E-01   -0.542566217E-01
    0.938376486E+00    0.000000000E+00    0.196220949E-01   -0.131852198E-01
    0.952238321E+00    0.000000000E+00    0.167689584E-01    0.220871195E-01
    0.966017663E+00    0.000000000E+00    0.141157713E-01    0.519157164E-01
    0.979710281E+00    0.000000000E+00    0.116915591E-01    0.765993595E-01
    0.993309200E+00    0.000000000E+00    0.951625779E-02    0.965679735E-01
    0.100680554E+01    0.000000000E+00    0.760062877E-02    0.112132184E+00
    0.102018881E+01    0.000000000E+00    0.594658265E-02    0.123661585E+00
    0.103344822E+01    0.000000000E+00    0.454788795E-02    0.131463438E+00
    0.104657245E+01    0.000000000E+00    0.339124398E-02    0.135874450E+00
    0.105955100E+01    0.000000000E+00    0.245764153E-02    0.137208089E+00
    0.107237410E+01    0.000000000E+00    0.172387925E-02    0.135879993E+00
    0.108503342E+01    0.000000000E+00    0.116414018E-02    0.132276952E+00
    0.109752142E+01    0.000000000E+00    0.751491112E-03    0.126847491E+00
    0.110983217E+01    0.000000000E+00    0.459228846E-03    0.120017804E+00
    0.112196052E+01    0.000000000E+00    0.262010959E-03    0.112246692E+00
    0.113390231E+01    0.000000000E+00    0.136743125E-03    0.104029924E+00
    0.114565408E+01    0.000000000E+00    0.632172596E-04    0.957606211E-01
    0.115721297E+01    0.000000000E+00    0.245121955E-04    0.878272578E-01
    0.116857672E+01    0.000000000E+00    0.717989678E-05    0.804960802E-01
    0.117974329E+01    0.000000000E+00    0.124574399E-05    0.739577040E-01
    0.119071090E+01    0.000000000E+00    0.552320003E-07    0.683030337E-01
    0.120147824E+01    0.000000000E+00    0.000000000E+00    0.635199994E-01
    0.121204436E+01    0.000000000E+00    0.000000000E+00    0.594792478E-01
    0.122240841E+01    0.000000000E+00    0.000000000E+00    0.559903048E-01
    0.123256981E+01    0.000000000E+00    0.000000000E+00    0.529491678E-01
    0.124252844E+01    0.000000000E+00    0.000000000E+00    0.502778962E-01
    0.125228441E+01    0.000000000E+00    0.000000000E+00    0.479150787E-01
    0.126183772E+01    0.000000000E+00    0.000000000E+00    0.458115227E-01
    0.127118909E+01    0.000000000E+00    0.000000000E+00    0.439274684E-01
    0.128033924E+01    0.000000000E+00    0.000000000E+00    0.422303341E-01
    0.128928900E+01    0.000000000E+00    0.000000000E+00    0.406932384E-01
    0.129803956E+01    0.000000000E+00    0.000000000E+00    0.392937958E-01
    0.130659223E+01    0.000000000E+00    0.000000000E+00    0.380132571E-01
    0.131494856E+01    0.000000000E+00    0.000000000E+00    0.368358232E-01
    0.132311022E+01    0.000000000E+00    0.000000000E+00    0.357481167E-01
    0.133107913E+01    0.000000000E+00    0.000000000E+00    0.347387455E-01
    0.133885717E+01    0.000000000E+00    0.000000000E+00    0.337979682E-01
    0.134644651E+01    0.000000000E+00    0.000000000E+00    0.329174139E-01
    0.135384929E+01    0.000000000E+00    0.000000000E+00    0.320898592E-01
    0.136106813E+01    0.000000000E+00    0.000000000E+00    0.313090384E-01
    0.136810529E+01    0.000000000E+00    0.000000000E+00    0.305694975E-01
    0.137496328E+01    0.000000000E+00    0.000000000E+00    0.298664533E-01
    0.138164508E+01    0.000000000E+00    0.000000000E+00    0.291956887E-01
    0.138815308E+01    0.000000000E+00    0.000000000E+00    0.285534672E-01
    0.139449024E+01    0.000000000E+00    0.000000000E+00    0.279364474E-01
    0.140065956E+01    0.000000000E+00    0.000000000E+00    0.273416154E-01
    0.140666366E+01    0.000000000E+00    0.000000000E+00    0.267662313E-01
    0.141250575E+01    0.000000000E+00    0.000000000E+00    0.262077693E-01
    0.141818869E+01    0.000000000E+00    0.000000000E+00    0.256638695E-01
    0.142371547E+01    0.000000000E+00    0.000000000E+00    0.251323003E-01
    0.142908943E+01    0.000000000E+00    0.000000000E+00    0.246108957E-01
    0.143431330E+01    0.000000000E+00    0.000000000E+00    0.240975283E-01
    0.143939042E+01    0.000000000E+00    0.000000000E+00    0.235900599E-01
    0.144432366E+01    0.000000000E+00    0.000000000E+00    0.230862908E-01
    0.144911635E+01    0.000000000E+00    0.000000000E+00    0.225838814E-01
    0.145377135E+01    0.000000000E+00    0.000000000E+00    0.220801327E-01
    0.145829189E+01    0.000000000E+00    0.000000000E+00    0.215717591E-01
    0.146268094E+01    0.000000000E+00    0.000000000E+00    0.210546181E-01
    0.146694171E+01    0.000000000E+00    0.000000000E+00    0.205252152E-01
    0.147107696E+01    0.000000000E+00    0.000000000E+00    0.199808050E-01
    0.147508991E+01    0.000000000E+00    0.000000000E+00    0.194255766E-01
    0.147898352E+01    0.000000000E+00    0.000000000E+00    0.188398473E-01
    0.148276067E+01    0.000000000E+00    0.000000000E+00    0.182184223E-01
    0.148642421E+01    0.000000000E+00    0.000000000E+00    0.173263755E-01
    0.148997712E+01    0.000000000E+00    0.000000000E+00    0.164782461E-01
    0.149342215E+01    0.000000000E+00    0.000000000E+00    0.147136217E-01
    0.149676228E+01    0.000000000E+00    0.000000000E+00    0.139034875E-01
    0.150000000E+01    0.000000000E+00    0.000000000E+00    0.130855953E-01
ZONE T="FUN3D, grid 4"
    0.000000000E+00    0.000000000E+00    0.000000000E+00    0.303353332E-01
    0.657779956E-02    0.000000000E+00    0.000000000E+00    0.219471678E-01
    0.135757821E-01    0.000000000E+00    0.000000000E+00    0.259692296E-01
    0.210164711E-01    0.000000000E+00    0.000000000E+00    0.261274148E-01
    0.289229993E-01    0.000000000E+00    0.000000000E+00    0.270140618E-01
    0.373190232E-01    0.000000000E+00    0.000000000E+00    0.274590794E-01
    0.462286547E-01    0.000000000E+00    0.000000000E+00    0.280572213E-01
    0.556763262E-01    0.000000000E+00    0.000000000E+00    0.286769457E-01
    0.656866953E-01    0.000000000E+00    0.000000000E+00    0.294144563E-01
    0.762844756E-01    0.000000000E+00    0.000000000E+00    0.302625354E-01
    0.874942988E-01    0.000000000E+00    0.000000000E+00    0.312512331E-01
    0.993404910E-01    0.000000000E+00    0.000000000E+00    0.323972888E-01
    0.111846901E+00    0.000000000E+00    0.000000000E+00    0.337274708E-01
    0.125036657E+00    0.000000000E+00    0.000000000E+00    0.352717824E-01
    0.138931900E+00    0.000000000E+00    0.000000000E+00    0.370689705E-01
    0.153553516E+00    0.000000000E+00    0.000000000E+00    0.391676798E-01
    0.168920860E+00    0.000000000E+00    0.000000000E+00    0.416304693E-01
    0.185051411E+00    0.000000000E+00    0.000000000E+00    0.445381626E-01
    0.201960474E+00    0.000000000E+00    0.000000000E+00    0.479971878E-01
    0.219660789E+00    0.000000000E+00    0.000000000E+00    0.521523207E-01
    0.238162249E+00    0.000000000E+00    0.000000000E+00    0.572141223E-01
    0.257471502E+00    0.000000000E+00    0.000000000E+00    0.635098144E-01
    0.277591616E+00    0.000000000E+00    0.000000000E+00    0.715488642E-01
    0.298521727E+00    0.000000000E+00    0.000000000E+00    0.819889158E-01
    0.320256740E+00    0.000000000E+00    0.124574399E-05    0.956781581E-01
    0.342786968E+00    0.000000000E+00    0.245121955E-04    0.113805138E+00
    0.366097748E+00    0.000000000E+00    0.136743125E-03    0.135934323E+00
    0.390167862E+00    0.000000000E+00    0.459228846E-03    0.159452110E+00
    0.414966643E+00    0.000000000E+00    0.116414018E-02    0.180930689E+00
    0.440449029E+00    0.000000000E+00    0.245764153E-02    0.196366146E+00
    0.466551810E+00    0.000000000E+00    0.454788795E-02    0.201406553E+00
    0.493194491E+00    0.000000000E+00    0.760062877E-02    0.191770211E+00
    0.520289719E+00    0.000000000E+00    0.116915591E-01    0.163431004E+00
    0.547761679E+00    0.000000000E+00    0.167689584E-01    0.112631626E+00
    0.575566113E+00    0.000000000E+00    0.226374157E-01    0.369825251E-01
    0.603700519E+00    0.000000000E+00    0.289638173E-01   -0.632685572E-01
    0.632197499E+00    0.000000000E+00    0.352990069E-01   -0.186452970E+00
    0.661099791E+00    0.000000000E+00    0.411100611E-01   -0.323549509E+00
    0.690420866E+00    0.000000000E+00    0.458277017E-01   -0.457006633E+00
    0.720103502E+00    0.000000000E+00    0.489207655E-01   -0.562233865E+00
    0.750000000E+00    0.000000000E+00    0.500000008E-01   -0.613868177E+00
    0.779896498E+00    0.000000000E+00    0.489207655E-01   -0.598584771E+00
    0.809579134E+00    0.000000000E+00    0.458277017E-01   -0.522106826E+00
    0.838900209E+00    0.000000000E+00    0.411100611E-01   -0.407211423E+00
    0.867802501E+00    0.000000000E+00    0.352990069E-01   -0.280734271E+00
    0.896299481E+00    0.000000000E+00    0.289638173E-01   -0.161883578E+00
    0.924433887E+00    0.000000000E+00    0.226374157E-01   -0.617300756E-01
    0.952238321E+00    0.000000000E+00    0.167689584E-01    0.150763076E-01
    0.979710281E+00    0.000000000E+00    0.116915591E-01    0.708736032E-01
    0.100680554E+01    0.000000000E+00    0.760062877E-02    0.107811600E+00
    0.103344822E+01    0.000000000E+00    0.454788795E-02    0.128415749E+00
    0.105955100E+01    0.000000000E+00    0.245764153E-02    0.135198489E+00
    0.108503342E+01    0.000000000E+00    0.116414018E-02    0.131056830E+00
    0.110983217E+01    0.000000000E+00    0.459228846E-03    0.119579777E+00
    0.113390231E+01    0.000000000E+00    0.136743125E-03    0.104022019E+00
    0.115721297E+01    0.000000000E+00    0.245121955E-04    0.876150802E-01
    0.117974329E+01    0.000000000E+00    0.124574399E-05    0.735270307E-01
    0.120147824E+01    0.000000000E+00    0.000000000E+00    0.630203784E-01
    0.122240841E+01    0.000000000E+00    0.000000000E+00    0.555325337E-01
    0.124252844E+01    0.000000000E+00    0.000000000E+00    0.499110967E-01
    0.126183772E+01    0.000000000E+00    0.000000000E+00    0.454819128E-01
    0.128033924E+01    0.000000000E+00    0.000000000E+00    0.419363678E-01
    0.129803956E+01    0.000000000E+00    0.000000000E+00    0.390323065E-01
    0.131494856E+01    0.000000000E+00    0.000000000E+00    0.366087966E-01
    0.133107913E+01    0.000000000E+00    0.000000000E+00    0.345461182E-01
    0.134644651E+01    0.000000000E+00    0.000000000E+00    0.327588580E-01
    0.136106813E+01    0.000000000E+00    0.000000000E+00    0.311832354E-01
    0.137496328E+01    0.000000000E+00    0.000000000E+00    0.297717396E-01
    0.138815308E+01    0.000000000E+00    0.000000000E+00    0.284878667E-01
    0.140065956E+01    0.000000000E+00    0.000000000E+00    0.273028649E-01
    0.141250575E+01    0.000000000E+00    0.000000000E+00    0.261933021E-01
    0.142371547E+01    0.000000000E+00    0.000000000E+00    0.251398236E-01
    0.143431330E+01    0.000000000E+00    0.000000000E+00    0.241279081E-01
    0.144432366E+01    0.000000000E+00    0.000000000E+00    0.231476016E-01
    0.145377135E+01    0.000000000E+00    0.000000000E+00    0.221868996E-01
    0.146268094E+01    0.000000000E+00    0.000000000E+00    0.212185662E-01
    0.147107696E+01    0.000000000E+00    0.000000000E+00    0.201101918E-01
    0.147898352E+01    0.000000000E+00    0.000000000E+00    0.190860499E-01
    0.148642421E+01    0.000000000E+00    0.000000000E+00    0.171170086E-01
    0.149342215E+01    0.000000000E+00    0.000000000E+00    0.157758035E-01
    0.150000000E+01    0.000000000E+00    0.000000000E+00    0.149963908E-01
