variables="x","y","omega_nondim","k_nondim"
zone, t="CFL3D"
  0.7500000      5.0000250E-02   5.123471      6.2510691E-12
  0.7500000      5.0000742E-02  0.9430940      1.7290919E-10
  0.7500000      5.0001241E-02  0.3312893      1.1253556E-09
  0.7500000      5.0001740E-02  0.1603354      3.8783359E-09
  0.7500000      5.0002232E-02  9.2818037E-02  9.6447046E-09
  0.7500000      5.0002731E-02  6.0042694E-02  1.9769018E-08
  0.7500000      5.0003231E-02  4.1846044E-02  3.5704758E-08
  0.7500000      5.0003730E-02  3.0754086E-02  5.9005703E-08
  0.7500000      5.0004229E-02  2.3514304E-02  9.1323329E-08
  0.7500000      5.0004736E-02  1.8536324E-02  1.3440754E-07
  0.7500000      5.0005242E-02  1.4970699E-02  1.9010940E-07
  0.7500000      5.0005749E-02  1.2331274E-02  2.6038543E-07
  0.7500000      5.0006256E-02  1.0323927E-02  3.4730294E-07
  0.7500000      5.0006770E-02  8.7624229E-03  4.5304617E-07
  0.7500000      5.0007284E-02  7.5242715E-03  5.7992327E-07
  0.7500000      5.0007805E-02  6.5262723E-03  7.3037364E-07
  0.7500000      5.0008327E-02  5.7103261E-03  9.0697586E-07
  0.7500000      5.0008848E-02  5.0348812E-03  1.1124561E-06
  0.7500000      5.0009370E-02  4.4695875E-03  1.3496959E-06
  0.7500000      5.0009906E-02  3.9918632E-03  1.6217416E-06
  0.7500000      5.0010443E-02  3.5846289E-03  1.9318118E-06
  0.7500000      5.0010979E-02  3.2347734E-03  2.2833060E-06
  0.7500000      5.0011531E-02  2.9320987E-03  2.6798132E-06
  0.7500000      5.0012082E-02  2.6685747E-03  3.1251170E-06
  0.7500000      5.0012633E-02  2.4378113E-03  3.6232036E-06
  0.7500000      5.0013192E-02  2.2346713E-03  4.1782664E-06
  0.7500000      5.0013751E-02  2.0549865E-03  4.7947087E-06
  0.7500000      5.0014324E-02  1.8953463E-03  5.4771463E-06
  0.7500000      5.0014898E-02  1.7529388E-03  6.2304061E-06
  0.7500000      5.0015479E-02  1.6254282E-03  7.0595211E-06
  0.7500000      5.0016075E-02  1.5108611E-03  7.9697256E-06
  0.7500000      5.0016671E-02  1.4075937E-03  8.9664409E-06
  0.7500000      5.0017267E-02  1.3142346E-03  1.0055263E-05
  0.7500000      5.0017878E-02  1.2295991E-03  1.1241938E-05
  0.7500000      5.0018489E-02  1.1526737E-03  1.2532335E-05
  0.7500000      5.0019115E-02  1.0825866E-03  1.3932415E-05
  0.7500000      5.0019749E-02  1.0185847E-03  1.5448190E-05
  0.7500000      5.0020382E-02  9.6001395E-04  1.7085669E-05
  0.7500000      5.0021037E-02  9.0630475E-04  1.8850809E-05
  0.7500000      5.0021693E-02  8.5695833E-04  2.0749452E-05
  0.7500000      5.0022356E-02  8.1153651E-04  2.2787244E-05
  0.7500000      5.0023034E-02  7.6965301E-04  2.4969560E-05
  0.7500000      5.0023712E-02  7.3096604E-04  2.7301427E-05
  0.7500000      5.0024405E-02  6.9517212E-04  2.9787425E-05
  0.7500000      5.0025105E-02  6.6200085E-04  3.2431592E-05
  0.7500000      5.0025821E-02  6.3121109E-04  3.5237339E-05
  0.7500000      5.0026551E-02  6.0258666E-04  3.8207341E-05
  0.7500000      5.0027281E-02  5.7593343E-04  4.1343461E-05
  0.7500000      5.0028026E-02  5.5107696E-04  4.4646662E-05
  0.7500000      5.0028786E-02  5.2785990E-04  4.8116926E-05
  0.7500000      5.0029553E-02  5.0614018E-04  5.1753203E-05
  0.7500000      5.0030336E-02  4.8578935E-04  5.5553370E-05
  0.7500000      5.0031126E-02  4.6669104E-04  5.9514194E-05
  0.7500000      5.0031930E-02  4.4873988E-04  6.3631334E-05
  0.7500000      5.0032750E-02  4.3184031E-04  6.7899353E-05
  0.7500000      5.0033584E-02  4.1590555E-04  7.2311756E-05
  0.7500000      5.0034434E-02  4.0085701E-04  7.6861055E-05
  0.7500000      5.0035290E-02  3.8662326E-04  8.1538848E-05
  0.7500000      5.0036162E-02  3.7313948E-04  8.6335887E-05
  0.7500000      5.0037056E-02  3.6034695E-04  9.1242247E-05
  0.7500000      5.0037950E-02  3.4819235E-04  9.6247371E-05
  0.7500000      5.0038874E-02  3.3662739E-04  1.0134028E-04
  0.7500000      5.0039813E-02  3.2560824E-04  1.0650964E-04
  0.7500000      5.0040767E-02  3.1509527E-04  1.1174392E-04
  0.7500000      5.0041728E-02  3.0505250E-04  1.1703155E-04
  0.7500000      5.0042719E-02  2.9544742E-04  1.2236099E-04
  0.7500000      5.0043717E-02  2.8625049E-04  1.2772088E-04
  0.7500000      5.0044738E-02  2.7743512E-04  1.3310014E-04
  0.7500000      5.0045773E-02  2.6897696E-04  1.3848807E-04
  0.7500000      5.0046831E-02  2.6085420E-04  1.4387438E-04
  0.7500000      5.0047904E-02  2.5304680E-04  1.4924933E-04
  0.7500000      5.0049007E-02  2.4553674E-04  1.5460369E-04
  0.7500000      5.0050117E-02  2.3830755E-04  1.5992890E-04
  0.7500000      5.0051257E-02  2.3134419E-04  1.6521694E-04
  0.7500000      5.0052404E-02  2.2463303E-04  1.7046049E-04
  0.7500000      5.0053589E-02  2.1816147E-04  1.7565288E-04
  0.7500000      5.0054789E-02  2.1191809E-04  1.8078805E-04
  0.7500000      5.0056010E-02  2.0589233E-04  1.8586058E-04
  0.7500000      5.0057255E-02  2.0007431E-04  1.9086583E-04
  0.7500000      5.0058521E-02  1.9445206E-04  1.9580239E-04
  0.7500000      5.0059810E-02  1.8901328E-04  2.0067065E-04
  0.7500000      5.0061129E-02  1.8374852E-04  2.0546795E-04
  0.7500000      5.0062470E-02  1.7864975E-04  2.1019086E-04
  0.7500000      5.0063834E-02  1.7370966E-04  2.1483609E-04
  0.7500000      5.0065234E-02  1.6892156E-04  2.1940068E-04
  0.7500000      5.0066650E-02  1.6427922E-04  2.2388203E-04
  0.7500000      5.0068095E-02  1.5977693E-04  2.2827782E-04
  0.7500000      5.0069571E-02  1.5540932E-04  2.3258614E-04
  0.7500000      5.0071076E-02  1.5117141E-04  2.3680535E-04
  0.7500000      5.0072595E-02  1.4705857E-04  2.4093414E-04
  0.7500000      5.0074160E-02  1.4306641E-04  2.4497142E-04
  0.7500000      5.0075755E-02  1.3919087E-04  2.4891648E-04
  0.7500000      5.0077379E-02  1.3542807E-04  2.5276875E-04
  0.7500000      5.0079025E-02  1.3177434E-04  2.5652800E-04
  0.7500000      5.0080717E-02  1.2822627E-04  2.6019418E-04
  0.7500000      5.0082430E-02  1.2478052E-04  2.6376740E-04
  0.7500000      5.0084181E-02  1.2143396E-04  2.6724805E-04
  0.7500000      5.0085962E-02  1.1818361E-04  2.7063664E-04
  0.7500000      5.0087787E-02  1.1502660E-04  2.7393381E-04
  0.7500000      5.0089642E-02  1.1196015E-04  2.7714041E-04
  0.7500000      5.0091535E-02  1.0898162E-04  2.8025737E-04
  0.7500000      5.0093465E-02  1.0608844E-04  2.8328574E-04
  0.7500000      5.0095439E-02  1.0327813E-04  2.8622674E-04
  0.7500000      5.0097436E-02  1.0054830E-04  2.8908160E-04
  0.7500000      5.0099492E-02  9.7896627E-05  2.9185158E-04
  0.7500000      5.0101578E-02  9.5320873E-05  2.9453810E-04
  0.7500000      5.0103702E-02  9.2818853E-05  2.9714260E-04
  0.7500000      5.0105870E-02  9.0388450E-05  2.9966660E-04
  0.7500000      5.0108090E-02  8.8027606E-05  3.0211153E-04
  0.7500000      5.0110340E-02  8.5734340E-05  3.0447898E-04
  0.7500000      5.0112650E-02  8.3506689E-05  3.0677050E-04
  0.7500000      5.0114989E-02  8.1342776E-05  3.0898768E-04
  0.7500000      5.0117388E-02  7.9240745E-05  3.1113205E-04
  0.7500000      5.0119832E-02  7.7198813E-05  3.1320524E-04
  0.7500000      5.0122321E-02  7.5215241E-05  3.1520886E-04
  0.7500000      5.0124869E-02  7.3288335E-05  3.1714438E-04
  0.7500000      5.0127462E-02  7.1416449E-05  3.1901340E-04
  0.7500000      5.0130099E-02  6.9597962E-05  3.2081746E-04
  0.7500000      5.0132796E-02  6.7831337E-05  3.2255807E-04
  0.7500000      5.0135553E-02  6.6115048E-05  3.2423672E-04
  0.7500000      5.0138354E-02  6.4447624E-05  3.2585493E-04
  0.7500000      5.0141215E-02  6.2827647E-05  3.2741402E-04
  0.7500000      5.0144136E-02  6.1253719E-05  3.2891554E-04
  0.7500000      5.0147116E-02  5.9724502E-05  3.3036081E-04
  0.7500000      5.0150156E-02  5.8238700E-05  3.3175125E-04
  0.7500000      5.0153255E-02  5.6795041E-05  3.3308816E-04
  0.7500000      5.0156415E-02  5.5392309E-05  3.3437283E-04
  0.7500000      5.0159633E-02  5.4029300E-05  3.3560663E-04
  0.7500000      5.0162926E-02  5.2704840E-05  3.3679081E-04
  0.7500000      5.0166279E-02  5.1417730E-05  3.3792661E-04
  0.7500000      5.0169706E-02  5.0166720E-05  3.3901536E-04
  0.7500000      5.0173201E-02  4.8950551E-05  3.4005818E-04
  0.7500000      5.0176762E-02  4.7768073E-05  3.4105603E-04
  0.7500000      5.0180398E-02  4.6618159E-05  3.4200991E-04
  0.7500000      5.0184108E-02  4.5499673E-05  3.4292057E-04
  0.7500000      5.0187893E-02  4.4411616E-05  3.4378871E-04
  0.7500000      5.0191753E-02  4.3353051E-05  3.4461493E-04
  0.7500000      5.0195694E-02  4.2323059E-05  3.4539978E-04
  0.7500000      5.0199702E-02  4.1320782E-05  3.4614385E-04
  0.7500000      5.0203808E-02  4.0345367E-05  3.4684764E-04
  0.7500000      5.0207987E-02  3.9396007E-05  3.4751167E-04
  0.7500000      5.0212249E-02  3.8471902E-05  3.4813647E-04
  0.7500000      5.0216608E-02  3.7572296E-05  3.4872245E-04
  0.7500000      5.0221048E-02  3.6696456E-05  3.4927012E-04
  0.7500000      5.0225578E-02  3.5843666E-05  3.4977982E-04
  0.7500000      5.0230205E-02  3.5013240E-05  3.5025203E-04
  0.7500000      5.0234914E-02  3.4204517E-05  3.5068716E-04
  0.7500000      5.0239727E-02  3.3416851E-05  3.5108556E-04
  0.7500000      5.0244637E-02  3.2649619E-05  3.5144755E-04
  0.7500000      5.0249651E-02  3.1902222E-05  3.5177352E-04
  0.7500000      5.0254762E-02  3.1174088E-05  3.5206377E-04
  0.7500000      5.0259970E-02  3.0464642E-05  3.5231863E-04
  0.7500000      5.0265290E-02  2.9773351E-05  3.5253837E-04
  0.7500000      5.0270721E-02  2.9099687E-05  3.5272323E-04
  0.7500000      5.0276250E-02  2.8443143E-05  3.5287358E-04
  0.7500000      5.0281905E-02  2.7803226E-05  3.5298953E-04
  0.7500000      5.0287671E-02  2.7179463E-05  3.5307140E-04
  0.7500000      5.0293550E-02  2.6571395E-05  3.5311939E-04
  0.7500000      5.0299555E-02  2.5978577E-05  3.5313371E-04
  0.7500000      5.0305679E-02  2.5400579E-05  3.5311456E-04
  0.7500000      5.0311923E-02  2.4836985E-05  3.5306212E-04
  0.7500000      5.0318301E-02  2.4287394E-05  3.5297649E-04
  0.7500000      5.0324798E-02  2.3751412E-05  3.5285795E-04
  0.7500000      5.0331436E-02  2.3228667E-05  3.5270659E-04
  0.7500000      5.0338209E-02  2.2718794E-05  3.5252259E-04
  0.7500000      5.0345115E-02  2.2221438E-05  3.5230606E-04
  0.7500000      5.0352164E-02  2.1736259E-05  3.5205710E-04
  0.7500000      5.0359353E-02  2.1262927E-05  3.5177585E-04
  0.7500000      5.0366692E-02  2.0801126E-05  3.5146248E-04
  0.7500000      5.0374180E-02  2.0350504E-05  3.5111699E-04
  0.7500000      5.0381824E-02  1.9910698E-05  3.5073934E-04
  0.7500000      5.0389618E-02  1.9481377E-05  3.5032950E-04
  0.7500000      5.0397567E-02  1.9062230E-05  3.4988736E-04
  0.7500000      5.0405681E-02  1.8652943E-05  3.4941273E-04
  0.7500000      5.0413966E-02  1.8253169E-05  3.4890533E-04
  0.7500000      5.0422415E-02  1.7862581E-05  3.4836485E-04
  0.7500000      5.0431028E-02  1.7480888E-05  3.4779089E-04
  0.7500000      5.0439827E-02  1.7107825E-05  3.4718312E-04
  0.7500000      5.0448805E-02  1.6743130E-05  3.4654108E-04
  0.7500000      5.0457954E-02  1.6386562E-05  3.4586445E-04
  0.7500000      5.0467297E-02  1.6037891E-05  3.4515280E-04
  0.7500000      5.0476834E-02  1.5696894E-05  3.4440577E-04
  0.7500000      5.0486565E-02  1.5363350E-05  3.4362305E-04
  0.7500000      5.0496489E-02  1.5037052E-05  3.4280418E-04
  0.7500000      5.0506614E-02  1.4717797E-05  3.4194888E-04
  0.7500000      5.0516948E-02  1.4405388E-05  3.4105679E-04
  0.7500000      5.0527491E-02  1.4099635E-05  3.4012762E-04
  0.7500000      5.0538242E-02  1.3800351E-05  3.3916096E-04
  0.7500000      5.0549224E-02  1.3507355E-05  3.3815647E-04
  0.7500000      5.0560422E-02  1.3220475E-05  3.3711392E-04
  0.7500000      5.0571851E-02  1.2939536E-05  3.3603288E-04
  0.7500000      5.0583512E-02  1.2664376E-05  3.3491311E-04
  0.7500000      5.0595410E-02  1.2394834E-05  3.3375423E-04
  0.7500000      5.0607547E-02  1.2130752E-05  3.3255597E-04
  0.7500000      5.0619945E-02  1.1871981E-05  3.3131798E-04
  0.7500000      5.0632581E-02  1.1618373E-05  3.3003997E-04
  0.7500000      5.0645471E-02  1.1369786E-05  3.2872168E-04
  0.7500000      5.0658636E-02  1.1126082E-05  3.2736277E-04
  0.7500000      5.0672062E-02  1.0887126E-05  3.2596299E-04
  0.7500000      5.0685763E-02  1.0652791E-05  3.2452209E-04
  0.7500000      5.0699741E-02  1.0422949E-05  3.2303977E-04
  0.7500000      5.0714009E-02  1.0197482E-05  3.2151586E-04
  0.7500000      5.0728559E-02  9.9762692E-06  3.1995011E-04
  0.7500000      5.0743416E-02  9.7591992E-06  3.1834230E-04
  0.7500000      5.0758570E-02  9.5461619E-06  3.1669228E-04
  0.7500000      5.0774030E-02  9.3370518E-06  3.1499995E-04
  0.7500000      5.0789803E-02  9.1317661E-06  3.1326507E-04
  0.7500000      5.0805911E-02  8.9302075E-06  3.1148765E-04
  0.7500000      5.0822333E-02  8.7322805E-06  3.0966758E-04
  0.7500000      5.0839096E-02  8.5378942E-06  3.0780482E-04
  0.7500000      5.0856195E-02  8.3469622E-06  3.0589939E-04
  0.7500000      5.0873645E-02  8.1593989E-06  3.0395132E-04
  0.7500000      5.0891452E-02  7.9751262E-06  3.0196074E-04
  0.7500000      5.0909624E-02  7.7940640E-06  2.9992775E-04
  0.7500000      5.0928161E-02  7.6161405E-06  2.9785250E-04
  0.7500000      5.0947070E-02  7.4412865E-06  2.9573531E-04
  0.7500000      5.0966375E-02  7.2694338E-06  2.9357633E-04
  0.7500000      5.0986066E-02  7.1005206E-06  2.9137603E-04
  0.7500000      5.1006168E-02  6.9344860E-06  2.8913474E-04
  0.7500000      5.1026672E-02  6.7712749E-06  2.8685294E-04
  0.7500000      5.1047593E-02  6.6108341E-06  2.8453118E-04
  0.7500000      5.1068939E-02  6.4531141E-06  2.8217002E-04
  0.7500000      5.1090717E-02  6.2980689E-06  2.7977017E-04
  0.7500000      5.1112950E-02  6.1456558E-06  2.7733238E-04
  0.7500000      5.1135629E-02  5.9958356E-06  2.7485751E-04
  0.7500000      5.1158771E-02  5.8485739E-06  2.7234637E-04
  0.7500000      5.1182382E-02  5.7038360E-06  2.6980010E-04
  0.7500000      5.1206470E-02  5.5615942E-06  2.6721967E-04
  0.7500000      5.1231056E-02  5.4218226E-06  2.6460638E-04
  0.7500000      5.1256150E-02  5.2844989E-06  2.6196137E-04
  0.7500000      5.1281735E-02  5.1496027E-06  2.5928608E-04
  0.7500000      5.1307857E-02  5.0171184E-06  2.5658199E-04
  0.7500000      5.1334508E-02  4.8870324E-06  2.5385059E-04
  0.7500000      5.1361695E-02  4.7593339E-06  2.5109359E-04
  0.7500000      5.1389441E-02  4.6340156E-06  2.4831272E-04
  0.7500000      5.1417753E-02  4.5110710E-06  2.4550984E-04
  0.7500000      5.1446646E-02  4.3904975E-06  2.4268682E-04
  0.7500000      5.1476121E-02  4.2722950E-06  2.3984573E-04
  0.7500000      5.1506199E-02  4.1564617E-06  2.3698862E-04
  0.7500000      5.1536888E-02  4.0430023E-06  2.3411770E-04
  0.7500000      5.1568203E-02  3.9319184E-06  2.3123516E-04
  0.7500000      5.1600158E-02  3.8232156E-06  2.2834330E-04
  0.7500000      5.1632762E-02  3.7168966E-06  2.2544444E-04
  0.7500000      5.1666029E-02  3.6129679E-06  2.2254096E-04
  0.7500000      5.1699974E-02  3.5114333E-06  2.1963523E-04
  0.7500000      5.1734611E-02  3.4122968E-06  2.1672962E-04
  0.7500000      5.1769957E-02  3.3155613E-06  2.1382657E-04
  0.7500000      5.1806018E-02  3.2212283E-06  2.1092838E-04
  0.7500000      5.1842809E-02  3.1292980E-06  2.0803740E-04
  0.7500000      5.1880360E-02  3.0397673E-06  2.0515588E-04
  0.7500000      5.1918671E-02  2.9526327E-06  2.0228603E-04
  0.7500000      5.1957764E-02  2.8678865E-06  1.9942995E-04
  0.7500000      5.1997654E-02  2.7855187E-06  1.9658967E-04
  0.7500000      5.2038357E-02  2.7055171E-06  1.9376706E-04
  0.7500000      5.2079886E-02  2.6278653E-06  1.9096391E-04
  0.7500000      5.2122265E-02  2.5525449E-06  1.8818185E-04
  0.7500000      5.2165501E-02  2.4795336E-06  1.8542237E-04
  0.7500000      5.2209616E-02  2.4088065E-06  1.8268681E-04
  0.7500000      5.2254640E-02  2.3403359E-06  1.7997634E-04
  0.7500000      5.2300572E-02  2.2740901E-06  1.7729201E-04
  0.7500000      5.2347451E-02  2.2100367E-06  1.7463462E-04
  0.7500000      5.2395269E-02  2.1481392E-06  1.7200487E-04
  0.7500000      5.2444071E-02  2.0883595E-06  1.6940330E-04
  0.7500000      5.2493870E-02  2.0306575E-06  1.6683023E-04
  0.7500000      5.2544683E-02  1.9749914E-06  1.6428586E-04
  0.7500000      5.2596524E-02  1.9213180E-06  1.6177021E-04
  0.7500000      5.2649423E-02  1.8695926E-06  1.5928317E-04
  0.7500000      5.2703410E-02  1.8197695E-06  1.5682448E-04
  0.7500000      5.2758485E-02  1.7718027E-06  1.5439370E-04
  0.7500000      5.2814685E-02  1.7256450E-06  1.5199027E-04
  0.7500000      5.2872032E-02  1.6812496E-06  1.4961355E-04
  0.7500000      5.2930549E-02  1.6385693E-06  1.4726270E-04
  0.7500000      5.2990250E-02  1.5975567E-06  1.4493678E-04
  0.7500000      5.3051174E-02  1.5581650E-06  1.4263476E-04
  0.7500000      5.3113341E-02  1.5203475E-06  1.4035545E-04
  0.7500000      5.3176768E-02  1.4840580E-06  1.3809759E-04
  0.7500000      5.3241491E-02  1.4492509E-06  1.3585982E-04
  0.7500000      5.3307533E-02  1.4158811E-06  1.3364066E-04
  0.7500000      5.3374916E-02  1.3839042E-06  1.3143847E-04
  0.7500000      5.3443670E-02  1.3532763E-06  1.2925161E-04
  0.7500000      5.3513832E-02  1.3239544E-06  1.2707827E-04
  0.7500000      5.3585425E-02  1.2958958E-06  1.2491652E-04
  0.7500000      5.3658471E-02  1.2690589E-06  1.2276437E-04
  0.7500000      5.3733006E-02  1.2434018E-06  1.2061968E-04
  0.7500000      5.3809062E-02  1.2188839E-06  1.1848020E-04
  0.7500000      5.3886667E-02  1.1954646E-06  1.1634355E-04
  0.7500000      5.3965852E-02  1.1731033E-06  1.1420720E-04
  0.7500000      5.4046646E-02  1.1517600E-06  1.1206848E-04
  0.7500000      5.4129094E-02  1.1313941E-06  1.0992454E-04
  0.7500000      5.4213211E-02  1.1119650E-06  1.0777240E-04
  0.7500000      5.4299049E-02  1.0934317E-06  1.0560884E-04
  0.7500000      5.4386631E-02  1.0757522E-06  1.0343043E-04
  0.7500000      5.4476008E-02  1.0588836E-06  1.0123353E-04
  0.7500000      5.4567195E-02  1.0427816E-06  9.9014229E-05
  0.7500000      5.4660246E-02  1.0274001E-06  9.6768359E-05
  0.7500000      5.4755189E-02  1.0126910E-06  9.4491406E-05
  0.7500000      5.4852068E-02  9.9860335E-07  9.2178569E-05
  0.7500000      5.4950923E-02  9.8508372E-07  8.9824694E-05
  0.7500000      5.5051789E-02  9.7207453E-07  8.7424225E-05
  0.7500000      5.5154711E-02  9.5951464E-07  8.4971267E-05
  0.7500000      5.5259719E-02  9.4733923E-07  8.2459585E-05
  0.7500000      5.5366881E-02  9.3547857E-07  7.9882608E-05
  0.7500000      5.5476218E-02  9.2385937E-07  7.7233562E-05
  0.7500000      5.5587791E-02  9.1240497E-07  7.4505668E-05
  0.7500000      5.5701628E-02  9.0103617E-07  7.1692317E-05
  0.7500000      5.5817790E-02  8.8967312E-07  6.8787500E-05
  0.7500000      5.5936322E-02  8.7823651E-07  6.5786291E-05
  0.7500000      5.6057259E-02  8.6664954E-07  6.2685591E-05
  0.7500000      5.6180663E-02  8.5484970E-07  5.9485890E-05
  0.7500000      5.6306586E-02  8.4303758E-07  5.6211953E-05
  0.7500000      5.6435063E-02  8.3136069E-07  5.2896088E-05
  0.7500000      5.6566171E-02  8.1973360E-07  4.9557475E-05
  0.7500000      5.6699947E-02  8.0805512E-07  4.6215027E-05
  0.7500000      5.6836441E-02  7.9621321E-07  4.2885200E-05
  0.7500000      5.6975722E-02  7.8412120E-07  3.9582977E-05
  0.7500000      5.7117835E-02  7.7172820E-07  3.6317593E-05
  0.7500000      5.7262853E-02  7.5882434E-07  3.3056749E-05
  0.7500000      5.7410821E-02  7.4500792E-07  2.9757734E-05
  0.7500000      5.7561800E-02  7.2986109E-07  2.6415108E-05
  0.7500000      5.7715856E-02  7.1289935E-07  2.3041146E-05
  0.7500000      5.7873055E-02  6.9348721E-07  1.9657899E-05
  0.7500000      5.8033451E-02  6.7072926E-07  1.6298880E-05
  0.7500000      5.8197111E-02  6.4328856E-07  1.3012290E-05
  0.7500000      5.8364116E-02  6.0907269E-07  9.8664314E-06
  0.7500000      5.8534518E-02  5.6467991E-07  6.9572684E-06
  0.7500000      5.8708392E-02  5.0454310E-07  4.4158428E-06
  0.7500000      5.8885813E-02  4.2063036E-07  2.4033773E-06
  0.7500000      5.9066840E-02  3.0824751E-07  1.0566077E-06
  0.7500000      5.9251562E-02  1.8418505E-07  3.5917810E-07
  0.7500000      5.9440047E-02  8.5993548E-08  9.4774748E-08
  0.7500000      5.9632361E-02  3.2556517E-08  2.0181766E-08
  0.7500000      5.9828609E-02  1.2536066E-08  3.6029251E-09
  0.7500000      6.0028844E-02  7.5984392E-09  5.8025590E-10
  0.7500000      6.0233161E-02  6.7525816E-09  1.1386363E-10
  0.7500000      6.0441643E-02  6.6338441E-09  4.9830806E-11
  0.7500000      6.0654372E-02  6.6187740E-09  4.1668453E-11
  0.7500000      6.0871437E-02  6.6168990E-09  4.0687280E-11
  0.7500000      6.1092913E-02  6.6165997E-09  4.0575661E-11
  0.7500000      6.1318912E-02  6.6164554E-09  4.0563698E-11
  0.7500000      6.1549515E-02  6.6162964E-09  4.0562567E-11
  0.7500000      6.1784811E-02  6.6160988E-09  4.0562564E-11
  0.7500000      6.2024906E-02  6.6158541E-09  4.0562678E-11
  0.7500000      6.2269881E-02  6.6155570E-09  4.0562807E-11
  0.7500000      6.2519863E-02  6.6152026E-09  4.0562949E-11
  0.7500000      6.2774926E-02  6.6147869E-09  4.0563095E-11
  0.7500000      6.3035190E-02  6.6143082E-09  4.0563254E-11
  0.7500000      6.3300759E-02  6.6137673E-09  4.0563421E-11
  0.7500000      6.3571736E-02  6.6131660E-09  4.0563598E-11
  0.7500000      6.3848235E-02  6.6125088E-09  4.0563782E-11
  0.7500000      6.4130358E-02  6.6118018E-09  4.0563976E-11
  0.7500000      6.4418241E-02  6.6110539E-09  4.0564174E-11
  0.7500000      6.4711981E-02  6.6102745E-09  4.0564378E-11
  0.7500000      6.5011710E-02  6.6094739E-09  4.0564586E-11
  0.7500000      6.5317541E-02  6.6086630E-09  4.0564798E-11
  0.7500000      6.5629609E-02  6.6078512E-09  4.0565010E-11
  0.7500000      6.5948032E-02  6.6070474E-09  4.0565225E-11
  0.7500000      6.6272937E-02  6.6062595E-09  4.0565433E-11
  0.7500000      6.6604465E-02  6.6054930E-09  4.0565641E-11
  0.7500000      6.6942751E-02  6.6047523E-09  4.0565849E-11
  0.7500000      6.7287922E-02  6.6040422E-09  4.0566051E-11
  0.7500000      6.7640133E-02  6.6033667E-09  4.0566245E-11
  0.7500000      6.7999512E-02  6.6027304E-09  4.0566439E-11
  0.7500000      6.8366215E-02  6.6021384E-09  4.0566626E-11
  0.7500000      6.8740390E-02  6.6015948E-09  4.0566807E-11
  0.7500000      6.9122188E-02  6.6011028E-09  4.0566980E-11
  0.7500000      6.9511764E-02  6.6006622E-09  4.0567157E-11
  0.7500000      6.9909275E-02  6.6002741E-09  4.0567327E-11
  0.7500000      7.0314892E-02  6.5999353E-09  4.0567494E-11
  0.7500000      7.0728764E-02  6.5996417E-09  4.0567657E-11
  0.7500000      7.1151070E-02  6.5993904E-09  4.0567820E-11
  0.7500000      7.1581982E-02  6.5991763E-09  4.0567980E-11
  0.7500000      7.2021671E-02  6.5989956E-09  4.0568139E-11
  0.7500000      7.2470322E-02  6.5988437E-09  4.0568295E-11
  0.7500000      7.2928108E-02  6.5987171E-09  4.0568451E-11
  0.7500000      7.3395222E-02  6.5986123E-09  4.0568611E-11
  0.7500000      7.3871851E-02  6.5985262E-09  4.0568767E-11
  0.7500000      7.4358195E-02  6.5984560E-09  4.0568923E-11
  0.7500000      7.4854441E-02  6.5984000E-09  4.0569083E-11
  0.7500000      7.5360790E-02  6.5983556E-09  4.0569242E-11
  0.7500000      7.5877473E-02  6.5983219E-09  4.0569402E-11
  0.7500000      7.6404676E-02  6.5982961E-09  4.0569558E-11
  0.7500000      7.6942608E-02  6.5982784E-09  4.0569721E-11
  0.7500000      7.7491522E-02  6.5982668E-09  4.0569881E-11
  0.7500000      7.8051612E-02  6.5982606E-09  4.0570047E-11
  0.7500000      7.8623101E-02  6.5982588E-09  4.0570207E-11
  0.7500000      7.9206243E-02  6.5982615E-09  4.0570373E-11
  0.7500000      7.9801247E-02  6.5982677E-09  4.0570540E-11
  0.7500000      8.0408394E-02  6.5982766E-09  4.0570707E-11
  0.7500000      8.1027910E-02  6.5982881E-09  4.0570873E-11
  0.7500000      8.1660032E-02  6.5983015E-09  4.0571043E-11
  0.7500000      8.2305044E-02  6.5983174E-09  4.0571213E-11
  0.7500000      8.2963198E-02  6.5983343E-09  4.0571387E-11
  0.7500000      8.3634749E-02  6.5983530E-09  4.0571560E-11
  0.7500000      8.4319994E-02  6.5983734E-09  4.0571733E-11
  0.7500000      8.5019186E-02  6.5983938E-09  4.0571907E-11
  0.7500000      8.5732639E-02  6.5984160E-09  4.0572087E-11
  0.7500000      8.6460620E-02  6.5984387E-09  4.0572261E-11
  0.7500000      8.7203428E-02  6.5984622E-09  4.0572441E-11
  0.7500000      8.7961376E-02  6.5984862E-09  4.0572622E-11
  0.7500000      8.8734761E-02  6.5985111E-09  4.0572802E-11
  0.7500000      8.9523897E-02  6.5985359E-09  4.0572982E-11
  0.7500000      9.0329126E-02  6.5985617E-09  4.0573163E-11
  0.7500000      9.1150746E-02  6.5985875E-09  4.0573347E-11
  0.7500000      9.1989115E-02  6.5986137E-09  4.0573531E-11
  0.7500000      9.2844561E-02  6.5986403E-09  4.0573718E-11
  0.7500000      9.3717426E-02  6.5986674E-09  4.0573902E-11
  0.7500000      9.4608083E-02  6.5986940E-09  4.0574089E-11
  0.7500000      9.5516875E-02  6.5987216E-09  4.0574277E-11
  0.7500000      9.6444204E-02  6.5987491E-09  4.0574464E-11
  0.7500000      9.7390398E-02  6.5987766E-09  4.0574651E-11
  0.7500000      9.8355874E-02  6.5988051E-09  4.0574842E-11
  0.7500000      9.9341050E-02  6.5988326E-09  4.0575029E-11
  0.7500000      0.1003463      6.5988606E-09  4.0575217E-11
  0.7500000      0.1013720      6.5988885E-09  4.0575411E-11
  0.7500000      0.1024186      6.5989170E-09  4.0575598E-11
  0.7500000      0.1034865      6.5989454E-09  4.0575793E-11
  0.7500000      0.1045762      6.5989738E-09  4.0575980E-11
  0.7500000      0.1056881      6.5990022E-09  4.0576174E-11
  0.7500000      0.1068226      6.5990311E-09  4.0576362E-11
  0.7500000      0.1079802      6.5990595E-09  4.0576556E-11
  0.7500000      0.1091615      6.5990879E-09  4.0576747E-11
  0.7500000      0.1103667      6.5991168E-09  4.0576938E-11
  0.7500000      0.1115966      6.5991452E-09  4.0577128E-11
  0.7500000      0.1128515      6.5991737E-09  4.0577319E-11
  0.7500000      0.1141320      6.5992021E-09  4.0577514E-11
  0.7500000      0.1154385      6.5992309E-09  4.0577701E-11
  0.7500000      0.1167717      6.5992589E-09  4.0577892E-11
  0.7500000      0.1181321      6.5992878E-09  4.0578083E-11
  0.7500000      0.1195201      6.5993158E-09  4.0578270E-11
  0.7500000      0.1209364      6.5993442E-09  4.0578461E-11
  0.7500000      0.1223816      6.5993726E-09  4.0578648E-11
  0.7500000      0.1238563      6.5994006E-09  4.0578839E-11
  0.7500000      0.1253609      6.5994286E-09  4.0579026E-11
  0.7500000      0.1268962      6.5994565E-09  4.0579210E-11
  0.7500000      0.1284629      6.5994845E-09  4.0579397E-11
  0.7500000      0.1300614      6.5995120E-09  4.0579581E-11
  0.7500000      0.1316925      6.5995396E-09  4.0579765E-11
  0.7500000      0.1333568      6.5995667E-09  4.0579949E-11
  0.7500000      0.1350550      6.5995938E-09  4.0580130E-11
  0.7500000      0.1367878      6.5996213E-09  4.0580310E-11
  0.7500000      0.1385560      6.5996479E-09  4.0580490E-11
  0.7500000      0.1403601      6.5996746E-09  4.0580671E-11
  0.7500000      0.1422010      6.5997012E-09  4.0580848E-11
  0.7500000      0.1440794      6.5997274E-09  4.0581025E-11
  0.7500000      0.1459961      6.5997536E-09  4.0581198E-11
  0.7500000      0.1479518      6.5997794E-09  4.0581372E-11
  0.7500000      0.1499474      6.5998051E-09  4.0581545E-11
  0.7500000      0.1519836      6.5998309E-09  4.0581715E-11
  0.7500000      0.1540613      6.5998562E-09  4.0581885E-11
  0.7500000      0.1561814      6.5998815E-09  4.0582052E-11
  0.7500000      0.1583446      6.5999060E-09  4.0582218E-11
  0.7500000      0.1605519      6.5999304E-09  4.0582381E-11
  0.7500000      0.1628042      6.5999552E-09  4.0582544E-11
  0.7500000      0.1651023      6.5999792E-09  4.0582704E-11
  0.7500000      0.1674473      6.6000028E-09  4.0582863E-11
  0.7500000      0.1698401      6.6000263E-09  4.0583023E-11
  0.7500000      0.1722816      6.6000494E-09  4.0583176E-11
  0.7500000      0.1747728      6.6000725E-09  4.0583328E-11
  0.7500000      0.1773148      6.6000956E-09  4.0583481E-11
  0.7500000      0.1799086      6.6001178E-09  4.0583634E-11
  0.7500000      0.1825552      6.6001400E-09  4.0583779E-11
  0.7500000      0.1852558      6.6001622E-09  4.0583925E-11
  0.7500000      0.1880113      6.6001835E-09  4.0584071E-11
  0.7500000      0.1908230      6.6002048E-09  4.0584213E-11
  0.7500000      0.1936920      6.6002257E-09  4.0584355E-11
  0.7500000      0.1966194      6.6002466E-09  4.0584494E-11
  0.7500000      0.1996065      6.6002670E-09  4.0584626E-11
  0.7500000      0.2026544      6.6002865E-09  4.0584765E-11
  0.7500000      0.2057645      6.6003065E-09  4.0584893E-11
  0.7500000      0.2089378      6.6003261E-09  4.0585025E-11
  0.7500000      0.2121759      6.6003452E-09  4.0585153E-11
  0.7500000      0.2154799      6.6003643E-09  4.0585278E-11
  0.7500000      0.2188512      6.6003825E-09  4.0585403E-11
  0.7500000      0.2222912      6.6004011E-09  4.0585525E-11
  0.7500000      0.2258013      6.6004189E-09  4.0585642E-11
  0.7500000      0.2293829      6.6004366E-09  4.0585764E-11
  0.7500000      0.2330374      6.6004535E-09  4.0585878E-11
  0.7500000      0.2367665      6.6004708E-09  4.0585993E-11
  0.7500000      0.2405715      6.6004877E-09  4.0586104E-11
  0.7500000      0.2444540      6.6005041E-09  4.0586215E-11
  0.7500000      0.2484155      6.6005201E-09  4.0586322E-11
  0.7500000      0.2524579      6.6005361E-09  4.0586427E-11
  0.7500000      0.2565826      6.6005517E-09  4.0586531E-11
  0.7500000      0.2607912      6.6005672E-09  4.0586631E-11
  0.7500000      0.2650857      6.6005819E-09  4.0586732E-11
  0.7500000      0.2694677      6.6005965E-09  4.0586833E-11
  0.7500000      0.2739388      6.6006107E-09  4.0586930E-11
  0.7500000      0.2785012      6.6006249E-09  4.0587020E-11
  0.7500000      0.2831564      6.6006391E-09  4.0587114E-11
  0.7500000      0.2879065      6.6006525E-09  4.0587207E-11
  0.7500000      0.2927533      6.6006658E-09  4.0587297E-11
  0.7500000      0.2976990      6.6006791E-09  4.0587381E-11
  0.7500000      0.3027453      6.6006915E-09  4.0587471E-11
  0.7500000      0.3078945      6.6007040E-09  4.0587554E-11
  0.7500000      0.3131486      6.6007164E-09  4.0587634E-11
  0.7500000      0.3185097      6.6007289E-09  4.0587714E-11
  0.7500000      0.3239800      6.6007404E-09  4.0587794E-11
  0.7500000      0.3295618      6.6007519E-09  4.0587873E-11
  0.7500000      0.3352574      6.6007635E-09  4.0587950E-11
  0.7500000      0.3410689      6.6007746E-09  4.0588023E-11
  0.7500000      0.3469988      6.6007857E-09  4.0588095E-11
  0.7500000      0.3530496      6.6007964E-09  4.0588168E-11
  0.7500000      0.3592236      6.6008070E-09  4.0588238E-11
  0.7500000      0.3655234      6.6008177E-09  4.0588307E-11
  0.7500000      0.3719515      6.6008274E-09  4.0588376E-11
  0.7500000      0.3785107      6.6008372E-09  4.0588442E-11
  0.7500000      0.3852034      6.6008470E-09  4.0588508E-11
  0.7500000      0.3920325      6.6008568E-09  4.0588571E-11
  0.7500000      0.3990007      6.6008661E-09  4.0588637E-11
  0.7500000      0.4061109      6.6008754E-09  4.0588699E-11
  0.7500000      0.4133659      6.6008847E-09  4.0588755E-11
  0.7500000      0.4207688      6.6008936E-09  4.0588817E-11
  0.7500000      0.4283224      6.6009020E-09  4.0588876E-11
  0.7500000      0.4360300      6.6009109E-09  4.0588932E-11
  0.7500000      0.4438946      6.6009194E-09  4.0588991E-11
  0.7500000      0.4519194      6.6009278E-09  4.0589046E-11
  0.7500000      0.4601076      6.6009358E-09  4.0589102E-11
  0.7500000      0.4684628      6.6009438E-09  4.0589154E-11
  0.7500000      0.4769881      6.6009518E-09  4.0589206E-11
  0.7500000      0.4856871      6.6009598E-09  4.0589261E-11
  0.7500000      0.4945634      6.6009673E-09  4.0589310E-11
  0.7500000      0.5036204      6.6009749E-09  4.0589358E-11
  0.7500000      0.5128620      6.6009824E-09  4.0589410E-11
  0.7500000      0.5222919      6.6009900E-09  4.0589459E-11
  0.7500000      0.5319139      6.6009971E-09  4.0589511E-11
  0.7500000      0.5417320      6.6010042E-09  4.0589556E-11
  0.7500000      0.5517499      6.6010113E-09  4.0589605E-11
  0.7500000      0.5619721      6.6010184E-09  4.0589650E-11
  0.7500000      0.5724025      6.6010255E-09  4.0589698E-11
  0.7500000      0.5830454      6.6010322E-09  4.0589740E-11
  0.7500000      0.5939052      6.6010388E-09  4.0589788E-11
  0.7500000      0.6049861      6.6010455E-09  4.0589830E-11
  0.7500000      0.6162928      6.6010521E-09  4.0589875E-11
  0.7500000      0.6278299      6.6010584E-09  4.0589920E-11
  0.7500000      0.6396020      6.6010650E-09  4.0589962E-11
  0.7500000      0.6516140      6.6010717E-09  4.0590004E-11
  0.7500000      0.6638706      6.6010779E-09  4.0590045E-11
  0.7500000      0.6763770      6.6010841E-09  4.0590090E-11
  0.7500000      0.6891382      6.6010903E-09  4.0590128E-11
  0.7500000      0.7021593      6.6010966E-09  4.0590174E-11
  0.7500000      0.7154458      6.6011023E-09  4.0590212E-11
  0.7500000      0.7290028      6.6011085E-09  4.0590253E-11
  0.7500000      0.7428362      6.6011143E-09  4.0590295E-11
  0.7500000      0.7569513      6.6011205E-09  4.0590337E-11
  0.7500000      0.7713540      6.6011268E-09  4.0590371E-11
  0.7500000      0.7860501      6.6011321E-09  4.0590413E-11
  0.7500000      0.8010457      6.6011383E-09  4.0590455E-11
  0.7500000      0.8163467      6.6011436E-09  4.0590489E-11
  0.7500000      0.8319594      6.6011498E-09  4.0590531E-11
  0.7500000      0.8478903      6.6011552E-09  4.0590566E-11
  0.7500000      0.8641457      6.6011614E-09  4.0590607E-11
  0.7500000      0.8807322      6.6011667E-09  4.0590642E-11
  0.7500000      0.8976567      6.6011725E-09  4.0590680E-11
  0.7500000      0.9149261      6.6011783E-09  4.0590718E-11
  0.7500000      0.9325472      6.6011836E-09  4.0590753E-11
  0.7500000      0.9505273      6.6011894E-09  4.0590795E-11
  0.7500000      0.9688737      6.6011951E-09  4.0590829E-11
  0.7500000      0.9875938      6.6012005E-09  4.0590864E-11
  0.7500000       1.006696      6.6012058E-09  4.0590906E-11
  0.7500000       1.026186      6.6012111E-09  4.0590940E-11
  0.7500000       1.046074      6.6012165E-09  4.0590975E-11
  0.7500000       1.066367      6.6012218E-09  4.0591013E-11
  0.7500000       1.087074      6.6012271E-09  4.0591048E-11
  0.7500000       1.108202      6.6012329E-09  4.0591086E-11
  0.7500000       1.129761      6.6012382E-09  4.0591121E-11
  0.7500000       1.151758      6.6012431E-09  4.0591155E-11
  0.7500000       1.174205      6.6012484E-09  4.0591190E-11
  0.7500000       1.197108      6.6012538E-09  4.0591225E-11
  0.7500000       1.220478      6.6012591E-09  4.0591260E-11
  0.7500000       1.244324      6.6012644E-09  4.0591294E-11
  0.7500000       1.268656      6.6012698E-09  4.0591329E-11
  0.7500000       1.293484      6.6012751E-09  4.0591364E-11
  0.7500000       1.318817      6.6012800E-09  4.0591398E-11
  0.7500000       1.344667      6.6012849E-09  4.0591433E-11
  0.7500000       1.371043      6.6012902E-09  4.0591468E-11
  0.7500000       1.397956      6.6012955E-09  4.0591502E-11
  0.7500000       1.425418      6.6013004E-09  4.0591537E-11
  0.7500000       1.453440      6.6013053E-09  4.0591572E-11
  0.7500000       1.482032      6.6013106E-09  4.0591603E-11
  0.7500000       1.511207      6.6013155E-09  4.0591638E-11
  0.7500000       1.540976      6.6013204E-09  4.0591669E-11
  0.7500000       1.571352      6.6013257E-09  4.0591704E-11
  0.7500000       1.602346      6.6013306E-09  4.0591738E-11
  0.7500000       1.633972      6.6013355E-09  4.0591773E-11
  0.7500000       1.666242      6.6013404E-09  4.0591801E-11
  0.7500000       1.699170      6.6013452E-09  4.0591835E-11
  0.7500000       1.732768      6.6013501E-09  4.0591870E-11
  0.7500000       1.767051      6.6013550E-09  4.0591898E-11
  0.7500000       1.802033      6.6013595E-09  4.0591933E-11
  0.7500000       1.837727      6.6013648E-09  4.0591967E-11
  0.7500000       1.874148      6.6013692E-09  4.0591995E-11
  0.7500000       1.911311      6.6013737E-09  4.0592030E-11
  0.7500000       1.949232      6.6013790E-09  4.0592057E-11
  0.7500000       1.987925      6.6013834E-09  4.0592092E-11
  0.7500000       2.027406      6.6013879E-09  4.0592120E-11
  0.7500000       2.067692      6.6013923E-09  4.0592151E-11
  0.7500000       2.108798      6.6013972E-09  4.0592182E-11
  0.7500000       2.150742      6.6014021E-09  4.0592210E-11
  0.7500000       2.193540      6.6014065E-09  4.0592245E-11
  0.7500000       2.237211      6.6014110E-09  4.0592273E-11
  0.7500000       2.281771      6.6014154E-09  4.0592300E-11
  0.7500000       2.327239      6.6014194E-09  4.0592328E-11
  0.7500000       2.373633      6.6014234E-09  4.0592359E-11
  0.7500000       2.420972      6.6014278E-09  4.0592391E-11
  0.7500000       2.469276      6.6014323E-09  4.0592418E-11
  0.7500000       2.518564      6.6014367E-09  4.0592446E-11
  0.7500000       2.568856      6.6014403E-09  4.0592474E-11
  0.7500000       2.620172      6.6014447E-09  4.0592502E-11
  0.7500000       2.672534      6.6014487E-09  4.0592529E-11
  0.7500000       2.725963      6.6014527E-09  4.0592550E-11
  0.7500000       2.780480      6.6014567E-09  4.0592578E-11
  0.7500000       2.836108      6.6014607E-09  4.0592606E-11
  0.7500000       2.892870      6.6014643E-09  4.0592630E-11
  0.7500000       2.950787      6.6014678E-09  4.0592654E-11
  0.7500000       3.009885      6.6014718E-09  4.0592679E-11
  0.7500000       3.070187      6.6014754E-09  4.0592703E-11
  0.7500000       3.131717      6.6014785E-09  4.0592727E-11
  0.7500000       3.194501      6.6014820E-09  4.0592751E-11
  0.7500000       3.258564      6.6014856E-09  4.0592772E-11
  0.7500000       3.323931      6.6014891E-09  4.0592793E-11
  0.7500000       3.390631      6.6014918E-09  4.0592814E-11
  0.7500000       3.458690      6.6014954E-09  4.0592835E-11
  0.7500000       3.528135      6.6014980E-09  4.0592855E-11
  0.7500000       3.598995      6.6015011E-09  4.0592876E-11
  0.7500000       3.671299      6.6015038E-09  4.0592897E-11
  0.7500000       3.745075      6.6015065E-09  4.0592911E-11
  0.7500000       3.820355      6.6015091E-09  4.0592928E-11
  0.7500000       3.897168      6.6015113E-09  4.0592946E-11
  0.7500000       3.975547      6.6015140E-09  4.0592960E-11
  0.7500000       4.055521      6.6015158E-09  4.0592977E-11
  0.7500000       4.137126      6.6015180E-09  4.0592987E-11
  0.7500000       4.220393      6.6015202E-09  4.0593001E-11
  0.7500000       4.305356      6.6015216E-09  4.0593015E-11
  0.7500000       4.392050      6.6015233E-09  4.0593022E-11
  0.7500000       4.480511      6.6015247E-09  4.0593032E-11
  0.7500000       4.570774      6.6015255E-09  4.0593043E-11
  0.7500000       4.662875      6.6015264E-09  4.0593050E-11
  0.7500000       4.756853      6.6015273E-09  4.0593053E-11
  0.7500000       4.852746      6.6015282E-09  4.0593057E-11
  0.7500000       4.950592      6.6015287E-09  4.0593064E-11
zone, t="FUN3D"
  0.7500004      4.9999997E-02   28.18963      0.0000000E+00
  0.7500004      5.0000492E-02   1.729751      5.5216217E-11
  0.7500004      5.0000988E-02  0.4897137      5.6942456E-10
  0.7500004      5.0001483E-02  0.2120498      2.4275044E-09
  0.7500004      5.0001979E-02  0.1150825      6.7740333E-09
  0.7500004      5.0002478E-02  7.1442604E-02  1.4904764E-08
  0.7500004      5.0002974E-02  4.8405923E-02  2.8231439E-08
  0.7500004      5.0003473E-02  3.4856491E-02  4.8268717E-08
  0.7500004      5.0003976E-02  2.6244026E-02  7.6629519E-08
  0.7500004      5.0004479E-02  2.0441715E-02  1.1502448E-07
  0.7500004      5.0004981E-02  1.6352179E-02  1.6526400E-07
  0.7500004      5.0005488E-02  1.3364259E-02  2.2926184E-07
  0.7500004      5.0005995E-02  1.1116278E-02  3.0904010E-07
  0.7500004      5.0006505E-02  9.3833571E-03  4.0673501E-07
  0.7500004      5.0007019E-02  8.0198320E-03  5.2460359E-07
  0.7500004      5.0007537E-02  6.9280346E-03  6.6503077E-07
  0.7500004      5.0008055E-02  6.0405242E-03  8.3053732E-07
  0.7500004      5.0008580E-02  5.3095324E-03  1.0237876E-06
  0.7500004      5.0009105E-02  4.7004665E-03  1.2475982E-06
  0.7500004      5.0009634E-02  4.1877823E-03  1.5049461E-06
  0.7500004      5.0010167E-02  3.7522865E-03  1.7989775E-06
  0.7500004      5.0010707E-02  3.3793366E-03  2.1330156E-06
  0.7500004      5.0011247E-02  3.0576030E-03  2.5105692E-06
  0.7500004      5.0011795E-02  2.7782104E-03  2.9353398E-06
  0.7500004      5.0012346E-02  2.5341266E-03  3.4112284E-06
  0.7500004      5.0012905E-02  2.3197213E-03  3.9423398E-06
  0.7500004      5.0013464E-02  2.1304439E-03  4.5329898E-06
  0.7500004      5.0014034E-02  1.9625840E-03  5.1877032E-06
  0.7500004      5.0014608E-02  1.8130917E-03  5.9112190E-06
  0.7500004      5.0015185E-02  1.6794414E-03  6.7084825E-06
  0.7500004      5.0015770E-02  1.5595272E-03  7.5846442E-06
  0.7500004      5.0016362E-02  1.4515811E-03  8.5450474E-06
  0.7500004      5.0016958E-02  1.3541103E-03  9.5952164E-06
  0.7500004      5.0017565E-02  1.2658471E-03  1.0740834E-05
  0.7500004      5.0018176E-02  1.1857089E-03  1.1987722E-05
  0.7500004      5.0018799E-02  1.1127664E-03  1.3341806E-05
  0.7500004      5.0019424E-02  1.0462186E-03  1.4809079E-05
  0.7500004      5.0020061E-02  9.8537118E-04  1.6395557E-05
  0.7500004      5.0020702E-02  9.2962029E-04  1.8107230E-05
  0.7500004      5.0021354E-02  8.7843824E-04  1.9949990E-05
  0.7500004      5.0022017E-02  8.3136227E-04  2.1929576E-05
  0.7500004      5.0022684E-02  7.8798475E-04  2.4051489E-05
  0.7500004      5.0023362E-02  7.4794580E-04  2.6320913E-05
  0.7500004      5.0024051E-02  7.1092602E-04  2.8742630E-05
  0.7500004      5.0024752E-02  6.7664165E-04  3.1320920E-05
  0.7500004      5.0025459E-02  6.4483943E-04  3.4059471E-05
  0.7500004      5.0026175E-02  6.1529275E-04  3.6961286E-05
  0.7500004      5.0026905E-02  5.8779860E-04  4.0028583E-05
  0.7500004      5.0027646E-02  5.6217436E-04  4.3262717E-05
  0.7500004      5.0028395E-02  5.3825550E-04  4.6664100E-05
  0.7500004      5.0029159E-02  5.1589363E-04  5.0232127E-05
  0.7500004      5.0029933E-02  4.9495464E-04  5.3965145E-05
  0.7500004      5.0030719E-02  4.7531715E-04  5.7860390E-05
  0.7500004      5.0031520E-02  4.5687120E-04  6.1913997E-05
  0.7500004      5.0032333E-02  4.3951714E-04  6.6121000E-05
  0.7500004      5.0033160E-02  4.2316454E-04  7.0475340E-05
  0.7500004      5.0033998E-02  4.0773134E-04  7.4969961E-05
  0.7500004      5.0034851E-02  3.9314313E-04  7.9596830E-05
  0.7500004      5.0035715E-02  3.7933228E-04  8.4347048E-05
  0.7500004      5.0036598E-02  3.6623760E-04  8.9210960E-05
  0.7500004      5.0037492E-02  3.5380339E-04  9.4178278E-05
  0.7500004      5.0038405E-02  3.4197929E-04  9.9238168E-05
  0.7500004      5.0039332E-02  3.3071963E-04  1.0437943E-04
  0.7500004      5.0040275E-02  3.1998294E-04  1.0959062E-04
  0.7500004      5.0041236E-02  3.0973175E-04  1.1486014E-04
  0.7500004      5.0042212E-02  2.9993212E-04  1.2017642E-04
  0.7500004      5.0043203E-02  2.9055320E-04  1.2552801E-04
  0.7500004      5.0044216E-02  2.8156719E-04  1.3090370E-04
  0.7500004      5.0045244E-02  2.7294882E-04  1.3629260E-04
  0.7500004      5.0046291E-02  2.6467515E-04  1.4168424E-04
  0.7500004      5.0047357E-02  2.5672547E-04  1.4706863E-04
  0.7500004      5.0048444E-02  2.4908088E-04  1.5243629E-04
  0.7500004      5.0049551E-02  2.4172425E-04  1.5777838E-04
  0.7500004      5.0050676E-02  2.3463993E-04  1.6308665E-04
  0.7500004      5.0051820E-02  2.2781371E-04  1.6835345E-04
  0.7500004      5.0052989E-02  2.2123256E-04  1.7357184E-04
  0.7500004      5.0054178E-02  2.1488457E-04  1.7873550E-04
  0.7500004      5.0055388E-02  2.0875879E-04  1.8383873E-04
  0.7500004      5.0056621E-02  2.0284517E-04  1.8887647E-04
  0.7500004      5.0057877E-02  1.9713276E-04  1.9384580E-04
  0.7500004      5.0059155E-02  1.9160914E-04  1.9874659E-04
  0.7500004      5.0060458E-02  1.8626353E-04  2.0357771E-04
  0.7500004      5.0061788E-02  1.8108742E-04  2.0833587E-04
  0.7500004      5.0063141E-02  1.7607321E-04  2.1301767E-04
  0.7500004      5.0064519E-02  1.7121395E-04  2.1762004E-04
  0.7500004      5.0065927E-02  1.6650322E-04  2.2214018E-04
  0.7500004      5.0067358E-02  1.6193507E-04  2.2657569E-04
  0.7500004      5.0068818E-02  1.5750398E-04  2.3092447E-04
  0.7500004      5.0070304E-02  1.5320483E-04  2.3518477E-04
  0.7500004      5.0071821E-02  1.4903284E-04  2.3935510E-04
  0.7500004      5.0073367E-02  1.4498353E-04  2.4343432E-04
  0.7500004      5.0074942E-02  1.4105265E-04  2.4742153E-04
  0.7500004      5.0076548E-02  1.3723629E-04  2.5131612E-04
  0.7500004      5.0078187E-02  1.3353067E-04  2.5511772E-04
  0.7500004      5.0079856E-02  1.2993228E-04  2.5882619E-04
  0.7500004      5.0081555E-02  1.2643774E-04  2.6244158E-04
  0.7500004      5.0083291E-02  1.2304384E-04  2.6596416E-04
  0.7500004      5.0085060E-02  1.1974753E-04  2.6939437E-04
  0.7500004      5.0086863E-02  1.1654589E-04  2.7273281E-04
  0.7500004      5.0088700E-02  1.1343610E-04  2.7598027E-04
  0.7500004      5.0090574E-02  1.1041547E-04  2.7913763E-04
  0.7500004      5.0092485E-02  1.0748141E-04  2.8220590E-04
  0.7500004      5.0094433E-02  1.0463138E-04  2.8518622E-04
  0.7500004      5.0096422E-02  1.0186295E-04  2.8807978E-04
  0.7500004      5.0098449E-02  9.9173776E-05  2.9088787E-04
  0.7500004      5.0100513E-02  9.6561591E-05  2.9361190E-04
  0.7500004      5.0102621E-02  9.4024173E-05  2.9625322E-04
  0.7500004      5.0104771E-02  9.1559385E-05  2.9881333E-04
  0.7500004      5.0106961E-02  8.9165143E-05  3.0129374E-04
  0.7500004      5.0109196E-02  8.6839435E-05  3.0369597E-04
  0.7500004      5.0111476E-02  8.4580286E-05  3.0602157E-04
  0.7500004      5.0113801E-02  8.2385777E-05  3.0827214E-04
  0.7500004      5.0116174E-02  8.0254067E-05  3.1044922E-04
  0.7500004      5.0118592E-02  7.8183330E-05  3.1255445E-04
  0.7500004      5.0121058E-02  7.6171811E-05  3.1458942E-04
  0.7500004      5.0123576E-02  7.4217802E-05  3.1655564E-04
  0.7500004      5.0126143E-02  7.2319635E-05  3.1845472E-04
  0.7500004      5.0128758E-02  7.0475689E-05  3.2028824E-04
  0.7500004      5.0131429E-02  6.8684392E-05  3.2205772E-04
  0.7500004      5.0134152E-02  6.6944216E-05  3.2376466E-04
  0.7500004      5.0136931E-02  6.5253676E-05  3.2541057E-04
  0.7500004      5.0139762E-02  6.3611325E-05  3.2699693E-04
  0.7500004      5.0142653E-02  6.2015752E-05  3.2852523E-04
  0.7500004      5.0145604E-02  6.0465587E-05  3.2999684E-04
  0.7500004      5.0148610E-02  5.8959493E-05  3.3141320E-04
  0.7500004      5.0151680E-02  5.7496167E-05  3.3277570E-04
  0.7500004      5.0154809E-02  5.6074325E-05  3.3408563E-04
  0.7500004      5.0158001E-02  5.4692719E-05  3.3534435E-04
  0.7500004      5.0161261E-02  5.3350104E-05  3.3655306E-04
  0.7500004      5.0164584E-02  5.2045270E-05  3.3771302E-04
  0.7500004      5.0167974E-02  5.0776998E-05  3.3882537E-04
  0.7500004      5.0171431E-02  4.9544076E-05  3.3989115E-04
  0.7500004      5.0174959E-02  4.8345366E-05  3.4091133E-04
  0.7500004      5.0178558E-02  4.7179736E-05  3.4188680E-04
  0.7500004      5.0182227E-02  4.6046072E-05  3.4281847E-04
  0.7500004      5.0185975E-02  4.4943357E-05  3.4370710E-04
  0.7500004      5.0189797E-02  4.3870630E-05  3.4455344E-04
  0.7500004      5.0193693E-02  4.2826952E-05  3.4535816E-04
  0.7500004      5.0197672E-02  4.1811403E-05  3.4612184E-04
  0.7500004      5.0201729E-02  4.0823121E-05  3.4684513E-04
  0.7500004      5.0205871E-02  3.9861272E-05  3.4752846E-04
  0.7500004      5.0210092E-02  3.8925056E-05  3.4817235E-04
  0.7500004      5.0214402E-02  3.8013703E-05  3.4877731E-04
  0.7500004      5.0218798E-02  3.7126461E-05  3.4934375E-04
  0.7500004      5.0223283E-02  3.6262609E-05  3.4987216E-04
  0.7500004      5.0227862E-02  3.5421450E-05  3.5036294E-04
  0.7500004      5.0232530E-02  3.4602304E-05  3.5081647E-04
  0.7500004      5.0237291E-02  3.3804521E-05  3.5123318E-04
  0.7500004      5.0242152E-02  3.3027471E-05  3.5161339E-04
  0.7500004      5.0247110E-02  3.2270542E-05  3.5195745E-04
  0.7500004      5.0252169E-02  3.1533149E-05  3.5226569E-04
  0.7500004      5.0257333E-02  3.0814714E-05  3.5253848E-04
  0.7500004      5.0262596E-02  3.0114690E-05  3.5277603E-04
  0.7500004      5.0267972E-02  2.9432544E-05  3.5297868E-04
  0.7500004      5.0273452E-02  2.8767759E-05  3.5314666E-04
  0.7500004      5.0279047E-02  2.8119837E-05  3.5328025E-04
  0.7500004      5.0284751E-02  2.7488295E-05  3.5337967E-04
  0.7500004      5.0290573E-02  2.6872665E-05  3.5344515E-04
  0.7500004      5.0296515E-02  2.6272499E-05  3.5347691E-04
  0.7500004      5.0302576E-02  2.5687355E-05  3.5347513E-04
  0.7500004      5.0308760E-02  2.5116815E-05  3.5343997E-04
  0.7500004      5.0315071E-02  2.4560468E-05  3.5337167E-04
  0.7500004      5.0321508E-02  2.4017920E-05  3.5327036E-04
  0.7500004      5.0328080E-02  2.3488787E-05  3.5313622E-04
  0.7500004      5.0334781E-02  2.2972697E-05  3.5296933E-04
  0.7500004      5.0341621E-02  2.2469281E-05  3.5276989E-04
  0.7500004      5.0348599E-02  2.1978172E-05  3.5253793E-04
  0.7500004      5.0355718E-02  2.1499034E-05  3.5227349E-04
  0.7500004      5.0362982E-02  2.1031534E-05  3.5197666E-04
  0.7500004      5.0370391E-02  2.0575353E-05  3.5164738E-04
  0.7500004      5.0377954E-02  2.0130143E-05  3.5128565E-04
  0.7500004      5.0385673E-02  1.9695559E-05  3.5089141E-04
  0.7500004      5.0393544E-02  1.9271292E-05  3.5046466E-04
  0.7500004      5.0401576E-02  1.8857050E-05  3.5000531E-04
  0.7500004      5.0409775E-02  1.8452518E-05  3.4951323E-04
  0.7500004      5.0418139E-02  1.8057379E-05  3.4898825E-04
  0.7500004      5.0426669E-02  1.7671347E-05  3.4843010E-04
  0.7500004      5.0435375E-02  1.7294151E-05  3.4783853E-04
  0.7500004      5.0444260E-02  1.6925516E-05  3.4721321E-04
  0.7500004      5.0453328E-02  1.6565185E-05  3.4655383E-04
  0.7500004      5.0462574E-02  1.6212909E-05  3.4586003E-04
  0.7500004      5.0472014E-02  1.5868449E-05  3.4513144E-04
  0.7500004      5.0481640E-02  1.5531572E-05  3.4436770E-04
  0.7500004      5.0491467E-02  1.5202056E-05  3.4356842E-04
  0.7500004      5.0501492E-02  1.4879685E-05  3.4273317E-04
  0.7500004      5.0511722E-02  1.4564254E-05  3.4186157E-04
  0.7500004      5.0522156E-02  1.4255563E-05  3.4095324E-04
  0.7500004      5.0532807E-02  1.3953417E-05  3.4000777E-04
  0.7500004      5.0543673E-02  1.3657632E-05  3.3902476E-04
  0.7500004      5.0554760E-02  1.3368028E-05  3.3800385E-04
  0.7500004      5.0566074E-02  1.3084429E-05  3.3694465E-04
  0.7500004      5.0577618E-02  1.2806669E-05  3.3584677E-04
  0.7500004      5.0589394E-02  1.2534586E-05  3.3470985E-04
  0.7500004      5.0601415E-02  1.2268020E-05  3.3353356E-04
  0.7500004      5.0613675E-02  1.2006820E-05  3.3231758E-04
  0.7500004      5.0626189E-02  1.1750838E-05  3.3106151E-04
  0.7500004      5.0638955E-02  1.1499930E-05  3.2976508E-04
  0.7500004      5.0651982E-02  1.1253957E-05  3.2842797E-04
  0.7500004      5.0665274E-02  1.1012787E-05  3.2704990E-04
  0.7500004      5.0678838E-02  1.0776286E-05  3.2563056E-04
  0.7500004      5.0692677E-02  1.0544330E-05  3.2416970E-04
  0.7500004      5.0706796E-02  1.0316796E-05  3.2266707E-04
  0.7500004      5.0721206E-02  1.0093565E-05  3.2112247E-04
  0.7500004      5.0735906E-02  9.8745231E-06  3.1953564E-04
  0.7500004      5.0750908E-02  9.6595595E-06  3.1790644E-04
  0.7500004      5.0766215E-02  9.4485667E-06  3.1623465E-04
  0.7500004      5.0781831E-02  9.2414402E-06  3.1452018E-04
  0.7500004      5.0797768E-02  9.0380809E-06  3.1276289E-04
  0.7500004      5.0814029E-02  8.8383922E-06  3.1096267E-04
  0.7500004      5.0830621E-02  8.6422806E-06  3.0911950E-04
  0.7500004      5.0847549E-02  8.4496578E-06  3.0723333E-04
  0.7500004      5.0864823E-02  8.2604365E-06  3.0530422E-04
  0.7500004      5.0882451E-02  8.0745358E-06  3.0333217E-04
  0.7500004      5.0900437E-02  7.8918756E-06  3.0131731E-04
  0.7500004      5.0918788E-02  7.7123814E-06  2.9925982E-04
  0.7500004      5.0937511E-02  7.5359803E-06  2.9715980E-04
  0.7500004      5.0956618E-02  7.3626047E-06  2.9501758E-04
  0.7500004      5.0976112E-02  7.1921895E-06  2.9283343E-04
  0.7500004      5.0996006E-02  7.0246729E-06  2.9060771E-04
  0.7500004      5.1016305E-02  6.8599975E-06  2.8834085E-04
  0.7500004      5.1037017E-02  6.6981079E-06  2.8603332E-04
  0.7500004      5.1058147E-02  6.5389531E-06  2.8368572E-04
  0.7500004      5.1079713E-02  6.3824864E-06  2.8129865E-04
  0.7500004      5.1101714E-02  6.2286636E-06  2.7887285E-04
  0.7500004      5.1124167E-02  6.0774432E-06  2.7640906E-04
  0.7500004      5.1147074E-02  5.9287891E-06  2.7390823E-04
  0.7500004      5.1170450E-02  5.7826674E-06  2.7137125E-04
  0.7500004      5.1194299E-02  5.6390477E-06  2.6879922E-04
  0.7500004      5.1218636E-02  5.4979027E-06  2.6619327E-04
  0.7500004      5.1243469E-02  5.3592103E-06  2.6355460E-04
  0.7500004      5.1268805E-02  5.2229484E-06  2.6088461E-04
  0.7500004      5.1294658E-02  5.0891017E-06  2.5818468E-04
  0.7500004      5.1321041E-02  4.9576547E-06  2.5545637E-04
  0.7500004      5.1347960E-02  4.8285970E-06  2.5270128E-04
  0.7500004      5.1375426E-02  4.7019198E-06  2.4992117E-04
  0.7500004      5.1403452E-02  4.5776178E-06  2.4711783E-04
  0.7500004      5.1432047E-02  4.4556878E-06  2.4429319E-04
  0.7500004      5.1461227E-02  4.3361279E-06  2.4144923E-04
  0.7500004      5.1491000E-02  4.2189390E-06  2.3858805E-04
  0.7500004      5.1521380E-02  4.1041235E-06  2.3571181E-04
  0.7500004      5.1552381E-02  3.9916849E-06  2.3282271E-04
  0.7500004      5.1584009E-02  3.8816279E-06  2.2992307E-04
  0.7500004      5.1616285E-02  3.7739574E-06  2.2701520E-04
  0.7500004      5.1649217E-02  3.6686786E-06  2.2410150E-04
  0.7500004      5.1682822E-02  3.5657970E-06  2.2118435E-04
  0.7500004      5.1717110E-02  3.4653169E-06  2.1826616E-04
  0.7500004      5.1752094E-02  3.3672425E-06  2.1534934E-04
  0.7500004      5.1787794E-02  3.2715761E-06  2.1243629E-04
  0.7500004      5.1824220E-02  3.1783186E-06  2.0952936E-04
  0.7500004      5.1861387E-02  3.0874692E-06  2.0663085E-04
  0.7500004      5.1899314E-02  2.9990240E-06  2.0374299E-04
  0.7500004      5.1938012E-02  2.9129778E-06  2.0086799E-04
  0.7500004      5.1977497E-02  2.8293218E-06  1.9800787E-04
  0.7500004      5.2017789E-02  2.7480446E-06  1.9516460E-04
  0.7500004      5.2058902E-02  2.6691321E-06  1.9234003E-04
  0.7500004      5.2100848E-02  2.5925665E-06  1.8953586E-04
  0.7500004      5.2143652E-02  2.5183272E-06  1.8675366E-04
  0.7500004      5.2187327E-02  2.4463907E-06  1.8399482E-04
  0.7500004      5.2231893E-02  2.3767304E-06  1.8126064E-04
  0.7500004      5.2277368E-02  2.3093166E-06  1.7855216E-04
  0.7500004      5.2323766E-02  2.2441170E-06  1.7587036E-04
  0.7500004      5.2371111E-02  2.1810970E-06  1.7321596E-04
  0.7500004      5.2419420E-02  2.1202191E-06  1.7058958E-04
  0.7500004      5.2468713E-02  2.0614441E-06  1.6799165E-04
  0.7500004      5.2519009E-02  2.0047310E-06  1.6542240E-04
  0.7500004      5.2570332E-02  1.9500369E-06  1.6288197E-04
  0.7500004      5.2622698E-02  1.8973176E-06  1.6037030E-04
  0.7500004      5.2676134E-02  1.8465280E-06  1.5788717E-04
  0.7500004      5.2730657E-02  1.7976218E-06  1.5543224E-04
  0.7500004      5.2786291E-02  1.7505524E-06  1.5300501E-04
  0.7500004      5.2843060E-02  1.7052727E-06  1.5060486E-04
  0.7500004      5.2900981E-02  1.6617352E-06  1.4823100E-04
  0.7500004      5.2960087E-02  1.6198925E-06  1.4588257E-04
  0.7500004      5.3020395E-02  1.5796974E-06  1.4355857E-04
  0.7500004      5.3081930E-02  1.5411027E-06  1.4125787E-04
  0.7500004      5.3144719E-02  1.5040620E-06  1.3897923E-04
  0.7500004      5.3208791E-02  1.4685290E-06  1.3672131E-04
  0.7500004      5.3274166E-02  1.4344582E-06  1.3448266E-04
  0.7500004      5.3340871E-02  1.4018046E-06  1.3226173E-04
  0.7500004      5.3408936E-02  1.3705238E-06  1.3005685E-04
  0.7500004      5.3478390E-02  1.3405721E-06  1.2786627E-04
  0.7500004      5.3549256E-02  1.3119063E-06  1.2568811E-04
  0.7500004      5.3621568E-02  1.2844843E-06  1.2352037E-04
  0.7500004      5.3695351E-02  1.2582639E-06  1.2136098E-04
  0.7500004      5.3770635E-02  1.2332038E-06  1.1920771E-04
  0.7500004      5.3847458E-02  1.2092629E-06  1.1705823E-04
  0.7500004      5.3925842E-02  1.1864007E-06  1.1491004E-04
  0.7500004      5.4005828E-02  1.1645766E-06  1.1276055E-04
  0.7500004      5.4087438E-02  1.1437500E-06  1.1060695E-04
  0.7500004      5.4170713E-02  1.1238801E-06  1.0844631E-04
  0.7500004      5.4255683E-02  1.1049259E-06  1.0627549E-04
  0.7500004      5.4342385E-02  1.0868457E-06  1.0409114E-04
  0.7500004      5.4430857E-02  1.0695967E-06  1.0188969E-04
  0.7500004      5.4521125E-02  1.0531351E-06  9.9667341E-05
  0.7500004      5.4613236E-02  1.0374154E-06  9.7419994E-05
  0.7500004      5.4707222E-02  1.0223899E-06  9.5143274E-05
  0.7500004      5.4803126E-02  1.0080091E-06  9.2832488E-05
  0.7500004      5.4900981E-02  9.9422016E-07  9.0482594E-05
  0.7500004      5.5000830E-02  9.8096677E-07  8.8088178E-05
  0.7500004      5.5102713E-02  9.6818894E-07  8.5643478E-05
  0.7500004      5.5206671E-02  9.5582243E-07  8.3142331E-05
  0.7500004      5.5312749E-02  9.4379806E-07  8.0578277E-05
  0.7500004      5.5420984E-02  9.3204170E-07  7.7944555E-05
  0.7500004      5.5531427E-02  9.2047424E-07  7.5234275E-05
  0.7500004      5.5644121E-02  9.0901159E-07  7.2440584E-05
  0.7500004      5.5759110E-02  8.9756537E-07  6.9556998E-05
  0.7500004      5.5876441E-02  8.8604372E-07  6.6577792E-05
  0.7500004      5.5996161E-02  8.7435291E-07  6.3498686E-05
  0.7500004      5.6118324E-02  8.6240544E-07  6.0318445E-05
  0.7500004      5.6242973E-02  8.5033588E-07  5.7060035E-05
  0.7500004      5.6370161E-02  8.3829474E-07  5.3757401E-05
  0.7500004      5.6499943E-02  8.2625763E-07  5.0429921E-05
  0.7500004      5.6632366E-02  8.1416840E-07  4.7094374E-05
  0.7500004      5.6767486E-02  8.0195764E-07  4.3766242E-05
  0.7500004      5.6905363E-02  7.8956367E-07  4.0460745E-05
  0.7500004      5.7046045E-02  7.7694909E-07  3.7189719E-05
  0.7500004      5.7189595E-02  7.6398015E-07  3.3936532E-05
  0.7500004      5.7336070E-02  7.5031130E-07  3.0659263E-05
  0.7500004      5.7485528E-02  7.3550160E-07  2.7338607E-05
  0.7500004      5.7638030E-02  7.1907635E-07  2.3983619E-05
  0.7500004      5.7793643E-02  7.0043865E-07  2.0612631E-05
  0.7500004      5.7952423E-02  6.7878068E-07  1.7254970E-05
  0.7500004      5.8114439E-02  6.5292681E-07  1.3953492E-05
  0.7500004      5.8279753E-02  6.2106739E-07  1.0769147E-05
  0.7500004      5.8448438E-02  5.8029167E-07  7.7878449E-06
  0.7500004      5.8620557E-02  5.2581242E-07  5.1284774E-06
  0.7500004      5.8796186E-02  4.5022173E-07  2.9444006E-06
  0.7500004      5.8975391E-02  3.4625495E-07  1.3901112E-06
  0.7500004      5.9158247E-02  2.2191087E-07  5.1126801E-07
  0.7500004      5.9344828E-02  1.1167245E-07  1.4449054E-07
  0.7500004      5.9535213E-02  4.4419224E-08  3.2390638E-08
  0.7500004      5.9729472E-02  1.6203090E-08  5.9956973E-09
  0.7500004      5.9927691E-02  8.3411749E-09  9.6635699E-10
  0.7500004      6.0129948E-02  6.8886465E-09  1.6742478E-10
  0.7500004      6.0336325E-02  6.6797812E-09  5.6606893E-11
  0.7500004      6.0546909E-02  6.6532895E-09  4.2490882E-11
  0.7500004      6.0761783E-02  6.6500272E-09  4.0800720E-11
  0.7500004      6.0981032E-02  6.6495303E-09  4.0609141E-11
  0.7500004      6.1204750E-02  6.6493229E-09  4.0588352E-11
  0.7500004      6.1433025E-02  6.6491168E-09  4.0585979E-11
  0.7500004      6.1665948E-02  6.6488752E-09  4.0585493E-11
  0.7500004      6.1903618E-02  6.6485883E-09  4.0585195E-11
  0.7500004      6.2146131E-02  6.6482500E-09  4.0584917E-11
  0.7500004      6.2393587E-02  6.6478547E-09  4.0584647E-11
  0.7500004      6.2646084E-02  6.6473986E-09  4.0584383E-11
  0.7500004      6.2903717E-02  6.6468795E-09  4.0584126E-11
  0.7500004      6.3166603E-02  6.6462960E-09  4.0583873E-11
  0.7500004      6.3434854E-02  6.6456494E-09  4.0583627E-11
  0.7500004      6.3708559E-02  6.6449442E-09  4.0583387E-11
  0.7500004      6.3987844E-02  6.6441852E-09  4.0583151E-11
  0.7500004      6.4272821E-02  6.6433805E-09  4.0582919E-11
  0.7500004      6.4563595E-02  6.6425390E-09  4.0582690E-11
  0.7500004      6.4860299E-02  6.6416717E-09  4.0582461E-11
  0.7500004      6.5163054E-02  6.6407888E-09  4.0582232E-11
  0.7500004      6.5471970E-02  6.6399006E-09  4.0582000E-11
  0.7500004      6.5787181E-02  6.6390169E-09  4.0581767E-11
  0.7500004      6.6108808E-02  6.6381456E-09  4.0581528E-11
  0.7500004      6.6436999E-02  6.6372934E-09  4.0581281E-11
  0.7500004      6.6771865E-02  6.6364647E-09  4.0581028E-11
  0.7500004      6.7113563E-02  6.6356640E-09  4.0580768E-11
  0.7500004      6.7462213E-02  6.6348962E-09  4.0580497E-11
  0.7500004      6.7817971E-02  6.6341657E-09  4.0580216E-11
  0.7500004      6.8180978E-02  6.6334773E-09  4.0579928E-11
  0.7500004      6.8551376E-02  6.6328361E-09  4.0579630E-11
  0.7500004      6.8929330E-02  6.6322445E-09  4.0579325E-11
  0.7500004      6.9314972E-02  6.6317054E-09  4.0579009E-11
  0.7500004      6.9708474E-02  6.6312182E-09  4.0578683E-11
  0.7500004      7.0110001E-02  6.6307813E-09  4.0578350E-11
  0.7500004      7.0519701E-02  6.6303913E-09  4.0578013E-11
  0.7500004      7.0937745E-02  6.6300445E-09  4.0577666E-11
  0.7500004      7.1364313E-02  6.6297363E-09  4.0577312E-11
  0.7500004      7.1799569E-02  6.6294628E-09  4.0576952E-11
  0.7500004      7.2243690E-02  6.6292194E-09  4.0576587E-11
  0.7500004      7.2696857E-02  6.6290022E-09  4.0576216E-11
  0.7500004      7.3159263E-02  6.6288077E-09  4.0575841E-11
  0.7500004      7.3631085E-02  6.6286328E-09  4.0575460E-11
  0.7500004      7.4112520E-02  6.6284738E-09  4.0575075E-11
  0.7500004      7.4603766E-02  6.6283294E-09  4.0574686E-11
  0.7500004      7.5105019E-02  6.6281967E-09  4.0574290E-11
  0.7500004      7.5616479E-02  6.6280741E-09  4.0573895E-11
  0.7500004      7.6138370E-02  6.6279604E-09  4.0573489E-11
  0.7500004      7.6670885E-02  6.6278538E-09  4.0573083E-11
  0.7500004      7.7214248E-02  6.6277530E-09  4.0572674E-11
  0.7500004      7.7768683E-02  6.6276575E-09  4.0572257E-11
  0.7500004      7.8334413E-02  6.6275665E-09  4.0571838E-11
  0.7500004      7.8911670E-02  6.6274786E-09  4.0571414E-11
  0.7500004      7.9500690E-02  6.6273937E-09  4.0570988E-11
  0.7500004      8.0101706E-02  6.6273111E-09  4.0570557E-11
  0.7500004      8.0714971E-02  6.6272308E-09  4.0570120E-11
  0.7500004      8.1340723E-02  6.6271517E-09  4.0569680E-11
  0.7500004      8.1979230E-02  6.6270740E-09  4.0569235E-11
  0.7500004      8.2630739E-02  6.6269972E-09  4.0568788E-11
  0.7500004      8.3295524E-02  6.6269208E-09  4.0568337E-11
  0.7500004      8.3973855E-02  6.6268449E-09  4.0567879E-11
  0.7500004      8.4666006E-02  6.6267698E-09  4.0567417E-11
  0.7500004      8.5372254E-02  6.6266943E-09  4.0566953E-11
  0.7500004      8.6092889E-02  6.6266193E-09  4.0566481E-11
  0.7500004      8.6828209E-02  6.6265438E-09  4.0566009E-11
  0.7500004      8.7578513E-02  6.6264683E-09  4.0565527E-11
  0.7500004      8.8344097E-02  6.6263928E-09  4.0565044E-11
  0.7500004      8.9125283E-02  6.6263164E-09  4.0564555E-11
  0.7500004      8.9922383E-02  6.6262400E-09  4.0564063E-11
  0.7500004      9.0735719E-02  6.6261632E-09  4.0563563E-11
  0.7500004      9.1565624E-02  6.6260855E-09  4.0563060E-11
  0.7500004      9.2412442E-02  6.6260073E-09  4.0562553E-11
  0.7500004      9.3276508E-02  6.6259287E-09  4.0562040E-11
  0.7500004      9.4158180E-02  6.6258492E-09  4.0561519E-11
  0.7500004      9.5057815E-02  6.6257693E-09  4.0560996E-11
  0.7500004      9.5975779E-02  6.6256884E-09  4.0560465E-11
  0.7500004      9.6912444E-02  6.6256067E-09  4.0559930E-11
  0.7500004      9.7868189E-02  6.6255246E-09  4.0559393E-11
  0.7500004      9.8843403E-02  6.6254415E-09  4.0558844E-11
  0.7500004      9.9838488E-02  6.6253576E-09  4.0558293E-11
  0.7500004      0.1008538      6.6252728E-09  4.0557734E-11
  0.7500004      0.1018899      6.6251871E-09  4.0557172E-11
  0.7500004      0.1029470      6.6251009E-09  4.0556603E-11
  0.7500004      0.1040257      6.6250134E-09  4.0556027E-11
  0.7500004      0.1051264      6.6249251E-09  4.0555444E-11
  0.7500004      0.1062495      6.6248358E-09  4.0554858E-11
  0.7500004      0.1073955      6.6247456E-09  4.0554261E-11
  0.7500004      0.1085648      6.6246546E-09  4.0553661E-11
  0.7500004      0.1097579      6.6245622E-09  4.0553054E-11
  0.7500004      0.1109754      6.6244690E-09  4.0552440E-11
  0.7500004      0.1122176      6.6243748E-09  4.0551819E-11
  0.7500004      0.1134852      6.6242798E-09  4.0551191E-11
  0.7500004      0.1147785      6.6241834E-09  4.0550556E-11
  0.7500004      0.1160983      6.6240862E-09  4.0549914E-11
  0.7500004      0.1174449      6.6239876E-09  4.0549265E-11
  0.7500004      0.1188190      6.6238881E-09  4.0548610E-11
  0.7500004      0.1202210      6.6237873E-09  4.0547947E-11
  0.7500004      0.1216516      6.6236856E-09  4.0547274E-11
  0.7500004      0.1231114      6.6235826E-09  4.0546597E-11
  0.7500004      0.1246009      6.6234782E-09  4.0545910E-11
  0.7500004      0.1261207      6.6233730E-09  4.0545216E-11
  0.7500004      0.1276715      6.6232664E-09  4.0544516E-11
  0.7500004      0.1292539      6.6231585E-09  4.0543804E-11
  0.7500004      0.1308686      6.6230497E-09  4.0543086E-11
  0.7500004      0.1325161      6.6229395E-09  4.0542361E-11
  0.7500004      0.1341972      6.6228276E-09  4.0541626E-11
  0.7500004      0.1359125      6.6227148E-09  4.0540883E-11
  0.7500004      0.1376628      6.6226007E-09  4.0540130E-11
  0.7500004      0.1394488      6.6224852E-09  4.0539370E-11
  0.7500004      0.1412711      6.6223684E-09  4.0538600E-11
  0.7500004      0.1431306      6.6222507E-09  4.0537823E-11
  0.7500004      0.1450279      6.6221308E-09  4.0537039E-11
  0.7500004      0.1469639      6.6220101E-09  4.0536241E-11
  0.7500004      0.1489394      6.6218879E-09  4.0535436E-11
  0.7500004      0.1509551      6.6217645E-09  4.0534624E-11
  0.7500004      0.1530118      6.6216392E-09  4.0533802E-11
  0.7500004      0.1551105      6.6215127E-09  4.0532969E-11
  0.7500004      0.1572519      6.6213848E-09  4.0532126E-11
  0.7500004      0.1594369      6.6212551E-09  4.0531273E-11
  0.7500004      0.1616665      6.6211245E-09  4.0530412E-11
  0.7500004      0.1639415      6.6209922E-09  4.0529542E-11
  0.7500004      0.1662628      6.6208581E-09  4.0528660E-11
  0.7500004      0.1686314      6.6207226E-09  4.0527769E-11
  0.7500004      0.1710483      6.6205854E-09  4.0526870E-11
  0.7500004      0.1735144      6.6204473E-09  4.0525958E-11
  0.7500004      0.1760308      6.6203070E-09  4.0525038E-11
  0.7500004      0.1785984      6.6201653E-09  4.0524105E-11
  0.7500004      0.1812183      6.6200219E-09  4.0523165E-11
  0.7500004      0.1838916      6.6198771E-09  4.0522211E-11
  0.7500004      0.1866194      6.6197305E-09  4.0521250E-11
  0.7500004      0.1894027      6.6195827E-09  4.0520275E-11
  0.7500004      0.1922428      6.6194330E-09  4.0519293E-11
  0.7500004      0.1951407      6.6192816E-09  4.0518297E-11
  0.7500004      0.1980976      6.6191284E-09  4.0517291E-11
  0.7500004      0.2011148      6.6189738E-09  4.0516274E-11
  0.7500004      0.2041935      6.6188170E-09  4.0515247E-11
  0.7500004      0.2073349      6.6186590E-09  4.0514210E-11
  0.7500004      0.2105402      6.6184991E-09  4.0513159E-11
  0.7500004      0.2138109      6.6183374E-09  4.0512101E-11
  0.7500004      0.2171482      6.6181745E-09  4.0511029E-11
  0.7500004      0.2205536      6.6180093E-09  4.0509946E-11
  0.7500004      0.2240282      6.6178427E-09  4.0508850E-11
  0.7500004      0.2275737      6.6176740E-09  4.0507743E-11
  0.7500004      0.2311914      6.6175039E-09  4.0506626E-11
  0.7500004      0.2348828      6.6173316E-09  4.0505498E-11
  0.7500004      0.2386494      6.6171575E-09  4.0504357E-11
  0.7500004      0.2424928      6.6169821E-09  4.0503205E-11
  0.7500004      0.2464144      6.6168044E-09  4.0502043E-11
  0.7500004      0.2504160      6.6166250E-09  4.0500867E-11
  0.7500004      0.2544990      6.6164443E-09  4.0499680E-11
  0.7500004      0.2586653      6.6162613E-09  4.0498480E-11
  0.7500004      0.2629164      6.6160761E-09  4.0497269E-11
  0.7500004      0.2672542      6.6158896E-09  4.0496044E-11
  0.7500004      0.2716803      6.6157009E-09  4.0494809E-11
  0.7500004      0.2761966      6.6155108E-09  4.0493563E-11
  0.7500004      0.2808049      6.6153185E-09  4.0492304E-11
  0.7500004      0.2855071      6.6151244E-09  4.0491031E-11
  0.7500004      0.2903050      6.6149282E-09  4.0489747E-11
  0.7500004      0.2952008      6.6147301E-09  4.0488453E-11
  0.7500004      0.3001963      6.6145303E-09  4.0487145E-11
  0.7500004      0.3052935      6.6143286E-09  4.0485823E-11
  0.7500004      0.3104946      6.6141248E-09  4.0484491E-11
  0.7500004      0.3158016      6.6139192E-09  4.0483145E-11
  0.7500004      0.3212168      6.6137118E-09  4.0481788E-11
  0.7500004      0.3267423      6.6135022E-09  4.0480418E-11
  0.7500004      0.3323804      6.6132908E-09  4.0479033E-11
  0.7500004      0.3381333      6.6130772E-09  4.0477639E-11
  0.7500004      0.3440034      6.6128618E-09  4.0476230E-11
  0.7500004      0.3499931      6.6126442E-09  4.0474811E-11
  0.7500004      0.3561049      6.6124248E-09  4.0473378E-11
  0.7500004      0.3623412      6.6122037E-09  4.0471931E-11
  0.7500004      0.3687045      6.6119803E-09  4.0470471E-11
  0.7500004      0.3751974      6.6117547E-09  4.0469000E-11
  0.7500004      0.3818227      6.6115273E-09  4.0467515E-11
  0.7500004      0.3885829      6.6112982E-09  4.0466019E-11
  0.7500004      0.3954808      6.6110664E-09  4.0464507E-11
  0.7500004      0.4025193      6.6108328E-09  4.0462984E-11
  0.7500004      0.4097012      6.6105974E-09  4.0461450E-11
  0.7500004      0.4170294      6.6103598E-09  4.0459899E-11
  0.7500004      0.4245069      6.6101200E-09  4.0458338E-11
  0.7500004      0.4321367      6.6098784E-09  4.0456759E-11
  0.7500004      0.4399219      6.6096346E-09  4.0455170E-11
  0.7500004      0.4478658      6.6093886E-09  4.0453571E-11
  0.7500004      0.4559715      6.6091408E-09  4.0451954E-11
  0.7500004      0.4642424      6.6088903E-09  4.0450327E-11
  0.7500004      0.4726817      6.6086381E-09  4.0448683E-11
  0.7500004      0.4812930      6.6083841E-09  4.0447028E-11
  0.7500004      0.4900797      6.6081274E-09  4.0445359E-11
  0.7500004      0.4990455      6.6078689E-09  4.0443676E-11
  0.7500004      0.5081939      6.6076082E-09  4.0441983E-11
  0.7500004      0.5175287      6.6073453E-09  4.0440273E-11
  0.7500004      0.5270536      6.6070802E-09  4.0438548E-11
  0.7500004      0.5367726      6.6068129E-09  4.0436814E-11
  0.7500004      0.5466896      6.6065433E-09  4.0435065E-11
  0.7500004      0.5568087      6.6062720E-09  4.0433299E-11
  0.7500004      0.5671338      6.6059980E-09  4.0431523E-11
  0.7500004      0.5776694      6.6057222E-09  4.0429732E-11
  0.7500004      0.5884196      6.6054437E-09  4.0427925E-11
  0.7500004      0.5993888      6.6051635E-09  4.0426107E-11
  0.7500004      0.6105815      6.6048806E-09  4.0424275E-11
  0.7500004      0.6220022      6.6045960E-09  4.0422429E-11
  0.7500004      0.6336556      6.6043087E-09  4.0420570E-11
  0.7500004      0.6455464      6.6040191E-09  4.0418693E-11
  0.7500004      0.6576794      6.6037278E-09  4.0416805E-11
  0.7500004      0.6700597      6.6034338E-09  4.0414904E-11
  0.7500004      0.6826922      6.6031376E-09  4.0412985E-11
  0.7500004      0.6955820      6.6028392E-09  4.0411056E-11
  0.7500004      0.7087344      6.6025385E-09  4.0409110E-11
  0.7500004      0.7221548      6.6022352E-09  4.0407153E-11
  0.7500004      0.7358485      6.6019301E-09  4.0405179E-11
  0.7500004      0.7498214      6.6016224E-09  4.0403191E-11
  0.7500004      0.7640788      6.6013124E-09  4.0401189E-11
  0.7500004      0.7786267      6.6010002E-09  4.0399174E-11
  0.7500004      0.7934710      6.6006853E-09  4.0397144E-11
  0.7500004      0.8086177      6.6003687E-09  4.0395100E-11
  0.7500004      0.8240730      6.6000490E-09  4.0393040E-11
  0.7500004      0.8398432      6.5997274E-09  4.0390968E-11
  0.7500004      0.8559346      6.5994032E-09  4.0388880E-11
  0.7500004      0.8723539      6.5990768E-09  4.0386781E-11
  0.7500004      0.8891077      6.5987482E-09  4.0384664E-11
  0.7500004      0.9062029      6.5984169E-09  4.0382531E-11
  0.7500004      0.9236463      6.5980834E-09  4.0380387E-11
  0.7500004      0.9414451      6.5977477E-09  4.0378229E-11
  0.7500004      0.9596064      6.5974093E-09  4.0376053E-11
  0.7500004      0.9781378      6.5970682E-09  4.0373864E-11
  0.7500004      0.9970468      6.5967254E-09  4.0371661E-11
  0.7500004       1.016341      6.5963794E-09  4.0369444E-11
  0.7500004       1.036028      6.5960317E-09  4.0367213E-11
  0.7500004       1.056116      6.5956813E-09  4.0364968E-11
  0.7500004       1.076614      6.5953283E-09  4.0362706E-11
  0.7500004       1.097529      6.5949730E-09  4.0360430E-11
  0.7500004       1.118870      6.5946151E-09  4.0358140E-11
  0.7500004       1.140647      6.5942549E-09  4.0355837E-11
  0.7500004       1.162866      6.5938921E-09  4.0353516E-11
  0.7500004       1.185539      6.5935271E-09  4.0351184E-11
  0.7500004       1.208673      6.5931594E-09  4.0348835E-11
  0.7500004       1.232279      6.5927894E-09  4.0346473E-11
  0.7500004       1.256365      6.5924168E-09  4.0344096E-11
  0.7500004       1.280942      6.5920420E-09  4.0341706E-11
  0.7500004       1.306020      6.5916645E-09  4.0339301E-11
  0.7500004       1.331609      6.5912844E-09  4.0336880E-11
  0.7500004       1.357719      6.5909020E-09  4.0334444E-11
  0.7500004       1.384362      6.5905170E-09  4.0331998E-11
  0.7500004       1.411547      6.5901298E-09  4.0329535E-11
  0.7500004       1.439285      6.5897399E-09  4.0327058E-11
  0.7500004       1.467589      6.5893477E-09  4.0324563E-11
  0.7500004       1.496470      6.5889525E-09  4.0322058E-11
  0.7500004       1.525939      6.5885555E-09  4.0319539E-11
  0.7500004       1.556008      6.5881554E-09  4.0317003E-11
  0.7500004       1.586690      6.5877530E-09  4.0314457E-11
  0.7500004       1.617997      6.5873484E-09  4.0311893E-11
  0.7500004       1.649941      6.5869408E-09  4.0309315E-11
  0.7500004       1.682537      6.5865313E-09  4.0306727E-11
  0.7500004       1.715797      6.5861188E-09  4.0304121E-11
  0.7500004       1.749734      6.5857040E-09  4.0301502E-11
  0.7500004       1.784362      6.5852865E-09  4.0298872E-11
  0.7500004       1.819697      6.5848669E-09  4.0296225E-11
  0.7500004       1.855751      6.5844445E-09  4.0293564E-11
  0.7500004       1.892539      6.5840196E-09  4.0290889E-11
  0.7500004       1.930077      6.5835923E-09  4.0288203E-11
  0.7500004       1.968380      6.5831625E-09  4.0285501E-11
  0.7500004       2.007463      6.5827304E-09  4.0282788E-11
  0.7500004       2.047342      6.5822956E-09  4.0280061E-11
  0.7500004       2.088034      6.5818582E-09  4.0277316E-11
  0.7500004       2.129555      6.5814185E-09  4.0274561E-11
  0.7500004       2.171922      6.5809762E-09  4.0271796E-11
  0.7500004       2.215152      6.5805317E-09  4.0269014E-11
  0.7500004       2.259262      6.5800845E-09  4.0266221E-11
  0.7500004       2.304271      6.5796346E-09  4.0263411E-11
  0.7500004       2.350198      6.5791825E-09  4.0260593E-11
  0.7500004       2.397059      6.5787282E-09  4.0257759E-11
  0.7500004       2.444876      6.5782713E-09  4.0254914E-11
  0.7500004       2.493667      6.5778116E-09  4.0252055E-11
  0.7500004       2.543452      6.5773498E-09  4.0249182E-11
  0.7500004       2.594251      6.5768853E-09  4.0246299E-11
  0.7500004       2.646085      6.5764185E-09  4.0243402E-11
  0.7500004       2.698975      6.5759491E-09  4.0240495E-11
  0.7500004       2.752942      6.5754775E-09  4.0237574E-11
  0.7500004       2.808009      6.5750032E-09  4.0234642E-11
  0.7500004       2.864198      6.5745267E-09  4.0231696E-11
  0.7500004       2.921531      6.5740480E-09  4.0228740E-11
  0.7500004       2.980033      6.5735666E-09  4.0225774E-11
  0.7500004       3.039727      6.5730825E-09  4.0222794E-11
  0.7500004       3.100636      6.5725962E-09  4.0219800E-11
  0.7500004       3.162787      6.5721077E-09  4.0216799E-11
  0.7500004       3.226204      6.5716170E-09  4.0213784E-11
  0.7500004       3.290912      6.5711236E-09  4.0210758E-11
  0.7500004       3.356939      6.5706276E-09  4.0207719E-11
  0.7500004       3.424312      6.5701298E-09  4.0204673E-11
  0.7500004       3.493056      6.5696293E-09  4.0201613E-11
  0.7500004       3.563202      6.5691261E-09  4.0198542E-11
  0.7500004       3.634776      6.5686212E-09  4.0195465E-11
  0.7500004       3.707808      6.5681136E-09  4.0192374E-11
  0.7500004       3.782329      6.5676038E-09  4.0189272E-11
  0.7500004       3.858368      6.5670913E-09  4.0186160E-11
  0.7500004       3.935956      6.5665771E-09  4.0183037E-11
  0.7500004       4.015124      6.5660601E-09  4.0179905E-11
  0.7500004       4.095905      6.5655406E-09  4.0176765E-11
  0.7500004       4.178332      6.5650192E-09  4.0173611E-11
  0.7500004       4.262439      6.5644956E-09  4.0170450E-11
  0.7500004       4.348259      6.5639694E-09  4.0167279E-11
  0.7500004       4.435827      6.5634409E-09  4.0164098E-11
  0.7500004       4.525179      6.5629102E-09  4.0160909E-11
  0.7500004       4.616352      6.5623773E-09  4.0157710E-11
  0.7500004       4.709383      6.5618417E-09  4.0154501E-11
  0.7500004       4.804308      6.5613111E-09  4.0151403E-11
  0.7500004       4.901167      6.5616064E-09  4.0162890E-11
  0.7500004       5.000000      6.7250028E-09  4.3011081E-11
