TITLE     = "u-velocity normalized by centerline u-velocity at x=40.0, vertical cut (y=0.5)"
VARIABLES = "2z/D","u/u_CL"
ZONE T="FUN3D, grid 1 vertical cut"
    0.850000015E-05    0.972178066E-03
    0.258523996E-04    0.295678387E-02
    0.439241994E-04    0.502361031E-02
    0.627453992E-04    0.717609841E-02
    0.823467999E-04    0.941777788E-02
    0.102760801E-03    0.117523819E-01
    0.124021200E-03    0.141837308E-01
    0.146163206E-03    0.167158805E-01
    0.169223000E-03    0.193529986E-01
    0.193239000E-03    0.220994037E-01
    0.218250003E-03    0.249597058E-01
    0.244299998E-03    0.279385969E-01
    0.271427998E-03    0.310410392E-01
    0.299681997E-03    0.342721045E-01
    0.329105998E-03    0.376370437E-01
    0.359750004E-03    0.411416925E-01
    0.391665992E-03    0.447915867E-01
    0.424903992E-03    0.485925674E-01
    0.459520001E-03    0.525513403E-01
    0.495571992E-03    0.566743165E-01
    0.533117971E-03    0.609679185E-01
    0.572221994E-03    0.654391423E-01
    0.612945994E-03    0.700955763E-01
    0.655358017E-03    0.749445111E-01
    0.699528027E-03    0.799935237E-01
    0.745530007E-03    0.852504894E-01
    0.793439976E-03    0.907235891E-01
    0.843335991E-03    0.964212641E-01
    0.895300007E-03    0.102351688E+00
    0.949419977E-03    0.108523041E+00
    0.100578205E-02    0.114944331E+00
    0.106448203E-02    0.121623173E+00
    0.112561404E-02    0.128568008E+00
    0.118928205E-02    0.135786429E+00
    0.125559000E-02    0.143285424E+00
    0.132464594E-02    0.151070848E+00
    0.139656605E-02    0.159147352E+00
    0.147146604E-02    0.167518705E+00
    0.154947396E-02    0.176185831E+00
    0.163071405E-02    0.185147539E+00
    0.171532400E-02    0.194398850E+00
    0.180344004E-02    0.203931645E+00
    0.189521001E-02    0.213732749E+00
    0.199078605E-02    0.223783523E+00
    0.209031999E-02    0.234059468E+00
    0.219397992E-02    0.244529679E+00
    0.230194000E-02    0.255155593E+00
    0.241437997E-02    0.265892386E+00
    0.253148004E-02    0.276688069E+00
    0.265343999E-02    0.287485242E+00
    0.278046005E-02    0.298221707E+00
    0.291271997E-02    0.308838308E+00
    0.305048004E-02    0.319265336E+00
    0.319396006E-02    0.329453200E+00
    0.334338006E-02    0.339340657E+00
    0.349900010E-02    0.348892689E+00
    0.366106001E-02    0.358068466E+00
    0.382985990E-02    0.366850495E+00
    0.400563981E-02    0.375224203E+00
    0.418872014E-02    0.383189559E+00
    0.437938003E-02    0.390755385E+00
    0.457793986E-02    0.397933245E+00
    0.478474004E-02    0.404743612E+00
    0.500012003E-02    0.411209852E+00
    0.522442022E-02    0.417358160E+00
    0.545802014E-02    0.423214793E+00
    0.570130022E-02    0.428803086E+00
    0.595468003E-02    0.434155136E+00
    0.621856004E-02    0.439288437E+00
    0.649337983E-02    0.444229245E+00
    0.677959994E-02    0.448997974E+00
    0.707767997E-02    0.453612119E+00
    0.738812005E-02    0.458094984E+00
    0.771141984E-02    0.462455392E+00
    0.804814044E-02    0.466713726E+00
    0.839881972E-02    0.470875770E+00
    0.876402017E-02    0.474959075E+00
    0.914437976E-02    0.478972375E+00
    0.954050012E-02    0.482921541E+00
    0.995303970E-02    0.486818194E+00
    0.103826998E-01    0.490665227E+00
    0.108301602E-01    0.494474411E+00
    0.112961801E-01    0.498245597E+00
    0.117815202E-01    0.501987696E+00
    0.122869797E-01    0.505700588E+00
    0.128133800E-01    0.509393036E+00
    0.133616198E-01    0.513065100E+00
    0.139325997E-01    0.516719699E+00
    0.145272398E-01    0.520359695E+00
    0.151465395E-01    0.523990929E+00
    0.157915000E-01    0.527610421E+00
    0.164632201E-01    0.531221271E+00
    0.171627794E-01    0.534826219E+00
    0.178913400E-01    0.538425386E+00
    0.186500996E-01    0.542021632E+00
    0.194403399E-01    0.545614958E+00
    0.202633999E-01    0.549208283E+00
    0.211203992E-01    0.552801549E+00
    0.220129993E-01    0.556394875E+00
    0.229428001E-01    0.559988201E+00
    0.239109993E-01    0.563584447E+00
    0.249192007E-01    0.567183614E+00
    0.259693991E-01    0.570788562E+00
    0.270632002E-01    0.574396431E+00
    0.282022003E-01    0.578010202E+00
    0.293883998E-01    0.581629753E+00
    0.306237992E-01    0.585258067E+00
    0.319104008E-01    0.588892162E+00
    0.332503989E-01    0.592532158E+00
    0.346460007E-01    0.596183836E+00
    0.360994004E-01    0.599844217E+00
    0.376131982E-01    0.603516340E+00
    0.391895995E-01    0.607197106E+00
    0.408313982E-01    0.610892534E+00
    0.425411984E-01    0.614599526E+00
    0.443219989E-01    0.618318319E+00
    0.461766012E-01    0.622051597E+00
    0.481080003E-01    0.625802457E+00
    0.501196012E-01    0.629567802E+00
    0.522143990E-01    0.633350730E+00
    0.543962009E-01    0.637154043E+00
    0.566685982E-01    0.640971899E+00
    0.590349995E-01    0.644813120E+00
    0.614995994E-01    0.648674786E+00
    0.640664026E-01    0.652559757E+00
    0.667394027E-01    0.656468093E+00
    0.695234016E-01    0.660399735E+00
    0.724230036E-01    0.664360583E+00
    0.754425973E-01    0.668347657E+00
    0.785873979E-01    0.672360897E+00
    0.818625987E-01    0.676406324E+00
    0.852736011E-01    0.680483818E+00
    0.888260007E-01    0.684593320E+00
    0.925258025E-01    0.688740790E+00
    0.963788033E-01    0.692920387E+00
    0.100391597E+00    0.697140753E+00
    0.104570799E+00    0.701399088E+00
    0.108923398E+00    0.705698252E+00
    0.113456197E+00    0.710038185E+00
    0.118177198E+00    0.714424849E+00
    0.123093598E+00    0.718858123E+00
    0.128214195E+00    0.723341107E+00
    0.133546799E+00    0.727873504E+00
    0.139100596E+00    0.732455611E+00
    0.144884795E+00    0.737093031E+00
    0.150908604E+00    0.741788864E+00
    0.157182202E+00    0.746540129E+00
    0.163716003E+00    0.751352608E+00
    0.170520604E+00    0.756226242E+00
    0.177607402E+00    0.761167109E+00
    0.184987798E+00    0.766172051E+00
    0.192674398E+00    0.771247029E+00
    0.200680003E+00    0.776392043E+00
    0.209015995E+00    0.781609952E+00
    0.217700005E+00    0.786900699E+00
    0.226741999E+00    0.792270303E+00
    0.236159995E+00    0.797721505E+00
    0.245967999E+00    0.803251445E+00
    0.256181985E+00    0.808863103E+00
    0.266822010E+00    0.814559281E+00
    0.277900010E+00    0.820343018E+00
    0.289440006E+00    0.826211333E+00
    0.301456004E+00    0.832167089E+00
    0.313971996E+00    0.838213324E+00
    0.327006012E+00    0.844344199E+00
    0.340579987E+00    0.850565374E+00
    0.354718000E+00    0.856871188E+00
    0.369441986E+00    0.863261521E+00
    0.384775996E+00    0.869730711E+00
    0.400743991E+00    0.876281500E+00
    0.417376012E+00    0.882899404E+00
    0.434697986E+00    0.889587223E+00
    0.452737987E+00    0.896327615E+00
    0.471524000E+00    0.903114676E+00
    0.491090000E+00    0.909936726E+00
    0.511467993E+00    0.916776240E+00
    0.532689989E+00    0.923612893E+00
    0.554791987E+00    0.930429041E+00
    0.577812016E+00    0.937195718E+00
    0.601783991E+00    0.943886578E+00
    0.626752019E+00    0.950460613E+00
    0.652754009E+00    0.956883133E+00
    0.679831982E+00    0.963101387E+00
    0.708036006E+00    0.969068885E+00
    0.737407982E+00    0.974724233E+00
    0.767997980E+00    0.979997575E+00
    0.799856007E+00    0.984818816E+00
    0.833033979E+00    0.989112079E+00
    0.867587984E+00    0.992790043E+00
    0.903576016E+00    0.995764971E+00
    0.941053987E+00    0.997937918E+00
    0.980087996E+00    0.999168754E+00
ZONE T="FUN3D, grid 2 vertical cut"
    0.173524004E-04    0.198664959E-02
    0.535260006E-04    0.612792559E-02
    0.927610017E-04    0.106195668E-01
    0.135316994E-03    0.154911811E-01
    0.181474796E-03    0.207749922E-01
    0.231540005E-03    0.265059564E-01
    0.285841990E-03    0.327218995E-01
    0.344739994E-03    0.394639708E-01
    0.408622000E-03    0.467768833E-01
    0.477911992E-03    0.547082014E-01
    0.553066027E-03    0.633104593E-01
    0.634582015E-03    0.726391003E-01
    0.722996017E-03    0.827539638E-01
    0.818894012E-03    0.937180668E-01
    0.922909996E-03    0.105597101E+00
    0.103572803E-02    0.118457876E+00
    0.115809601E-02    0.132366061E+00
    0.129081996E-02    0.147380322E+00
    0.143477600E-02    0.163547933E+00
    0.159091805E-02    0.180891648E+00
    0.176027603E-02    0.199396595E+00
    0.194396800E-02    0.218990982E+00
    0.214320002E-02    0.239523634E+00
    0.235929992E-02    0.260743558E+00
    0.259370008E-02    0.282292098E+00
    0.284793996E-02    0.303720087E+00
    0.312367990E-02    0.324534088E+00
    0.342277996E-02    0.344277024E+00
    0.374718010E-02    0.362613261E+00
    0.409903983E-02    0.379356116E+00
    0.448067999E-02    0.394493818E+00
    0.489461981E-02    0.408128560E+00
    0.534360018E-02    0.420441240E+00
    0.583055988E-02    0.431642056E+00
    0.635875994E-02    0.441929370E+00
    0.693166023E-02    0.451484173E+00
    0.755306007E-02    0.460458249E+00
    0.822704006E-02    0.468985796E+00
    0.895806029E-02    0.477160215E+00
    0.975096039E-02    0.485066146E+00
    0.106109800E-01    0.492770702E+00
    0.115437796E-01    0.500314772E+00
    0.125555200E-01    0.507744968E+00
    0.136529002E-01    0.515087664E+00
    0.148431798E-01    0.522366107E+00
    0.161341801E-01    0.529600799E+00
    0.175344609E-01    0.536806345E+00
    0.190532394E-01    0.543991387E+00
    0.207006000E-01    0.551167727E+00
    0.224874001E-01    0.558344066E+00
    0.244254004E-01    0.565529168E+00
    0.265273992E-01    0.572723031E+00
    0.288073998E-01    0.579937279E+00
    0.312802009E-01    0.587177813E+00
    0.339623988E-01    0.594444633E+00
    0.368716009E-01    0.601749301E+00
    0.400272012E-01    0.609094918E+00
    0.434495993E-01    0.616490185E+00
    0.471617989E-01    0.623937845E+00
    0.511882007E-01    0.631449878E+00
    0.555553995E-01    0.639031827E+00
    0.602924004E-01    0.646689653E+00
    0.654300004E-01    0.654438019E+00
    0.710026026E-01    0.662282646E+00
    0.770467967E-01    0.670232356E+00
    0.836028010E-01    0.678301692E+00
    0.907133967E-01    0.686502397E+00
    0.984259993E-01    0.694846094E+00
    0.106791198E+00    0.703344405E+00
    0.115864597E+00    0.712012052E+00
    0.125706002E+00    0.720866442E+00
    0.136380196E+00    0.729916453E+00
    0.147957802E+00    0.739182293E+00
    0.160515398E+00    0.748681724E+00
    0.174135998E+00    0.758426189E+00
    0.188909203E+00    0.768436313E+00
    0.204932004E+00    0.778729439E+00
    0.222312003E+00    0.789323211E+00
    0.241163999E+00    0.800229251E+00
    0.261610001E+00    0.811468005E+00
    0.283785999E+00    0.823048174E+00
    0.307839990E+00    0.834984422E+00
    0.333929986E+00    0.847273767E+00
    0.362228006E+00    0.859913349E+00
    0.392922014E+00    0.872885585E+00
    0.426212013E+00    0.886161327E+00
    0.462321997E+00    0.899682224E+00
    0.501486003E+00    0.913366616E+00
    0.543965995E+00    0.927083075E+00
    0.590041995E+00    0.940659463E+00
    0.640016019E+00    0.953844726E+00
    0.694220007E+00    0.966312110E+00
    0.753014028E+00    0.977632582E+00
    0.816781998E+00    0.987266183E+00
    0.885948002E+00    0.994573832E+00
    0.960968018E+00    0.998779237E+00
ZONE T="FUN3D, grid 3 vertical cut"
    0.361733983E-04    0.415668124E-02
    0.114902999E-03    0.132041750E-01
    0.207524005E-03    0.238475911E-01
    0.316485995E-03    0.363687351E-01
    0.444673991E-03    0.510991849E-01
    0.595480029E-03    0.684261993E-01
    0.772891974E-03    0.887969583E-01
    0.981610036E-03    0.112711705E+00
    0.122715195E-02    0.140687913E+00
    0.151601795E-02    0.173155531E+00
    0.185585197E-02    0.210207298E+00
    0.225563999E-02    0.251137435E+00
    0.272598001E-02    0.293886036E+00
    0.327929994E-02    0.335092247E+00
    0.393023994E-02    0.371488392E+00
    0.469603995E-02    0.401689768E+00
    0.559695996E-02    0.426363945E+00
    0.665683998E-02    0.447015137E+00
    0.790372025E-02    0.465042651E+00
    0.937059987E-02    0.481452256E+00
    0.110963201E-01    0.496891081E+00
    0.131265000E-01    0.511767328E+00
    0.155148804E-01    0.526328683E+00
    0.183246806E-01    0.540726781E+00
    0.216301996E-01    0.555054963E+00
    0.255190004E-01    0.569383144E+00
    0.300939996E-01    0.583757937E+00
    0.354762003E-01    0.598223031E+00
    0.418078005E-01    0.612831116E+00
    0.492568016E-01    0.627622783E+00
    0.580199994E-01    0.642665148E+00
    0.683294013E-01    0.658019423E+00
    0.804577991E-01    0.673773110E+00
    0.947261974E-01    0.690013647E+00
    0.111512199E+00    0.706848860E+00
    0.131259799E+00    0.724395394E+00
    0.154491603E+00    0.742784441E+00
    0.181822404E+00    0.762152910E+00
    0.213975996E+00    0.782643795E+00
    0.251801997E+00    0.804402769E+00
    0.296301991E+00    0.827552259E+00
    0.348654002E+00    0.852162302E+00
    0.410243988E+00    0.878180325E+00
    0.482699990E+00    0.905314922E+00
    0.567939997E+00    0.932831407E+00
    0.668218017E+00    0.959181845E+00
    0.786192000E+00    0.981567562E+00
    0.924979985E+00    0.995662510E+00
