TITLE     = "u-velocity normalized by centerline u-velocity at x=50.0, diagonal cut (y=z)"
VARIABLES = "2z/D","u/u_CL"
ZONE T="FUN3D, grid 1 diagonal cut"
    0.850000015E-05    0.125843101E-06
    0.170000003E-04    0.108877032E-05
    0.258523996E-04    0.242110082E-05
    0.347048008E-04    0.472052398E-05
    0.439241994E-04    0.748636694E-05
    0.531436017E-04    0.113313499E-04
    0.627453992E-04    0.157462600E-04
    0.723470002E-04    0.213537805E-04
    0.823467999E-04    0.276452574E-04
    0.923464031E-04    0.352487623E-04
    0.102760801E-03    0.436621376E-04
    0.113175200E-03    0.535149375E-04
    0.124021200E-03    0.643178937E-04
    0.134867398E-03    0.766966259E-04
    0.146163206E-03    0.901806779E-04
    0.157458999E-03    0.105388412E-03
    0.169223000E-03    0.121872465E-03
    0.180987205E-03    0.140240008E-03
    0.193239000E-03    0.160074036E-03
    0.205489996E-03    0.181964206E-03
    0.218250003E-03    0.205530494E-03
    0.231009995E-03    0.231340455E-03
    0.244299998E-03    0.259058666E-03
    0.257587992E-03    0.289223535E-03
    0.271427998E-03    0.321551837E-03
    0.285268005E-03    0.356548378E-03
    0.299681997E-03    0.393989962E-03
    0.314094010E-03    0.434336776E-03
    0.329105998E-03    0.477443624E-03
    0.344116008E-03    0.523716561E-03
    0.359750004E-03    0.573086203E-03
    0.375383999E-03    0.625905814E-03
    0.391665992E-03    0.682198675E-03
    0.407948013E-03    0.742248434E-03
    0.424903992E-03    0.806187279E-03
    0.441860000E-03    0.874213409E-03
    0.459520001E-03    0.946584099E-03
    0.477180001E-03    0.102340849E-02
    0.495571992E-03    0.110506953E-02
    0.513963983E-03    0.119158032E-02
    0.533117971E-03    0.128347252E-02
    0.552272017E-03    0.138064695E-02
    0.572221994E-03    0.148380350E-02
    0.592169992E-03    0.159270456E-02
    0.612945994E-03    0.170824828E-02
    0.633720017E-03    0.183003815E-02
    0.655358017E-03    0.195919373E-02
    0.676993979E-03    0.209514680E-02
    0.699528027E-03    0.223925104E-02
    0.722062017E-03    0.239075394E-02
    0.745530007E-03    0.255127624E-02
    0.768999977E-03    0.271984097E-02
    0.793439976E-03    0.289836922E-02
    0.817882013E-03    0.308565004E-02
    0.843335991E-03    0.328393071E-02
    0.868790026E-03    0.349172973E-02
    0.895300007E-03    0.371167134E-02
    0.921809988E-03    0.394194666E-02
    0.949419977E-03    0.418559229E-02
    0.977028045E-03    0.444049621E-02
    0.100578205E-02    0.471015740E-02
    0.103453605E-02    0.499203382E-02
    0.106448203E-02    0.529011991E-02
    0.109442801E-02    0.560151180E-02
    0.112561404E-02    0.593073107E-02
    0.115680206E-02    0.627444312E-02
    0.118928205E-02    0.663773343E-02
    0.122176204E-02    0.701673794E-02
    0.125559000E-02    0.741730072E-02
    0.128941599E-02    0.783496536E-02
    0.132464594E-02    0.827626884E-02
    0.135987601E-02    0.873615779E-02
    0.139656605E-02    0.922199711E-02
    0.143325597E-02    0.972804148E-02
    0.147146604E-02    0.102625433E-01
    0.150967797E-02    0.108190672E-01
    0.154947396E-02    0.114067225E-01
    0.158926798E-02    0.120183453E-01
    0.163071405E-02    0.126640731E-01
    0.167216000E-02    0.133358818E-01
    0.171532400E-02    0.140450643E-01
    0.175848603E-02    0.147825722E-01
    0.180344004E-02    0.155610489E-01
    0.184839405E-02    0.163702965E-01
    0.189521001E-02    0.172243789E-01
    0.194202794E-02    0.181119368E-01
    0.199078605E-02    0.190485530E-01
    0.203954009E-02    0.200215522E-01
    0.209031999E-02    0.210482311E-01
    0.214109989E-02    0.221144967E-01
    0.219397992E-02    0.232393946E-01
    0.224687997E-02    0.244073458E-01
    0.230194000E-02    0.256393719E-01
    0.235702004E-02    0.269182492E-01
    0.241437997E-02    0.282670837E-01
    0.247173989E-02    0.296668280E-01
    0.253148004E-02    0.311428979E-01
    0.259121996E-02    0.326743349E-01
    0.265343999E-02    0.342890322E-01
    0.271566003E-02    0.359638520E-01
    0.278046005E-02    0.377291292E-01
    0.284524006E-02    0.395597741E-01
    0.291271997E-02    0.414888039E-01
    0.298021990E-02    0.434884802E-01
    0.305048004E-02    0.455951281E-01
    0.312075997E-02    0.477783680E-01
    0.319396006E-02    0.500771552E-01
    0.326715992E-02    0.524584800E-01
    0.334338006E-02    0.549639389E-01
    0.341961999E-02    0.575588681E-01
    0.349900010E-02    0.602868423E-01
    0.357837998E-02    0.631098971E-01
    0.366106001E-02    0.660749227E-01
    0.374374003E-02    0.691416189E-01
    0.382985990E-02    0.723578781E-01
    0.391595997E-02    0.756811053E-01
    0.400563981E-02    0.791604891E-01
    0.409532012E-02    0.827517957E-01
    0.418872014E-02    0.865032151E-01
    0.428210013E-02    0.903705060E-01
    0.437938003E-02    0.943992510E-01
    0.447663991E-02    0.985448658E-01
    0.457793986E-02    0.102849603E+00
    0.467923982E-02    0.107270561E+00
    0.478474004E-02    0.111842714E+00
    0.489023980E-02    0.116527446E+00
    0.500012003E-02    0.121350847E+00
    0.510997977E-02    0.126279220E+00
    0.522442022E-02    0.131327793E+00
    0.533884019E-02    0.136470094E+00
    0.545802014E-02    0.141708806E+00
    0.557720009E-02    0.147027433E+00
    0.570130022E-02    0.152413726E+00
    0.582541991E-02    0.157863066E+00
    0.595468003E-02    0.163348719E+00
    0.608394016E-02    0.168878302E+00
    0.621856004E-02    0.174411833E+00
    0.635317992E-02    0.179970458E+00
    0.649337983E-02    0.185501024E+00
    0.663358020E-02    0.191037863E+00
    0.677959994E-02    0.196518257E+00
    0.692562014E-02    0.201987743E+00
    0.707767997E-02    0.207376018E+00
    0.722973980E-02    0.212739199E+00
    0.738812005E-02    0.218001664E+00
    0.754647981E-02    0.223227188E+00
    0.771141984E-02    0.228338137E+00
    0.787635986E-02    0.233403862E+00
    0.804814044E-02    0.238346115E+00
    0.821992010E-02    0.243237183E+00
    0.839881972E-02    0.248000830E+00
    0.857769977E-02    0.252710640E+00
    0.876402017E-02    0.257293045E+00
    0.895033963E-02    0.261820286E+00
    0.914437976E-02    0.266223759E+00
    0.933841988E-02    0.270572722E+00
    0.954050012E-02    0.274803191E+00
    0.974258035E-02    0.278981805E+00
    0.995303970E-02    0.283048868E+00
    0.101635205E-01    0.287067354E+00
    0.103826998E-01    0.290982872E+00
    0.106018800E-01    0.294853121E+00
    0.108301602E-01    0.298629314E+00
    0.110584404E-01    0.302364886E+00
    0.112961801E-01    0.306014955E+00
    0.115339197E-01    0.309628725E+00
    0.117815202E-01    0.313166201E+00
    0.120291198E-01    0.316671342E+00
    0.122869797E-01    0.320109099E+00
    0.125448396E-01    0.323519170E+00
    0.128133800E-01    0.326869458E+00
    0.130819399E-01    0.330196321E+00
    0.133616198E-01    0.333471328E+00
    0.136413202E-01    0.336726576E+00
    0.139325997E-01    0.339935541E+00
    0.142238801E-01    0.343131363E+00
    0.145272398E-01    0.346287519E+00
    0.148305995E-01    0.349430472E+00
    0.151465395E-01    0.352540433E+00
    0.154624600E-01    0.355643779E+00
    0.157915000E-01    0.358717412E+00
    0.161205400E-01    0.361784428E+00
    0.164632201E-01    0.364828378E+00
    0.168059003E-01    0.367868990E+00
    0.171627794E-01    0.370889813E+00
    0.175196603E-01    0.373910636E+00
    0.178913400E-01    0.376918227E+00
    0.182630196E-01    0.379922509E+00
    0.186500996E-01    0.382916927E+00
    0.190372001E-01    0.385911346E+00
    0.194403399E-01    0.388899147E+00
    0.198434796E-01    0.391890228E+00
    0.202633999E-01    0.394874722E+00
    0.206831992E-01    0.397865832E+00
    0.211203992E-01    0.400850326E+00
    0.215575993E-01    0.403841436E+00
    0.220129993E-01    0.406832546E+00
    0.224683993E-01    0.409830213E+00
    0.229428001E-01    0.412824631E+00
    0.234169997E-01    0.415828943E+00
    0.239109993E-01    0.418836564E+00
    0.244047996E-01    0.421850771E+00
    0.249192007E-01    0.424864978E+00
    0.254335999E-01    0.427892387E+00
    0.259693991E-01    0.430919826E+00
    0.265052002E-01    0.433960438E+00
    0.270632002E-01    0.437001050E+00
    0.276209991E-01    0.440054864E+00
    0.282022003E-01    0.443112016E+00
    0.287832003E-01    0.446182340E+00
    0.293883998E-01    0.449255973E+00
    0.299935993E-01    0.452339500E+00
    0.306237992E-01    0.455429673E+00
    0.312540010E-01    0.458533019E+00
    0.319104008E-01    0.461639672E+00
    0.325668007E-01    0.464759499E+00
    0.332503989E-01    0.467882663E+00
    0.339340009E-01    0.471022338E+00
    0.346460007E-01    0.474165291E+00
    0.353580005E-01    0.477321446E+00
    0.360994004E-01    0.480480939E+00
    0.368410014E-01    0.483656943E+00
    0.376131982E-01    0.486836195E+00
    0.383853987E-01    0.490028679E+00
    0.391895995E-01    0.493227810E+00
    0.399938002E-01    0.496440083E+00
    0.408313982E-01    0.499655694E+00
    0.416689999E-01    0.502887785E+00
    0.425411984E-01    0.506119907E+00
    0.434134007E-01    0.509371817E+00
    0.443219989E-01    0.512623727E+00
    0.452303998E-01    0.515892148E+00
    0.461766012E-01    0.519163847E+00
    0.471226014E-01    0.522448778E+00
    0.481080003E-01    0.525737047E+00
    0.490933992E-01    0.529041767E+00
    0.501196012E-01    0.532349825E+00
    0.511457995E-01    0.535671055E+00
    0.522143990E-01    0.538992286E+00
    0.532831997E-01    0.542333305E+00
    0.543962009E-01    0.545674384E+00
    0.555093996E-01    0.549031913E+00
    0.566685982E-01    0.552389502E+00
    0.578278005E-01    0.555760264E+00
    0.590349995E-01    0.559134305E+00
    0.602421984E-01    0.562524915E+00
    0.614995994E-01    0.565915465E+00
    0.627567992E-01    0.569322586E+00
    0.640664026E-01    0.572726309E+00
    0.653757974E-01    0.576146603E+00
    0.667394027E-01    0.579566896E+00
    0.681032017E-01    0.583003700E+00
    0.695234016E-01    0.586437166E+00
    0.709438026E-01    0.589890480E+00
    0.724230036E-01    0.593337178E+00
    0.739020035E-01    0.596803725E+00
    0.754425973E-01    0.600263596E+00
    0.769829974E-01    0.603743315E+00
    0.785873979E-01    0.607219696E+00
    0.801917985E-01    0.610712647E+00
    0.818625987E-01    0.614198923E+00
    0.835333988E-01    0.617705047E+00
    0.852736011E-01    0.621201336E+00
    0.870138034E-01    0.624720633E+00
    0.888260007E-01    0.628230035E+00
    0.906381980E-01    0.631755948E+00
    0.925258025E-01    0.635278642E+00
    0.944131985E-01    0.638817787E+00
    0.963788033E-01    0.642346978E+00
    0.983444005E-01    0.645896077E+00
    0.100391597E+00    0.649431884E+00
    0.102438800E+00    0.652990818E+00
    0.104570799E+00    0.656539857E+00
    0.106702797E+00    0.660105407E+00
    0.108923398E+00    0.663657785E+00
    0.111143798E+00    0.667233229E+00
    0.113456197E+00    0.670795500E+00
    0.115768798E+00    0.674377501E+00
    0.118177198E+00    0.677943051E+00
    0.120585397E+00    0.681528449E+00
    0.123093598E+00    0.685100615E+00
    0.125602007E+00    0.688692570E+00
    0.128214195E+00    0.692267954E+00
    0.130826399E+00    0.695863247E+00
    0.133546799E+00    0.699441969E+00
    0.136267394E+00    0.703040540E+00
    0.139100596E+00    0.706619382E+00
    0.141934007E+00    0.710221171E+00
    0.144884795E+00    0.713799954E+00
    0.147835597E+00    0.717401862E+00
    0.150908604E+00    0.720980585E+00
    0.153981805E+00    0.724582493E+00
    0.157182202E+00    0.728157878E+00
    0.160382807E+00    0.731759787E+00
    0.163716003E+00    0.735331893E+00
    0.167049199E+00    0.738930464E+00
    0.170520604E+00    0.742496073E+00
    0.173991993E+00    0.746091306E+00
    0.177607402E+00    0.749650240E+00
    0.181222603E+00    0.753238857E+00
    0.184987798E+00    0.756791234E+00
    0.188753203E+00    0.760369957E+00
    0.192674398E+00    0.763912439E+00
    0.196595803E+00    0.767484605E+00
    0.200680003E+00    0.771013856E+00
    0.204763994E+00    0.774576068E+00
    0.209015995E+00    0.778092086E+00
    0.213269994E+00    0.781641126E+00
    0.217700005E+00    0.785143971E+00
    0.222130001E+00    0.788676500E+00
    0.226741999E+00    0.792162836E+00
    0.231355995E+00    0.795678854E+00
    0.236159995E+00    0.799142003E+00
    0.240963996E+00    0.802641571E+00
    0.245967999E+00    0.806084991E+00
    0.250972003E+00    0.809561431E+00
    0.256181985E+00    0.812978387E+00
    0.261393994E+00    0.816434979E+00
    0.266822010E+00    0.819825530E+00
    0.272248000E+00    0.823252380E+00
    0.277900010E+00    0.826616585E+00
    0.283551991E+00    0.830017090E+00
    0.289440006E+00    0.833348215E+00
    0.295325995E+00    0.836718977E+00
    0.301456004E+00    0.840013802E+00
    0.307586014E+00    0.843354881E+00
    0.313971996E+00    0.846613347E+00
    0.320356011E+00    0.849918127E+00
    0.327006012E+00    0.853137016E+00
    0.333656013E+00    0.856405437E+00
    0.340579987E+00    0.859581471E+00
    0.347505987E+00    0.862810254E+00
    0.354718000E+00    0.865946591E+00
    0.361930013E+00    0.869132519E+00
    0.369441986E+00    0.872222602E+00
    0.376951992E+00    0.875368893E+00
    0.384775996E+00    0.878412843E+00
    0.392598003E+00    0.881519437E+00
    0.400743991E+00    0.884513855E+00
    0.408892006E+00    0.887577653E+00
    0.417376012E+00    0.890522480E+00
    0.425862014E+00    0.893546641E+00
    0.434697986E+00    0.896448493E+00
    0.443533987E+00    0.899433017E+00
    0.452737987E+00    0.902292132E+00
    0.461939991E+00    0.905240297E+00
    0.471524000E+00    0.908056378E+00
    0.481110007E+00    0.910978198E+00
    0.491090000E+00    0.913757980E+00
    0.501071989E+00    0.916656613E+00
    0.511467993E+00    0.919406712E+00
    0.521863997E+00    0.922288895E+00
    0.532689989E+00    0.925019205E+00
    0.543518007E+00    0.927894712E+00
    0.554791987E+00    0.930608511E+00
    0.566067994E+00    0.933487296E+00
    0.577812016E+00    0.936201155E+00
    0.589554012E+00    0.939089894E+00
    0.601783991E+00    0.941806972E+00
    0.614014029E+00    0.944712222E+00
    0.626752019E+00    0.947442532E+00
    0.639487982E+00    0.950370848E+00
    0.652754009E+00    0.953114390E+00
    0.666018009E+00    0.956065893E+00
    0.679831982E+00    0.958819210E+00
    0.693647981E+00    0.961783946E+00
    0.708036006E+00    0.964534044E+00
    0.722423971E+00    0.967498779E+00
    0.737407982E+00    0.970225751E+00
    0.752391994E+00    0.973160684E+00
    0.767997980E+00    0.975824952E+00
    0.783601999E+00    0.978684008E+00
    0.816107988E+00    0.983959734E+00
    0.833033979E+00    0.986330152E+00
    0.849960029E+00    0.988839149E+00
    0.885215998E+00    0.993131041E+00
    0.903576016E+00    0.994834602E+00
    0.921934009E+00    0.996604145E+00
    0.960174024E+00    0.998994410E+00
    0.980087996E+00    0.999476433E+00
ZONE T="FUN3D, grid 2 diagonal cut"
    0.173524004E-04    0.146505283E-05
    0.347048008E-04    0.476314699E-05
    0.535260006E-04    0.119816432E-04
    0.723470002E-04    0.214860520E-04
    0.927610017E-04    0.362502615E-04
    0.113175200E-03    0.537771048E-04
    0.135316994E-03    0.781401322E-04
    0.157458999E-03    0.105812986E-03
    0.181474796E-03    0.142220699E-03
    0.205489996E-03    0.182576623E-03
    0.231540005E-03    0.233959261E-03
    0.257587992E-03    0.290039752E-03
    0.285841990E-03    0.359911413E-03
    0.314094010E-03    0.435363647E-03
    0.344739994E-03    0.527931028E-03
    0.375383999E-03    0.627123401E-03
    0.408622000E-03    0.747434969E-03
    0.441860000E-03    0.875596074E-03
    0.477911992E-03    0.102967594E-02
    0.513963983E-03    0.119306112E-02
    0.553066027E-03    0.138811849E-02
    0.592169992E-03    0.159419107E-02
    0.634582015E-03    0.183882471E-02
    0.676993979E-03    0.209649373E-02
    0.722996017E-03    0.240095984E-02
    0.768999977E-03    0.272085098E-02
    0.818894012E-03    0.309736608E-02
    0.868790026E-03    0.349213183E-02
    0.922909996E-03    0.395524968E-02
    0.977028045E-03    0.443992205E-02
    0.103572803E-02    0.500695221E-02
    0.109442801E-02    0.559946569E-02
    0.115809601E-02    0.629094010E-02
    0.122176204E-02    0.701261824E-02
    0.129081996E-02    0.785303023E-02
    0.135987601E-02    0.872909185E-02
    0.143477600E-02    0.974748842E-02
    0.150967797E-02    0.108080376E-01
    0.159091805E-02    0.120388810E-01
    0.167216000E-02    0.133195687E-01
    0.176027603E-02    0.148038557E-01
    0.184839405E-02    0.163470302E-01
    0.194396800E-02    0.181332845E-01
    0.203954009E-02    0.199891888E-01
    0.214320002E-02    0.221350100E-01
    0.224687997E-02    0.243632235E-01
    0.235929992E-02    0.269367136E-01
    0.247173989E-02    0.296075791E-01
    0.259370008E-02    0.326888785E-01
    0.271566003E-02    0.358851850E-01
    0.284793996E-02    0.395676792E-01
    0.298021990E-02    0.433855131E-01
    0.312367990E-02    0.477757193E-01
    0.326715992E-02    0.523247086E-01
    0.342277996E-02    0.575394854E-01
    0.357837998E-02    0.629381239E-01
    0.374718010E-02    0.690966323E-01
    0.391595997E-02    0.754634291E-01
    0.409903983E-02    0.826676562E-01
    0.428210013E-02    0.900986716E-01
    0.448067999E-02    0.984024405E-01
    0.467923982E-02    0.106938921E+00
    0.489461981E-02    0.116303600E+00
    0.510997977E-02    0.125884816E+00
    0.534360018E-02    0.136141747E+00
    0.557720009E-02    0.146571964E+00
    0.583055988E-02    0.157416433E+00
    0.608394016E-02    0.168367207E+00
    0.635875994E-02    0.179407433E+00
    0.663358020E-02    0.190478682E+00
    0.693166023E-02    0.201326787E+00
    0.722973980E-02    0.212138936E+00
    0.755306007E-02    0.222494856E+00
    0.787635986E-02    0.232768953E+00
    0.822704006E-02    0.242460102E+00
    0.857769977E-02    0.252046287E+00
    0.895806029E-02    0.261019141E+00
    0.933841988E-02    0.269883394E+00
    0.975096039E-02    0.278170317E+00
    0.101635205E-01    0.286356926E+00
    0.106109800E-01    0.294039130E+00
    0.110584404E-01    0.301635832E+00
    0.115437796E-01    0.308815658E+00
    0.120291198E-01    0.315927118E+00
    0.125555200E-01    0.322708517E+00
    0.130819399E-01    0.329438418E+00
    0.136529002E-01    0.335917115E+00
    0.142238801E-01    0.342360496E+00
    0.148431798E-01    0.348622292E+00
    0.154624600E-01    0.354861021E+00
    0.161341801E-01    0.360974312E+00
    0.168059003E-01    0.367074400E+00
    0.175344609E-01    0.373095274E+00
    0.182630196E-01    0.379116118E+00
    0.190532394E-01    0.385090768E+00
    0.198434796E-01    0.391072005E+00
    0.207006000E-01    0.397036791E+00
    0.215575993E-01    0.403014690E+00
    0.224874001E-01    0.408992648E+00
    0.234169997E-01    0.414990425E+00
    0.244254004E-01    0.421004653E+00
    0.254335999E-01    0.427042037E+00
    0.265273992E-01    0.433105826E+00
    0.276209991E-01    0.439192682E+00
    0.288073998E-01    0.445319176E+00
    0.299935993E-01    0.451468766E+00
    0.312802009E-01    0.457657963E+00
    0.325668007E-01    0.463876903E+00
    0.339623988E-01    0.470138729E+00
    0.353580005E-01    0.476430267E+00
    0.368716009E-01    0.482764691E+00
    0.383853987E-01    0.489128828E+00
    0.400272012E-01    0.495539218E+00
    0.416689999E-01    0.501979291E+00
    0.434495993E-01    0.508465588E+00
    0.452303998E-01    0.514981568E+00
    0.471617989E-01    0.521537185E+00
    0.490933992E-01    0.528125763E+00
    0.511882007E-01    0.534754038E+00
    0.532831997E-01    0.541415274E+00
    0.555553995E-01    0.548112810E+00
    0.578278005E-01    0.554843366E+00
    0.602924004E-01    0.561606944E+00
    0.627567992E-01    0.568403482E+00
    0.654300004E-01    0.575226486E+00
    0.681032017E-01    0.582085788E+00
    0.710026026E-01    0.588971496E+00
    0.739020035E-01    0.595890164E+00
    0.770467967E-01    0.602828682E+00
    0.801917985E-01    0.609803557E+00
    0.836028010E-01    0.616791546E+00
    0.870138034E-01    0.623819172E+00
    0.907133967E-01    0.630853414E+00
    0.944131985E-01    0.637923956E+00
    0.984259993E-01    0.644997835E+00
    0.102438800E+00    0.652111292E+00
    0.106791198E+00    0.659214854E+00
    0.111143798E+00    0.666364610E+00
    0.115864597E+00    0.673497856E+00
    0.120585397E+00    0.680674017E+00
    0.125706002E+00    0.687823832E+00
    0.130826399E+00    0.695023119E+00
    0.136380196E+00    0.702186048E+00
    0.141934007E+00    0.709395289E+00
    0.147957802E+00    0.716561556E+00
    0.153981805E+00    0.723777354E+00
    0.160515398E+00    0.730933726E+00
    0.167049199E+00    0.738142908E+00
    0.174135998E+00    0.745282829E+00
    0.181222603E+00    0.752475441E+00
    0.188909203E+00    0.759582341E+00
    0.196595803E+00    0.766748607E+00
    0.204932004E+00    0.773809195E+00
    0.213269994E+00    0.780932546E+00
    0.222312003E+00    0.787933886E+00
    0.231355995E+00    0.794997811E+00
    0.241163999E+00    0.801919758E+00
    0.250972003E+00    0.808911145E+00
    0.261610001E+00    0.815737426E+00
    0.272248000E+00    0.822636306E+00
    0.283785999E+00    0.829347074E+00
    0.295325995E+00    0.836133718E+00
    0.307839990E+00    0.842709124E+00
    0.320356011E+00    0.849367022E+00
    0.333929986E+00    0.855784059E+00
    0.347505987E+00    0.862293422E+00
    0.362228006E+00    0.868535459E+00
    0.376951992E+00    0.874886393E+00
    0.392922014E+00    0.880940318E+00
    0.408892006E+00    0.887126207E+00
    0.426212013E+00    0.892991900E+00
    0.443533987E+00    0.899016082E+00
    0.462321997E+00    0.904706836E+00
    0.481110007E+00    0.910598934E+00
    0.501486003E+00    0.916151047E+00
    0.521863997E+00    0.921954095E+00
    0.543965995E+00    0.927423716E+00
    0.566067994E+00    0.933203578E+00
    0.590041995E+00    0.938663304E+00
    0.614014029E+00    0.944486082E+00
    0.640016019E+00    0.949985385E+00
    0.666018009E+00    0.955897331E+00
    0.694220007E+00    0.961423099E+00
    0.722423971E+00    0.967381179E+00
    0.753014028E+00    0.972794712E+00
    0.783601999E+00    0.978607595E+00
    0.849960029E+00    0.988797486E+00
    0.921934009E+00    0.996581018E+00
    0.100000000E+01    0.100000083E+01
ZONE T="FUN3D, grid 3 diagonal cut"
    0.361733983E-04    0.318889852E-05
    0.723470002E-04    0.206629229E-04
    0.114902999E-03    0.507554214E-04
    0.157458999E-03    0.101855388E-03
    0.207524005E-03    0.175674038E-03
    0.257587992E-03    0.279427710E-03
    0.316485995E-03    0.420857570E-03
    0.375383999E-03    0.604570785E-03
    0.444673991E-03    0.847934105E-03
    0.513963983E-03    0.115076627E-02
    0.595480029E-03    0.154520979E-02
    0.676993979E-03    0.202308875E-02
    0.772891974E-03    0.263870414E-02
    0.868790026E-03    0.337118888E-02
    0.981610036E-03    0.430755876E-02
    0.109442801E-02    0.540747307E-02
    0.122715195E-02    0.680568675E-02
    0.135987601E-02    0.843253359E-02
    0.151601795E-02    0.104919085E-01
    0.167216000E-02    0.128708296E-01
    0.185585197E-02    0.158724375E-01
    0.203954009E-02    0.193207692E-01
    0.225563999E-02    0.236600824E-01
    0.247173989E-02    0.286239274E-01
    0.272598001E-02    0.348532386E-01
    0.298021990E-02    0.419533365E-01
    0.327929994E-02    0.508219600E-01
    0.357837998E-02    0.608829893E-01
    0.393023994E-02    0.732965469E-01
    0.428210013E-02    0.872388333E-01
    0.469603995E-02    0.103889734E+00
    0.510997977E-02    0.122153014E+00
    0.559695996E-02    0.142534301E+00
    0.608394016E-02    0.163950548E+00
    0.665683998E-02    0.185666218E+00
    0.722973980E-02    0.207377583E+00
    0.790372025E-02    0.227627784E+00
    0.857769977E-02    0.247195139E+00
    0.937059987E-02    0.264750242E+00
    0.101635205E-01    0.281531900E+00
    0.110963201E-01    0.296635956E+00
    0.120291198E-01    0.311160922E+00
    0.131265000E-01    0.324572563E+00
    0.142238801E-01    0.337642610E+00
    0.155148804E-01    0.350083828E+00
    0.168059003E-01    0.362380147E+00
    0.183246806E-01    0.374379992E+00
    0.198434796E-01    0.386373222E+00
    0.216301996E-01    0.398274273E+00
    0.234169997E-01    0.410257637E+00
    0.255190004E-01    0.422270656E+00
    0.276209991E-01    0.434418738E+00
    0.300939996E-01    0.446652472E+00
    0.325668007E-01    0.459054172E+00
    0.354762003E-01    0.471567839E+00
    0.383853987E-01    0.484266013E+00
    0.418078005E-01    0.497076184E+00
    0.452303998E-01    0.510083973E+00
    0.492568016E-01    0.523187280E+00
    0.532831997E-01    0.536498070E+00
    0.580199994E-01    0.549881458E+00
    0.627567992E-01    0.563485384E+00
    0.683294013E-01    0.577122331E+00
    0.739020035E-01    0.590993166E+00
    0.804577991E-01    0.604854047E+00
    0.870138034E-01    0.618962050E+00
    0.947261974E-01    0.633010745E+00
    0.102438800E+00    0.647322953E+00
    0.111512199E+00    0.661506653E+00
    0.120585397E+00    0.675980270E+00
    0.131259799E+00    0.690249622E+00
    0.141934007E+00    0.704828620E+00
    0.154491603E+00    0.719114482E+00
    0.167049199E+00    0.733736277E+00
    0.181822404E+00    0.747949660E+00
    0.196595803E+00    0.762535274E+00
    0.213975996E+00    0.776564121E+00
    0.231355995E+00    0.791008174E+00
    0.251801997E+00    0.804717541E+00
    0.272248000E+00    0.818894625E+00
    0.296301991E+00    0.832116604E+00
    0.320356011E+00    0.845888555E+00
    0.348654002E+00    0.858438492E+00
    0.376951992E+00    0.871696591E+00
    0.410243988E+00    0.883436203E+00
    0.443533987E+00    0.896210134E+00
    0.482699990E+00    0.907162547E+00
    0.521863997E+00    0.919728935E+00
    0.567939997E+00    0.930193782E+00
    0.614014029E+00    0.943043530E+00
    0.668218017E+00    0.953409493E+00
    0.722423971E+00    0.966694057E+00
    0.786192000E+00    0.976391375E+00
    0.849960029E+00    0.988522947E+00
    0.924979985E+00    0.993898690E+00
