TITLE     = "u-velocity normalized by centerline u-velocity at x=40.0, diagonal cut (y=z)"
VARIABLES = "u/u_CL","2z/D"
ZONE T="USM3D, grid 1 diagonal cut"
    0.000000000E+00    0.653813766E-09
    0.159752448E-06    0.653879147E-05
    0.208412308E-06    0.850000000E-05
    0.354391888E-06    0.104612085E-04
    0.833649232E-06    0.170000000E-04
    0.170398931E-05    0.238098898E-04
    0.170409439E-05    0.238102982E-04
    0.196855946E-05    0.258524100E-04
    0.234339097E-05    0.278949302E-04
    0.357720799E-05    0.347048200E-04
    0.527801372E-05    0.417970394E-04
    0.579407919E-05    0.439242400E-04
    0.643227715E-05    0.460514406E-04
    0.853584609E-05    0.531436600E-04
    0.111853631E-04    0.605299250E-04
    0.119885437E-04    0.627453200E-04
    0.129259916E-04    0.649607150E-04
    0.160186852E-04    0.723469800E-04
    0.197431110E-04    0.800394835E-04
    0.208713627E-04    0.823467300E-04
    0.221467366E-04    0.846539765E-04
    0.263570958E-04    0.923464800E-04
    0.312932170E-04    0.100357907E-03
    0.327877076E-04    0.102760810E-03
    0.344430906E-04    0.105163713E-03
    0.399109115E-04    0.113175140E-03
    0.462078511E-04    0.121518715E-03
    0.481134780E-04    0.124021240E-03
    0.501948341E-04    0.126523765E-03
    0.570727611E-04    0.134867340E-03
    0.648935256E-04    0.143556840E-03
    0.672593638E-04    0.146163120E-03
    0.698169582E-04    0.148769400E-03
    0.782719483E-04    0.157458900E-03
    0.877949089E-04    0.166508664E-03
    0.906746719E-04    0.169223000E-03
    0.937635352E-04    0.171937336E-03
    0.103978322E-03    0.180987100E-03
    0.115398745E-03    0.190412076E-03
    0.118851226E-03    0.193238950E-03
    0.122531604E-03    0.196065824E-03
    0.134705646E-03    0.205490800E-03
    0.134706262E-03    0.205491781E-03
    0.134707559E-03    0.205492724E-03
    0.148237956E-03    0.215306526E-03
    0.148237956E-03    0.215306526E-03
    0.152327528E-03    0.218250600E-03
    0.156665375E-03    0.221194674E-03
    0.171018982E-03    0.231010400E-03
    0.186896039E-03    0.241233070E-03
    0.191693184E-03    0.244299200E-03
    0.196760716E-03    0.247365330E-03
    0.213533117E-03    0.257588000E-03
    0.232011780E-03    0.268234537E-03
    0.237593637E-03    0.271427800E-03
    0.243469876E-03    0.274621063E-03
    0.262923567E-03    0.285267600E-03
    0.284284276E-03    0.296355467E-03
    0.290735263E-03    0.299681100E-03
    0.297506656E-03    0.303006733E-03
    0.319928864E-03    0.314094600E-03
    0.344478591E-03    0.325642260E-03
    0.351891110E-03    0.329105800E-03
    0.359652330E-03    0.332569340E-03
    0.385357440E-03    0.344117000E-03
    0.413431679E-03    0.356143299E-03
    0.421906681E-03    0.359750400E-03
    0.430761121E-03    0.363357501E-03
    0.460092821E-03    0.375383800E-03
    0.492056086E-03    0.387908817E-03
    0.492059641E-03    0.387909568E-03
    0.501706669E-03    0.391665500E-03
    0.511767448E-03    0.395422183E-03
    0.545101654E-03    0.407947200E-03
    0.581360620E-03    0.420991474E-03
    0.592302374E-03    0.424904291E-03
    0.603693158E-03    0.428816326E-03
    0.641440781E-03    0.441860600E-03
    0.682431276E-03    0.455445670E-03
    0.694798751E-03    0.459520300E-03
    0.707654600E-03    0.463594930E-03
    0.750264566E-03    0.477180000E-03
    0.796465966E-03    0.491328329E-03
    0.810403323E-03    0.495571900E-03
    0.824871794E-03    0.499815471E-03
    0.872834642E-03    0.513963800E-03
    0.924770637E-03    0.528698697E-03
    0.940435463E-03    0.533118200E-03
    0.956677810E-03    0.537537703E-03
    0.101052953E-02    0.552272600E-03
    0.106877192E-02    0.567618374E-03
    0.108633617E-02    0.572221100E-03
    0.110452839E-02    0.576823826E-03
    0.116485402E-02    0.592169600E-03
    0.123002726E-02    0.608151637E-03
    0.124967878E-02    0.612945200E-03
    0.127001302E-02    0.617738763E-03
    0.133745164E-02    0.633720800E-03
    0.141023726E-02    0.650365409E-03
    0.143218094E-02    0.655357700E-03
    0.145486693E-02    0.660349991E-03
    0.153011591E-02    0.676994600E-03
    0.161125795E-02    0.694329321E-03
    0.163571755E-02    0.699529120E-03
    0.166098415E-02    0.704727879E-03
    0.174480013E-02    0.722062600E-03
    0.174480443E-02    0.722064405E-03
    0.174481309E-02    0.722066138E-03
    0.183510730E-02    0.740116049E-03
    0.183511732E-02    0.740117132E-03
    0.186233423E-02    0.745531441E-03
    0.189043112E-02    0.750945751E-03
    0.198365318E-02    0.768999200E-03
    0.208401732E-02    0.787801072E-03
    0.211426324E-02    0.793440400E-03
    0.214545953E-02    0.799079728E-03
    0.214546780E-02    0.799081608E-03
    0.224899237E-02    0.817881600E-03
    0.236036745E-02    0.837463050E-03
    0.236037980E-02    0.837464224E-03
    0.239393908E-02    0.843336787E-03
    0.242853468E-02    0.849209350E-03
    0.242854385E-02    0.849211308E-03
    0.254336344E-02    0.868790800E-03
    0.266682135E-02    0.889184060E-03
    0.270401743E-02    0.895300700E-03
    0.274233999E-02    0.901417340E-03
    0.286953839E-02    0.921810600E-03
    0.300621861E-02    0.943049364E-03
    0.304739331E-02    0.949420237E-03
    0.308978788E-02    0.955789836E-03
    0.308980328E-02    0.955793233E-03
    0.323053770E-02    0.977028600E-03
    0.338169399E-02    0.999147947E-03
    0.342722433E-02    0.100578230E-02
    0.347408511E-02    0.101241665E-02
    0.362966034E-02    0.103453600E-02
    0.379665628E-02    0.105757239E-02
    0.384695158E-02    0.106448180E-02
    0.389869314E-02    0.107139121E-02
    0.407049244E-02    0.109442760E-02
    0.425481744E-02    0.111841904E-02
    0.431032554E-02    0.112561490E-02
    0.436740522E-02    0.113281076E-02
    0.455695147E-02    0.115680220E-02
    0.476022687E-02    0.118178831E-02
    0.482143494E-02    0.118928250E-02
    0.488435109E-02    0.119677669E-02
    0.509330097E-02    0.122176280E-02
    0.531729456E-02    0.124778488E-02
    0.538473348E-02    0.125558980E-02
    0.545402869E-02    0.126339472E-02
    0.568419000E-02    0.128941680E-02
    0.593082795E-02    0.131651771E-02
    0.600507657E-02    0.132464620E-02
    0.608134191E-02    0.133277469E-02
    0.633468234E-02    0.135987560E-02
    0.660603988E-02    0.138810018E-02
    0.660606993E-02    0.138810187E-02
    0.668775022E-02    0.139656655E-02
    0.677163054E-02    0.140503122E-02
    0.705029535E-02    0.143325580E-02
    0.734868814E-02    0.146265051E-02
    0.734871212E-02    0.146265228E-02
    0.743851784E-02    0.147146788E-02
    0.753071458E-02    0.148028349E-02
    0.783704018E-02    0.150967820E-02
    0.816496482E-02    0.154029159E-02
    0.826365310E-02    0.154947360E-02
    0.836492997E-02    0.155865561E-02
    0.870144273E-02    0.158926900E-02
    0.870146005E-02    0.158927219E-02
    0.870149460E-02    0.158927525E-02
    0.906161505E-02    0.162115161E-02
    0.916999203E-02    0.163071430E-02
    0.928117120E-02    0.164027699E-02
    0.928121164E-02    0.164028209E-02
    0.965067227E-02    0.167215960E-02
    0.965069129E-02    0.167216292E-02
    0.965072922E-02    0.167216611E-02
    0.100460300E-01    0.170536405E-02
    0.101649823E-01    0.171532320E-02
    0.102869917E-01    0.172528235E-02
    0.106924958E-01    0.175848680E-02
    0.111262373E-01    0.179306793E-02
    0.112567317E-01    0.180344000E-02
    0.113905482E-01    0.181381207E-02
    0.118353378E-01    0.184839320E-02
    0.123109856E-01    0.188440802E-02
    0.124540733E-01    0.189521118E-02
    0.126007728E-01    0.190601218E-02
    0.130884303E-01    0.194202700E-02
    0.136098028E-01    0.197953466E-02
    0.137666309E-01    0.199078450E-02
    0.139273838E-01    0.200203434E-02
    0.144618099E-01    0.203954200E-02
    0.150330629E-01    0.207860551E-02
    0.152048785E-01    0.209032200E-02
    0.153809604E-01    0.210203849E-02
    0.159664049E-01    0.214110200E-02
    0.165920654E-01    0.218178482E-02
    0.167802273E-01    0.219398700E-02
    0.169730271E-01    0.220618918E-02
    0.176141166E-01    0.224687200E-02
    0.182991148E-01    0.228924106E-02
    0.185051025E-01    0.230194900E-02
    0.187161319E-01    0.231465694E-02
    0.194179031E-01    0.235702600E-02
    0.201676068E-01    0.240115207E-02
    0.203930315E-01    0.241438700E-02
    0.206239369E-01    0.242762193E-02
    0.213918762E-01    0.247174800E-02
    0.222121256E-01    0.251770340E-02
    0.224587390E-01    0.253148700E-02
    0.227113111E-01    0.254527060E-02
    0.235513877E-01    0.259122600E-02
    0.244484620E-01    0.263908688E-02
    0.244485612E-01    0.263908975E-02
    0.247182430E-01    0.265344344E-02
    0.249944303E-01    0.266779712E-02
    0.249944303E-01    0.266779712E-02
    0.259131353E-01    0.271565800E-02
    0.268940869E-01    0.276550282E-02
    0.271889627E-01    0.278045300E-02
    0.274908812E-01    0.279540318E-02
    0.284952720E-01    0.284524800E-02
    0.295675248E-01    0.289715908E-02
    0.298898158E-01    0.291272900E-02
    0.302197612E-01    0.292829892E-02
    0.313174895E-01    0.298021000E-02
    0.324891094E-01    0.303427427E-02
    0.324892035E-01    0.303427751E-02
    0.328413144E-01    0.305049000E-02
    0.332017788E-01    0.306670573E-02
    0.344011544E-01    0.312077000E-02
    0.356810551E-01    0.317707515E-02
    0.360656895E-01    0.319396300E-02
    0.364593659E-01    0.321085085E-02
    0.377693562E-01    0.326715600E-02
    0.391669272E-01    0.332579511E-02
    0.395868841E-01    0.334338300E-02
    0.400166527E-01    0.336097089E-02
    0.414468858E-01    0.341961000E-02
    0.429722947E-01    0.348068077E-02
    0.434306249E-01    0.349899800E-02
    0.438995978E-01    0.351731523E-02
    0.454604451E-01    0.357838600E-02
    0.471244896E-01    0.364198921E-02
    0.476244280E-01    0.366106600E-02
    0.481358940E-01    0.368014279E-02
    0.498383269E-01    0.374374600E-02
    0.516524143E-01    0.380998550E-02
    0.521973759E-01    0.382985300E-02
    0.527547972E-01    0.384972050E-02
    0.546103807E-01    0.391596000E-02
    0.565863680E-01    0.398494656E-02
    0.571799075E-01    0.400563800E-02
    0.577868701E-01    0.402632944E-02
    0.598075752E-01    0.409531600E-02
    0.619575887E-01    0.416716193E-02
    0.626033340E-01    0.418871100E-02
    0.632634847E-01    0.421026007E-02
    0.654614982E-01    0.428210600E-02
    0.677975702E-01    0.435693055E-02
    0.684991233E-01    0.437937300E-02
    0.692160553E-01    0.440181546E-02
    0.716033777E-01    0.447664000E-02
    0.741369800E-01    0.455456701E-02
    0.748977639E-01    0.457794000E-02
    0.756748477E-01    0.460131299E-02
    0.782627729E-01    0.467924000E-02
    0.810042187E-01    0.476039794E-02
    0.818273152E-01    0.478474000E-02
    0.826675188E-01    0.480908206E-02
    0.854659975E-01    0.489024000E-02
    0.884233549E-01    0.497476273E-02
    0.884235921E-01    0.497476780E-02
    0.893113568E-01    0.500011653E-02
    0.902169534E-01    0.502546527E-02
    0.932336259E-01    0.510998800E-02
    0.964123449E-01    0.519801552E-02
    0.973664774E-01    0.522441800E-02
    0.983387236E-01    0.525082048E-02
    0.101577865E+00    0.533884800E-02
    0.104978677E+00    0.543052416E-02
    0.105999326E+00    0.545802100E-02
    0.107038100E+00    0.548551784E-02
    0.110499384E+00    0.557719400E-02
    0.114117476E+00    0.567267190E-02
    0.114117766E+00    0.567267762E-02
    0.115203404E+00    0.570131186E-02
    0.116306833E+00    0.572994610E-02
    0.119984132E+00    0.582542400E-02
    0.123808579E+00    0.592485979E-02
    0.124956016E+00    0.595468400E-02
    0.126120165E+00    0.598450821E-02
    0.130000424E+00    0.608394400E-02
    0.134012351E+00    0.618750230E-02
    0.135215835E+00    0.621856300E-02
    0.136434369E+00    0.624962370E-02
    0.136434693E+00    0.624963405E-02
    0.140497110E+00    0.635318200E-02
    0.144670187E+00    0.646103436E-02
    0.145921809E+00    0.649338623E-02
    0.147186376E+00    0.652573164E-02
    0.147186839E+00    0.652574889E-02
    0.151403279E+00    0.663358400E-02
    0.155704175E+00    0.674590736E-02
    0.156993920E+00    0.677959700E-02
    0.158294016E+00    0.681328664E-02
    0.158294492E+00    0.681330461E-02
    0.162630107E+00    0.692561000E-02
    0.167019922E+00    0.704259052E-02
    0.168336126E+00    0.707767700E-02
    0.169659868E+00    0.711276348E-02
    0.174074941E+00    0.722974400E-02
    0.178511484E+00    0.735157476E-02
    0.179841498E+00    0.738811600E-02
    0.181175939E+00    0.742465724E-02
    0.185627353E+00    0.754648800E-02
    0.190067823E+00    0.767336902E-02
    0.191398834E+00    0.771142881E-02
    0.192731191E+00    0.774948098E-02
    0.197176249E+00    0.787636200E-02
    0.201580018E+00    0.800850405E-02
    0.202899866E+00    0.804813800E-02
    0.204218213E+00    0.808777195E-02
    0.208617050E+00    0.821991400E-02
    0.212948031E+00    0.835753479E-02
    0.214245919E+00    0.839881200E-02
    0.215539838E+00    0.844008921E-02
    0.219857620E+00    0.857771000E-02
    0.224086037E+00    0.872103569E-02
    0.225353077E+00    0.876402400E-02
    0.226614147E+00    0.880701231E-02
    0.230822679E+00    0.895033800E-02
    0.234925893E+00    0.909960707E-02
    0.236155321E+00    0.914437800E-02
    0.237377299E+00    0.918914893E-02
    0.241455658E+00    0.933841800E-02
    0.245418335E+00    0.949387507E-02
    0.246605589E+00    0.954050200E-02
    0.247784403E+00    0.958712893E-02
    0.251718919E+00    0.974258600E-02
    0.255532441E+00    0.990448802E-02
    0.256674950E+00    0.995304800E-02
    0.257808486E+00    0.100016080E-01
    0.261592045E+00    0.101635100E-01
    0.265253405E+00    0.103321247E-01
    0.265253806E+00    0.103321348E-01
    0.266350670E+00    0.103827031E-01
    0.267438399E+00    0.104332713E-01
    0.267438689E+00    0.104332882E-01
    0.271069642E+00    0.106018860E-01
    0.274581397E+00    0.107774918E-01
    0.275633443E+00    0.108301620E-01
    0.276676500E+00    0.108828322E-01
    0.280158051E+00    0.110584380E-01
    0.280158221E+00    0.110584563E-01
    0.280158556E+00    0.110584738E-01
    0.283525715E+00    0.112413242E-01
    0.284534526E+00    0.112961780E-01
    0.285534725E+00    0.113510319E-01
    0.288873428E+00    0.115339180E-01
    0.292104806E+00    0.117243861E-01
    0.293072826E+00    0.117815140E-01
    0.294032781E+00    0.118386419E-01
    0.297236999E+00    0.120291100E-01
    0.297237156E+00    0.120291298E-01
    0.297237464E+00    0.120291489E-01
    0.300342460E+00    0.122274754E-01
    0.301272717E+00    0.122869779E-01
    0.302195453E+00    0.123464686E-01
    0.302195792E+00    0.123465003E-01
    0.305275965E+00    0.125448340E-01
    0.308266006E+00    0.127514236E-01
    0.309161740E+00    0.128133870E-01
    0.310050722E+00    0.128753504E-01
    0.313018244E+00    0.130819400E-01
    0.315904234E+00    0.132970939E-01
    0.316768811E+00    0.133616260E-01
    0.317627410E+00    0.134261581E-01
    0.320493351E+00    0.136413120E-01
    0.323286554E+00    0.138653872E-01
    0.323286777E+00    0.138654006E-01
    0.324123523E+00    0.139325950E-01
    0.324955086E+00    0.139998028E-01
    0.327730809E+00    0.142238780E-01
    0.330442280E+00    0.144572428E-01
    0.330442496E+00    0.144572569E-01
    0.331254757E+00    0.145272440E-01
    0.332062492E+00    0.145972312E-01
    0.332062707E+00    0.145972545E-01
    0.334758981E+00    0.148305960E-01
    0.337399391E+00    0.150736360E-01
    0.338190439E+00    0.151465320E-01
    0.338977601E+00    0.152194280E-01
    0.341605003E+00    0.154624680E-01
    0.344183967E+00    0.157155846E-01
    0.344956590E+00    0.157915030E-01
    0.345726036E+00    0.158674214E-01
    0.348294294E+00    0.161205380E-01
    0.350820745E+00    0.163841482E-01
    0.351577663E+00    0.164632140E-01
    0.352332013E+00    0.165422798E-01
    0.354849846E+00    0.168058900E-01
    0.357332410E+00    0.170804300E-01
    0.358076206E+00    0.171627740E-01
    0.358817940E+00    0.172451180E-01
    0.361293638E+00    0.175196580E-01
    0.363739651E+00    0.178055801E-01
    0.364472501E+00    0.178913380E-01
    0.365203834E+00    0.179770959E-01
    0.367644786E+00    0.182630180E-01
    0.370061135E+00    0.185607946E-01
    0.370785105E+00    0.186501080E-01
    0.371508028E+00    0.187394214E-01
    0.373920880E+00    0.190371980E-01
    0.376313693E+00    0.193473198E-01
    0.377030635E+00    0.194403360E-01
    0.377746937E+00    0.195333522E-01
    0.380137616E+00    0.198434740E-01
    0.382512175E+00    0.201664541E-01
    0.383223643E+00    0.202633270E-01
    0.383934878E+00    0.203601999E-01
    0.386308652E+00    0.206831800E-01
    0.388670022E+00    0.210195508E-01
    0.389377542E+00    0.211204400E-01
    0.390085163E+00    0.212213292E-01
    0.392446808E+00    0.215577000E-01
    0.394798905E+00    0.219080177E-01
    0.395503671E+00    0.220130900E-01
    0.396208844E+00    0.221181623E-01
    0.398562297E+00    0.224684800E-01
    0.400908874E+00    0.228333215E-01
    0.400909061E+00    0.228333434E-01
    0.401612136E+00    0.229427609E-01
    0.402315888E+00    0.230521785E-01
    0.402316076E+00    0.230522150E-01
    0.404664790E+00    0.234170200E-01
    0.404664907E+00    0.234170580E-01
    0.404665137E+00    0.234170945E-01
    0.407009253E+00    0.237969853E-01
    0.407009511E+00    0.237970081E-01
    0.407711946E+00    0.239109500E-01
    0.408415329E+00    0.240249147E-01
    0.410762734E+00    0.244048800E-01
    0.413107770E+00    0.248006000E-01
    0.413810410E+00    0.249193019E-01
    0.414514128E+00    0.250379800E-01
    0.414514386E+00    0.250380433E-01
    0.416862899E+00    0.254337000E-01
    0.419210825E+00    0.258458208E-01
    0.419914339E+00    0.259694300E-01
    0.420619137E+00    0.260930392E-01
    0.422971352E+00    0.265051600E-01
    0.425324184E+00    0.269343740E-01
    0.426029206E+00    0.270631229E-01
    0.426735677E+00    0.271918460E-01
    0.429093349E+00    0.276210600E-01
    0.431452889E+00    0.280680672E-01
    0.432159904E+00    0.282021400E-01
    0.432868506E+00    0.283362128E-01
    0.435233336E+00    0.287832200E-01
    0.437600972E+00    0.292487589E-01
    0.438310431E+00    0.293883900E-01
    0.439021581E+00    0.295280211E-01
    0.441394854E+00    0.299935600E-01
    0.443771733E+00    0.304784075E-01
    0.444483964E+00    0.306238300E-01
    0.445198019E+00    0.307692525E-01
    0.447580979E+00    0.312541000E-01
    0.449968160E+00    0.317590409E-01
    0.450683485E+00    0.319104900E-01
    0.451400735E+00    0.320619391E-01
    0.453794334E+00    0.325668800E-01
    0.456192607E+00    0.330927604E-01
    0.456911252E+00    0.332504900E-01
    0.457631858E+00    0.334082196E-01
    0.460036662E+00    0.339341000E-01
    0.462446756E+00    0.344817815E-01
    0.463168952E+00    0.346460500E-01
    0.463893174E+00    0.348103185E-01
    0.466310026E+00    0.353580000E-01
    0.468732201E+00    0.359283826E-01
    0.469458030E+00    0.360994600E-01
    0.470185980E+00    0.362705374E-01
    0.472615183E+00    0.368409200E-01
    0.475050010E+00    0.374349577E-01
    0.475779641E+00    0.376131300E-01
    0.476511430E+00    0.377913023E-01
    0.478953460E+00    0.383853400E-01
    0.481401014E+00    0.390040020E-01
    0.482134452E+00    0.391895600E-01
    0.482870125E+00    0.393751180E-01
    0.485325069E+00    0.399937800E-01
    0.487785590E+00    0.406380971E-01
    0.488522918E+00    0.408313500E-01
    0.489262544E+00    0.410246029E-01
    0.491730671E+00    0.416689200E-01
    0.494204160E+00    0.423399462E-01
    0.494945401E+00    0.425412100E-01
    0.495688942E+00    0.427424738E-01
    0.498170090E+00    0.434135000E-01
    0.500656708E+00    0.441123430E-01
    0.501401887E+00    0.443219500E-01
    0.502149322E+00    0.445315570E-01
    0.502149522E+00    0.445316269E-01
    0.504643657E+00    0.452304000E-01
    0.504643781E+00    0.452304728E-01
    0.504644026E+00    0.452305426E-01
    0.507143078E+00    0.459582213E-01
    0.507143278E+00    0.459582650E-01
    0.507892250E+00    0.461765200E-01
    0.508643664E+00    0.463948187E-01
    0.511150907E+00    0.471226400E-01
    0.511151032E+00    0.471227158E-01
    0.511151278E+00    0.471227886E-01
    0.513663226E+00    0.478806398E-01
    0.513663427E+00    0.478806852E-01
    0.514416263E+00    0.481079900E-01
    0.515171575E+00    0.483353402E-01
    0.517691942E+00    0.490933400E-01
    0.520216906E+00    0.498827644E-01
    0.520973625E+00    0.501195400E-01
    0.521732772E+00    0.503563156E-01
    0.524265711E+00    0.511457400E-01
    0.524265837E+00    0.511458222E-01
    0.524266086E+00    0.511459011E-01
    0.526803160E+00    0.519678892E-01
    0.527563603E+00    0.522145047E-01
    0.528326438E+00    0.524610708E-01
    0.528326718E+00    0.524612023E-01
    0.530871984E+00    0.532832200E-01
    0.530872111E+00    0.532833056E-01
    0.530872361E+00    0.532833878E-01
    0.533421562E+00    0.541394555E-01
    0.534185623E+00    0.543962700E-01
    0.534952221E+00    0.546530845E-01
    0.537510122E+00    0.555093200E-01
    0.540071399E+00    0.564010573E-01
    0.540839058E+00    0.566685467E-01
    0.541609281E+00    0.569359827E-01
    0.544179116E+00    0.578277200E-01
    0.546751958E+00    0.587564284E-01
    0.547523076E+00    0.590349800E-01
    0.548296798E+00    0.593135316E-01
    0.550878265E+00    0.602422400E-01
    0.553462203E+00    0.612094580E-01
    0.554236649E+00    0.614995600E-01
    0.555013726E+00    0.617896620E-01
    0.557606382E+00    0.627568800E-01
    0.560201196E+00    0.637641924E-01
    0.560978955E+00    0.640663200E-01
    0.561759347E+00    0.643684476E-01
    0.564362995E+00    0.653757600E-01
    0.566968018E+00    0.664248360E-01
    0.567748847E+00    0.667394900E-01
    0.568532378E+00    0.670541440E-01
    0.571146409E+00    0.681032200E-01
    0.573761544E+00    0.691957905E-01
    0.574545417E+00    0.695234900E-01
    0.575331992E+00    0.698511895E-01
    0.577956088E+00    0.709437600E-01
    0.580580586E+00    0.720816251E-01
    0.581367257E+00    0.724229441E-01
    0.582156703E+00    0.727641949E-01
    0.584790444E+00    0.739020600E-01
    0.587423984E+00    0.750871044E-01
    0.588213425E+00    0.754425400E-01
    0.589005641E+00    0.757979756E-01
    0.591648491E+00    0.769830200E-01
    0.594290552E+00    0.782171977E-01
    0.595082576E+00    0.785873700E-01
    0.595877403E+00    0.789575423E-01
    0.598528928E+00    0.801917200E-01
    0.601178969E+00    0.814770618E-01
    0.601973397E+00    0.818625800E-01
    0.602770700E+00    0.822480982E-01
    0.605430381E+00    0.835334400E-01
    0.608087913E+00    0.848720768E-01
    0.608884580E+00    0.852735800E-01
    0.609684154E+00    0.856750832E-01
    0.612351432E+00    0.870137200E-01
    0.615015905E+00    0.884078519E-01
    0.615814685E+00    0.888260000E-01
    0.616616413E+00    0.892441481E-01
    0.619290820E+00    0.906382800E-01
    0.621961656E+00    0.920902148E-01
    0.622762357E+00    0.925257435E-01
    0.623565997E+00    0.929611852E-01
    0.623566212E+00    0.929613304E-01
    0.626246955E+00    0.944131200E-01
    0.628923624E+00    0.959252502E-01
    0.629726097E+00    0.963787900E-01
    0.630531621E+00    0.968323298E-01
    0.633218506E+00    0.983444600E-01
    0.635900189E+00    0.999192856E-01
    0.635900403E+00    0.999193801E-01
    0.636704338E+00    0.100391630E+00
    0.637511493E+00    0.100863974E+00
    0.640203781E+00    0.102438800E+00
    0.642889974E+00    0.104078913E+00
    0.642890189E+00    0.104079012E+00
    0.643695493E+00    0.104570889E+00
    0.644504049E+00    0.105062767E+00
    0.647200955E+00    0.106702880E+00
    0.649891209E+00    0.108410997E+00
    0.650697785E+00    0.108923320E+00
    0.651507598E+00    0.109435643E+00
    0.654208605E+00    0.111143760E+00
    0.656902114E+00    0.112922688E+00
    0.657709660E+00    0.113456250E+00
    0.658520516E+00    0.113989812E+00
    0.661225006E+00    0.115768740E+00
    0.663921019E+00    0.117621426E+00
    0.664729343E+00    0.118177110E+00
    0.665541048E+00    0.118732794E+00
    0.668248324E+00    0.120585480E+00
    0.670946223E+00    0.122514977E+00
    0.671755114E+00    0.123093700E+00
    0.672567459E+00    0.123672423E+00
    0.675276796E+00    0.125601920E+00
    0.677975709E+00    0.127611414E+00
    0.678784914E+00    0.128214130E+00
    0.679597622E+00    0.128816846E+00
    0.682308173E+00    0.130826340E+00
    0.685007388E+00    0.132919146E+00
    0.685816693E+00    0.133546850E+00
    0.686629574E+00    0.134174554E+00
    0.689340764E+00    0.136267360E+00
    0.692039415E+00    0.138446932E+00
    0.692848567E+00    0.139100660E+00
    0.693661408E+00    0.139754388E+00
    0.696372355E+00    0.141933960E+00
    0.699069577E+00    0.144203898E+00
    0.699878298E+00    0.144884730E+00
    0.700690813E+00    0.145565562E+00
    0.703400586E+00    0.147835500E+00
    0.706095525E+00    0.150199550E+00
    0.706903566E+00    0.150908610E+00
    0.707715489E+00    0.151617670E+00
    0.710423302E+00    0.153981720E+00
    0.713115046E+00    0.156443783E+00
    0.713922097E+00    0.157182240E+00
    0.714733110E+00    0.157920697E+00
    0.717437996E+00    0.160382760E+00
    0.720125599E+00    0.162946905E+00
    0.720931470E+00    0.163715980E+00
    0.721741359E+00    0.164485055E+00
    0.724442413E+00    0.167049200E+00
    0.727124727E+00    0.169719642E+00
    0.727928988E+00    0.170520600E+00
    0.728737395E+00    0.171321558E+00
    0.731433482E+00    0.173992000E+00
    0.734109493E+00    0.176773163E+00
    0.734109707E+00    0.176773330E+00
    0.734912039E+00    0.177607413E+00
    0.735718623E+00    0.178441497E+00
    0.735718919E+00    0.178441942E+00
    0.738409012E+00    0.181222660E+00
    0.741077680E+00    0.184119129E+00
    0.741877869E+00    0.184987880E+00
    0.742682440E+00    0.185856631E+00
    0.745365727E+00    0.188753100E+00
    0.748025697E+00    0.191769660E+00
    0.748025990E+00    0.191769841E+00
    0.748823532E+00    0.192674430E+00
    0.749625678E+00    0.193579200E+00
    0.752300911E+00    0.196595760E+00
    0.754951248E+00    0.199737395E+00
    0.755745925E+00    0.200679680E+00
    0.756545265E+00    0.201621965E+00
    0.759211148E+00    0.204763600E+00
    0.761850412E+00    0.208035457E+00
    0.761850623E+00    0.208035654E+00
    0.762641956E+00    0.209016898E+00
    0.763438056E+00    0.209998143E+00
    0.763438268E+00    0.209998470E+00
    0.766093480E+00    0.213270000E+00
    0.768720694E+00    0.216677557E+00
    0.769508434E+00    0.217699600E+00
    0.770301135E+00    0.218721643E+00
    0.772944901E+00    0.222129200E+00
    0.775558239E+00    0.225677994E+00
    0.775558527E+00    0.225678207E+00
    0.776342118E+00    0.226742400E+00
    0.777130838E+00    0.227806806E+00
    0.777131127E+00    0.227807373E+00
    0.779761635E+00    0.231355600E+00
    0.782360309E+00    0.235051479E+00
    0.783139505E+00    0.236160000E+00
    0.783924064E+00    0.237268521E+00
    0.786540632E+00    0.240964400E+00
    0.789123076E+00    0.244813594E+00
    0.789897389E+00    0.245968100E+00
    0.790677313E+00    0.247122606E+00
    0.793278457E+00    0.250971800E+00
    0.795843248E+00    0.254980541E+00
    0.796612286E+00    0.256182900E+00
    0.797387210E+00    0.257385259E+00
    0.799971668E+00    0.261394000E+00
    0.802517611E+00    0.265568980E+00
    0.803280971E+00    0.266821200E+00
    0.804050556E+00    0.268073420E+00
    0.806617240E+00    0.272248400E+00
    0.809143114E+00    0.276596389E+00
    0.809900471E+00    0.277900500E+00
    0.810664383E+00    0.279204611E+00
    0.813212206E+00    0.283552600E+00
    0.815716722E+00    0.288080905E+00
    0.816467677E+00    0.289439100E+00
    0.817225622E+00    0.290797295E+00
    0.819753563E+00    0.295325600E+00
    0.822235869E+00    0.300041684E+00
    0.822980153E+00    0.301456200E+00
    0.823731933E+00    0.302870716E+00
    0.826239288E+00    0.307586800E+00
    0.828698404E+00    0.312498355E+00
    0.829435713E+00    0.313971500E+00
    0.830181100E+00    0.315444644E+00
    0.832667184E+00    0.320356200E+00
    0.835102673E+00    0.325471458E+00
    0.835832908E+00    0.327005700E+00
    0.836571856E+00    0.328539942E+00
    0.839036516E+00    0.333655200E+00
    0.841447988E+00    0.338982469E+00
    0.841448181E+00    0.338982788E+00
    0.842171149E+00    0.340580460E+00
    0.842903642E+00    0.342178131E+00
    0.842903837E+00    0.342178664E+00
    0.845347111E+00    0.347505400E+00
    0.847734695E+00    0.353053526E+00
    0.848450508E+00    0.354717600E+00
    0.849176716E+00    0.356381674E+00
    0.849176910E+00    0.356382229E+00
    0.851599155E+00    0.361929800E+00
    0.851599270E+00    0.361930378E+00
    0.851599506E+00    0.361930932E+00
    0.853963650E+00    0.367708015E+00
    0.854672485E+00    0.369441100E+00
    0.855392843E+00    0.371174185E+00
    0.857795745E+00    0.376952400E+00
    0.860138008E+00    0.382970088E+00
    0.860840219E+00    0.384775180E+00
    0.861555171E+00    0.386579912E+00
    0.863940070E+00    0.392597600E+00
    0.866262043E+00    0.398864839E+00
    0.866958131E+00    0.400744600E+00
    0.867668399E+00    0.402624361E+00
    0.870037773E+00    0.408891600E+00
    0.872342221E+00    0.415418699E+00
    0.873033001E+00    0.417376400E+00
    0.873739589E+00    0.419334101E+00
    0.876096783E+00    0.425861200E+00
    0.876096893E+00    0.425861880E+00
    0.876097124E+00    0.425862532E+00
    0.878387268E+00    0.432658851E+00
    0.879073821E+00    0.434697700E+00
    0.879777962E+00    0.436736549E+00
    0.879778219E+00    0.436737637E+00
    0.882127465E+00    0.443534200E+00
    0.884408334E+00    0.450613788E+00
    0.885091955E+00    0.452737200E+00
    0.885795363E+00    0.454860612E+00
    0.888142199E+00    0.461940200E+00
    0.888142308E+00    0.461940937E+00
    0.888142538E+00    0.461941645E+00
    0.890419213E+00    0.469313187E+00
    0.891101610E+00    0.471524600E+00
    0.891806129E+00    0.473736013E+00
    0.894156897E+00    0.481109000E+00
    0.896436409E+00    0.488787695E+00
    0.897119519E+00    0.491090800E+00
    0.897827287E+00    0.493393905E+00
    0.900189130E+00    0.501072600E+00
    0.902478785E+00    0.509069696E+00
    0.903164895E+00    0.511468300E+00
    0.903878392E+00    0.513866904E+00
    0.906259600E+00    0.521864000E+00
    0.908567517E+00    0.530192651E+00
    0.909259067E+00    0.532690700E+00
    0.909980911E+00    0.535188749E+00
    0.912390062E+00    0.543517400E+00
    0.914724526E+00    0.552191299E+00
    0.915423951E+00    0.554792900E+00
    0.916156683E+00    0.557394501E+00
    0.918602300E+00    0.566068400E+00
    0.920971634E+00    0.575101933E+00
    0.921681467E+00    0.577811400E+00
    0.922427514E+00    0.580520867E+00
    0.924917787E+00    0.589554400E+00
    0.927329011E+00    0.598962490E+00
    0.928051338E+00    0.601784300E+00
    0.928812706E+00    0.604606110E+00
    0.931354333E+00    0.614014200E+00
    0.933812368E+00    0.623812310E+00
    0.934548703E+00    0.626751100E+00
    0.935326615E+00    0.629689890E+00
    0.937923564E+00    0.639488000E+00
    0.940430033E+00    0.649692361E+00
    0.941180851E+00    0.652753000E+00
    0.941975348E+00    0.655813639E+00
    0.944627712E+00    0.666018000E+00
    0.947179058E+00    0.676645459E+00
    0.947943248E+00    0.679833000E+00
    0.948752606E+00    0.683020541E+00
    0.951454761E+00    0.693648000E+00
    0.954040668E+00    0.704716020E+00
    0.954815175E+00    0.708036032E+00
    0.955635427E+00    0.711355380E+00
    0.958374089E+00    0.722423400E+00
    0.960974253E+00    0.733950289E+00
    0.961753022E+00    0.737407600E+00
    0.962576984E+00    0.740864911E+00
    0.965328211E+00    0.752391800E+00
    0.967909420E+00    0.764396637E+00
    0.968682451E+00    0.767997300E+00
    0.969498783E+00    0.771597963E+00
    0.972224692E+00    0.783602800E+00
    0.974736860E+00    0.796105354E+00
    0.975489144E+00    0.799855300E+00
    0.976280998E+00    0.803605246E+00
    0.976281286E+00    0.803607246E+00
    0.978925649E+00    0.816107800E+00
    0.978925759E+00    0.816109102E+00
    0.978926012E+00    0.816110352E+00
    0.981296683E+00    0.829128688E+00
    0.982006592E+00    0.833034100E+00
    0.982750678E+00    0.836939512E+00
    0.985235924E+00    0.849960400E+00
    0.987365817E+00    0.863521084E+00
    0.987366053E+00    0.863521898E+00
    0.988003728E+00    0.867588400E+00
    0.988668385E+00    0.871655716E+00
    0.990888582E+00    0.885216400E+00
    0.992646891E+00    0.899339420E+00
    0.993173201E+00    0.903575400E+00
    0.993718002E+00    0.907811380E+00
    0.993718147E+00    0.907812792E+00
    0.995538520E+00    0.921934400E+00
    0.996761396E+00    0.936642834E+00
    0.997127291E+00    0.941054400E+00
    0.997504266E+00    0.945465965E+00
    0.998764518E+00    0.960174400E+00
    0.998764540E+00    0.960175932E+00
    0.998764628E+00    0.960177402E+00
    0.999235793E+00    0.975492711E+00
    0.999376584E+00    0.980087200E+00
    0.999519976E+00    0.984681689E+00
    0.999999981E+00    0.100000000E+01
ZONE T="USM3D, grid 2 diagonal cut"
    0.000000000E+00    0.106770017E-08
    0.529901808E-06    0.106780694E-04
    0.859028394E-06    0.173524100E-04
    0.184640815E-05    0.240267506E-04
    0.343611358E-05    0.347048200E-04
    0.648276641E-05    0.462866578E-04
    0.648310015E-05    0.462881055E-04
    0.837748027E-05    0.535259000E-04
    0.110898930E-04    0.607651422E-04
    0.154516716E-04    0.723469800E-04
    0.217947453E-04    0.849090946E-04
    0.257415152E-04    0.927610600E-04
    0.306750949E-04    0.100613025E-03
    0.386036853E-04    0.113175140E-03
    0.491369687E-04    0.126800483E-03
    0.556938450E-04    0.135317020E-03
    0.634316610E-04    0.143833557E-03
    0.758615705E-04    0.157458900E-03
    0.916491764E-04    0.172237480E-03
    0.916509349E-04    0.172239327E-03
    0.101481372E-03    0.181475774E-03
    0.112720544E-03    0.190712220E-03
    0.130768086E-03    0.205490800E-03
    0.130769011E-03    0.205492403E-03
    0.130771060E-03    0.205493880E-03
    0.153088483E-03    0.221520202E-03
    0.166990450E-03    0.231539400E-03
    0.182566435E-03    0.241558598E-03
    0.207572830E-03    0.257588000E-03
    0.237952890E-03    0.274974098E-03
    0.256879825E-03    0.285841300E-03
    0.277794448E-03    0.296708502E-03
    0.311364226E-03    0.314094600E-03
    0.351637878E-03    0.332952221E-03
    0.376733508E-03    0.344739200E-03
    0.404186699E-03    0.356526179E-03
    0.448242872E-03    0.375383800E-03
    0.500604350E-03    0.395837555E-03
    0.533238098E-03    0.408622200E-03
    0.568665758E-03    0.421406845E-03
    0.625509208E-03    0.441860600E-03
    0.692582758E-03    0.464045500E-03
    0.734392135E-03    0.477913586E-03
    0.779511015E-03    0.491778900E-03
    0.851892159E-03    0.513963800E-03
    0.936812481E-03    0.538026364E-03
    0.989754474E-03    0.553066700E-03
    0.104661385E-02    0.568107036E-03
    0.113781641E-02    0.592169600E-03
    0.124432469E-02    0.618268777E-03
    0.131073433E-02    0.634582100E-03
    0.138177960E-02    0.650895423E-03
    0.149572092E-02    0.676994600E-03
    0.162827097E-02    0.705302815E-03
    0.162828580E-02    0.705306353E-03
    0.171093958E-02    0.722998669E-03
    0.179907656E-02    0.740690985E-03
    0.179910105E-02    0.740697353E-03
    0.194043433E-02    0.768999200E-03
    0.210435367E-02    0.799703339E-03
    0.220658565E-02    0.818895000E-03
    0.231530288E-02    0.838086661E-03
    0.248961851E-02    0.868790800E-03
    0.269122574E-02    0.902093688E-03
    0.281697728E-02    0.922909700E-03
    0.295039703E-02    0.943725712E-03
    0.316429521E-02    0.977028600E-03
    0.341111494E-02    0.101315023E-02
    0.356508412E-02    0.103572810E-02
    0.372811804E-02    0.105830597E-02
    0.398946621E-02    0.109442760E-02
    0.429044337E-02    0.113360643E-02
    0.447821713E-02    0.115809520E-02
    0.467670526E-02    0.118258397E-02
    0.499485334E-02    0.122176280E-02
    0.536061655E-02    0.126425771E-02
    0.558883162E-02    0.129081920E-02
    0.582971008E-02    0.131738069E-02
    0.621576503E-02    0.135987560E-02
    0.665891466E-02    0.140596725E-02
    0.665896432E-02    0.140597301E-02
    0.693547780E-02    0.143477978E-02
    0.722695565E-02    0.146358655E-02
    0.722703674E-02    0.146359691E-02
    0.769413685E-02    0.150967820E-02
    0.822970503E-02    0.155967090E-02
    0.856393288E-02    0.159091890E-02
    0.891581207E-02    0.162216690E-02
    0.891590997E-02    0.162217815E-02
    0.947972418E-02    0.167215960E-02
    0.947975408E-02    0.167216502E-02
    0.947981351E-02    0.167217002E-02
    0.101255038E-01    0.172638361E-02
    0.105285296E-01    0.176027640E-02
    0.109524161E-01    0.179416919E-02
    0.109525341E-01    0.179418138E-02
    0.116316982E-01    0.184839320E-02
    0.124087405E-01    0.190720636E-02
    0.128937515E-01    0.194396760E-02
    0.134034710E-01    0.198072884E-02
    0.142200924E-01    0.203954200E-02
    0.151534724E-01    0.210333383E-02
    0.157361158E-01    0.214320700E-02
    0.163479699E-01    0.218308017E-02
    0.173281358E-01    0.224687200E-02
    0.184475603E-01    0.231606243E-02
    0.191463970E-01    0.235931000E-02
    0.198797729E-01    0.240255757E-02
    0.210545137E-01    0.247174800E-02
    0.223951986E-01    0.254679486E-02
    0.232322342E-01    0.259370300E-02
    0.241101150E-01    0.264061114E-02
    0.255162102E-01    0.271565800E-02
    0.271198290E-01    0.279705605E-02
    0.281211045E-01    0.284793400E-02
    0.291706777E-01    0.289881195E-02
    0.308516354E-01    0.298021000E-02
    0.327673099E-01    0.306849829E-02
    0.339635266E-01    0.312368300E-02
    0.352168100E-01    0.317886771E-02
    0.372238556E-01    0.326715600E-02
    0.395090385E-01    0.336291606E-02
    0.409361086E-01    0.342277100E-02
    0.424304682E-01    0.348262594E-02
    0.448233739E-01    0.357838600E-02
    0.475441027E-01    0.368225165E-02
    0.492433171E-01    0.374717300E-02
    0.510214883E-01    0.381209435E-02
    0.538686014E-01    0.391596000E-02
    0.570984021E-01    0.402861675E-02
    0.591157644E-01    0.409903300E-02
    0.612248502E-01    0.416944924E-02
    0.646014420E-01    0.428210600E-02
    0.684170811E-01    0.440429722E-02
    0.708006547E-01    0.448067300E-02
    0.732888143E-01    0.455704878E-02
    0.772717716E-01    0.467924000E-02
    0.795075832E-01    0.474550683E-02
    0.817433949E-01    0.481177367E-02
    0.845371932E-01    0.489462228E-02
    0.874463642E-01    0.497745433E-02
    0.921024684E-01    0.510998800E-02
    0.972754454E-01    0.525373916E-02
    0.100508121E+00    0.534359100E-02
    0.103861190E+00    0.543344284E-02
    0.109226560E+00    0.557719400E-02
    0.115094675E+00    0.573311216E-02
    0.118762750E+00    0.583056900E-02
    0.122545769E+00    0.592802584E-02
    0.128597379E+00    0.608394400E-02
    0.135074350E+00    0.625305867E-02
    0.135075078E+00    0.625307980E-02
    0.139124902E+00    0.635876400E-02
    0.143270377E+00    0.646446933E-02
    0.149899476E+00    0.663358400E-02
    0.156807781E+00    0.681701206E-02
    0.161129141E+00    0.693166400E-02
    0.165512285E+00    0.704631594E-02
    0.172518744E+00    0.722974400E-02
    0.179609426E+00    0.742869711E-02
    0.184046561E+00    0.755305300E-02
    0.188504754E+00    0.767740889E-02
    0.195628493E+00    0.787636200E-02
    0.202637987E+00    0.809215458E-02
    0.207025815E+00    0.822703600E-02
    0.211396652E+00    0.836191742E-02
    0.218378537E+00    0.857771000E-02
    0.225090429E+00    0.881176662E-02
    0.229293056E+00    0.895806400E-02
    0.233451284E+00    0.910436138E-02
    0.240091966E+00    0.933841800E-02
    0.246373566E+00    0.959228446E-02
    0.250307409E+00    0.975096400E-02
    0.254182647E+00    0.990964354E-02
    0.260370518E+00    0.101635100E-01
    0.266173979E+00    0.104388638E-01
    0.269808644E+00    0.106109740E-01
    0.273381723E+00    0.107830842E-01
    0.279086537E+00    0.110584380E-01
    0.279086811E+00    0.110584679E-01
    0.279087337E+00    0.110584954E-01
    0.284427812E+00    0.113570969E-01
    0.287772818E+00    0.115437740E-01
    0.291060703E+00    0.117304511E-01
    0.296310265E+00    0.120291100E-01
    0.296310518E+00    0.120291424E-01
    0.296311003E+00    0.120291722E-01
    0.301241475E+00    0.123530475E-01
    0.301242031E+00    0.123530880E-01
    0.304329874E+00    0.125555452E-01
    0.307368969E+00    0.127580025E-01
    0.307369821E+00    0.127580754E-01
    0.312222694E+00    0.130819400E-01
    0.316812541E+00    0.134332945E-01
    0.319686657E+00    0.136529090E-01
    0.322521776E+00    0.138725235E-01
    0.327049455E+00    0.142238780E-01
    0.331368305E+00    0.146049706E-01
    0.331368791E+00    0.146050182E-01
    0.334072762E+00    0.148431730E-01
    0.336747431E+00    0.150813754E-01
    0.336748180E+00    0.150814611E-01
    0.341020098E+00    0.154624680E-01
    0.345133690E+00    0.158758156E-01
    0.347709011E+00    0.161341790E-01
    0.350263866E+00    0.163925424E-01
    0.354344898E+00    0.168058900E-01
    0.358309434E+00    0.172542229E-01
    0.360791111E+00    0.175344540E-01
    0.363260042E+00    0.178146851E-01
    0.367204284E+00    0.182630180E-01
    0.371067038E+00    0.187492968E-01
    0.373484741E+00    0.190532460E-01
    0.375896128E+00    0.193571952E-01
    0.379748826E+00    0.198434740E-01
    0.383547602E+00    0.203709115E-01
    0.385925063E+00    0.207005870E-01
    0.388301401E+00    0.210302625E-01
    0.392098426E+00    0.215577000E-01
    0.395862985E+00    0.221297804E-01
    0.395863408E+00    0.221298519E-01
    0.398219149E+00    0.224873957E-01
    0.400577941E+00    0.228449396E-01
    0.400578601E+00    0.228450683E-01
    0.404347610E+00    0.234170200E-01
    0.404347797E+00    0.234170820E-01
    0.404348159E+00    0.234171392E-01
    0.408101514E+00    0.240375173E-01
    0.410450426E+00    0.244253600E-01
    0.412805594E+00    0.248132027E-01
    0.416569317E+00    0.254337000E-01
    0.420329211E+00    0.261067126E-01
    0.422681875E+00    0.265273800E-01
    0.425043328E+00    0.269480474E-01
    0.428817287E+00    0.276210600E-01
    0.432595946E+00    0.283510370E-01
    0.434960240E+00    0.288073556E-01
    0.437335192E+00    0.292635830E-01
    0.441130857E+00    0.299935600E-01
    0.444937322E+00    0.307853258E-01
    0.447318928E+00    0.312802200E-01
    0.449712648E+00    0.317751142E-01
    0.453538499E+00    0.325668800E-01
    0.457378685E+00    0.334256591E-01
    0.459781281E+00    0.339624400E-01
    0.462197173E+00    0.344992209E-01
    0.466058551E+00    0.353580000E-01
    0.469936386E+00    0.362894598E-01
    0.472362461E+00    0.368716700E-01
    0.474802565E+00    0.374538802E-01
    0.478702850E+00    0.383853400E-01
    0.482620559E+00    0.393956404E-01
    0.485071541E+00    0.400271300E-01
    0.487537237E+00    0.406586196E-01
    0.491478439E+00    0.416689200E-01
    0.495436835E+00    0.427647254E-01
    0.497913120E+00    0.434496600E-01
    0.500404683E+00    0.441345946E-01
    0.504387232E+00    0.452304000E-01
    0.504387430E+00    0.452305188E-01
    0.504387814E+00    0.452306284E-01
    0.508386390E+00    0.464189594E-01
    0.510888015E+00    0.471618700E-01
    0.513405315E+00    0.479047806E-01
    0.517429303E+00    0.490933400E-01
    0.521468047E+00    0.503824932E-01
    0.523994471E+00    0.511883606E-01
    0.526536759E+00    0.519940668E-01
    0.526537470E+00    0.519943568E-01
    0.530601256E+00    0.532832200E-01
    0.530601458E+00    0.532833598E-01
    0.530601850E+00    0.532834887E-01
    0.534678388E+00    0.546814836E-01
    0.537228594E+00    0.555554700E-01
    0.539795368E+00    0.564294564E-01
    0.543898713E+00    0.578277200E-01
    0.548012125E+00    0.593443368E-01
    0.550585077E+00    0.602923000E-01
    0.553174995E+00    0.612402632E-01
    0.557315457E+00    0.627568800E-01
    0.561462989E+00    0.644018558E-01
    0.564057184E+00    0.654300500E-01
    0.566668793E+00    0.664582442E-01
    0.570844102E+00    0.681032200E-01
    0.575023377E+00    0.698874222E-01
    0.577637388E+00    0.710026400E-01
    0.580269211E+00    0.721178578E-01
    0.584476983E+00    0.739020600E-01
    0.588685077E+00    0.758372790E-01
    0.591317068E+00    0.770468900E-01
    0.593967435E+00    0.782565010E-01
    0.598204918E+00    0.801917200E-01
    0.602438886E+00    0.822907307E-01
    0.605086965E+00    0.836027200E-01
    0.607754046E+00    0.849147093E-01
    0.612018305E+00    0.870137200E-01
    0.616274643E+00    0.892903867E-01
    0.616275122E+00    0.892906712E-01
    0.618936957E+00    0.907135623E-01
    0.621618477E+00    0.921364533E-01
    0.621619227E+00    0.921369655E-01
    0.625906686E+00    0.944131200E-01
    0.630182334E+00    0.968824821E-01
    0.632856375E+00    0.984259600E-01
    0.635550437E+00    0.999694379E-01
    0.635551190E+00    0.999699934E-01
    0.639858786E+00    0.102438800E+00
    0.644149790E+00    0.105117165E+00
    0.646833392E+00    0.106791280E+00
    0.649538078E+00    0.108465395E+00
    0.653862769E+00    0.111143760E+00
    0.658165044E+00    0.114048813E+00
    0.660855653E+00    0.115864620E+00
    0.663568140E+00    0.117680427E+00
    0.667905403E+00    0.120585480E+00
    0.672214573E+00    0.123736415E+00
    0.674909483E+00    0.125705910E+00
    0.677627237E+00    0.127675406E+00
    0.681972933E+00    0.130826340E+00
    0.686284032E+00    0.134243961E+00
    0.688980091E+00    0.136380150E+00
    0.691700055E+00    0.138516339E+00
    0.696049304E+00    0.141933960E+00
    0.700357248E+00    0.145640846E+00
    0.703051332E+00    0.147957840E+00
    0.705770369E+00    0.150274834E+00
    0.710118193E+00    0.153981720E+00
    0.714417183E+00    0.158002356E+00
    0.717105657E+00    0.160515460E+00
    0.719820387E+00    0.163028564E+00
    0.724161300E+00    0.167049200E+00
    0.728444892E+00    0.171410127E+00
    0.731123676E+00    0.174135930E+00
    0.733830143E+00    0.176861733E+00
    0.738157925E+00    0.181222660E+00
    0.742419244E+00    0.185952695E+00
    0.745084100E+00    0.188909210E+00
    0.747778264E+00    0.191865725E+00
    0.752086332E+00    0.196595760E+00
    0.756317736E+00    0.201726134E+00
    0.758963812E+00    0.204933201E+00
    0.761641120E+00    0.208139626E+00
    0.765922390E+00    0.213270000E+00
    0.770115471E+00    0.218834624E+00
    0.770115943E+00    0.218835320E+00
    0.772737948E+00    0.222312800E+00
    0.775393754E+00    0.225790975E+00
    0.779640535E+00    0.231355600E+00
    0.783787089E+00    0.237391164E+00
    0.786380067E+00    0.241163700E+00
    0.789009341E+00    0.244936236E+00
    0.793213833E+00    0.250971800E+00
    0.797304749E+00    0.257518240E+00
    0.799862937E+00    0.261610100E+00
    0.802461075E+00    0.265701960E+00
    0.806615735E+00    0.272248400E+00
    0.810642112E+00    0.279348853E+00
    0.813159926E+00    0.283787000E+00
    0.815722487E+00    0.288225147E+00
    0.819820240E+00    0.295325600E+00
    0.823774231E+00    0.303027080E+00
    0.826246794E+00    0.307840900E+00
    0.828770594E+00    0.312654720E+00
    0.832806237E+00    0.320356200E+00
    0.836681401E+00    0.328709537E+00
    0.836681837E+00    0.328710581E+00
    0.839105015E+00    0.333931322E+00
    0.841588214E+00    0.339152063E+00
    0.841588907E+00    0.339153943E+00
    0.845559494E+00    0.347505400E+00
    0.849353735E+00    0.356565730E+00
    0.851726596E+00    0.362228900E+00
    0.854171430E+00    0.367892070E+00
    0.858080376E+00    0.376952400E+00
    0.861796253E+00    0.386779536E+00
    0.861796670E+00    0.386780765E+00
    0.864120581E+00    0.392922614E+00
    0.866532893E+00    0.399064464E+00
    0.870389367E+00    0.408891600E+00
    0.874038192E+00    0.419550525E+00
    0.874038601E+00    0.419551858E+00
    0.876320831E+00    0.426212900E+00
    0.878712801E+00    0.432875275E+00
    0.882536295E+00    0.443534200E+00
    0.886140504E+00    0.455095312E+00
    0.888395315E+00    0.462321600E+00
    0.890786976E+00    0.469547888E+00
    0.894609224E+00    0.481109000E+00
    0.898203758E+00    0.493648604E+00
    0.900452939E+00    0.501486500E+00
    0.902872321E+00    0.509324395E+00
    0.906738125E+00    0.521864000E+00
    0.910369847E+00    0.535464925E+00
    0.912642765E+00    0.543966200E+00
    0.915123874E+00    0.552467475E+00
    0.919087502E+00    0.566068400E+00
    0.922808148E+00    0.580820489E+00
    0.925137135E+00    0.590041300E+00
    0.927713215E+00    0.599262111E+00
    0.931827865E+00    0.614014200E+00
    0.935678040E+00    0.630014865E+00
    0.938088527E+00    0.640016100E+00
    0.940779594E+00    0.650017335E+00
    0.945077154E+00    0.666018000E+00
    0.949056272E+00    0.683372960E+00
    0.951547970E+00    0.694220700E+00
    0.954339074E+00    0.705068440E+00
    0.958795428E+00    0.722423400E+00
    0.962812577E+00    0.741247237E+00
    0.965328879E+00    0.753013100E+00
    0.968136068E+00    0.764778963E+00
    0.972616523E+00    0.783602800E+00
    0.976409543E+00    0.804019879E+00
    0.978786490E+00    0.816781600E+00
    0.981403998E+00    0.829543321E+00
    0.985579715E+00    0.849960400E+00
    0.988596642E+00    0.872105548E+00
    0.990488398E+00    0.885948784E+00
    0.992522721E+00    0.899789252E+00
    0.992523284E+00    0.899794234E+00
    0.995766722E+00    0.921934400E+00
    0.997047426E+00    0.945953827E+00
    0.997850861E+00    0.960967200E+00
    0.998679438E+00    0.975980573E+00
    0.100000000E+01    0.100000000E+01
ZONE T="USM3D, grid 3 diagonal cut"
    0.000000000E+00    0.111291917E-08
    0.109355584E-05    0.111303046E-04
    0.355399505E-05    0.361734900E-04
    0.109353127E-04    0.612166754E-04
    0.142159802E-04    0.723469800E-04
    0.211738539E-04    0.854411215E-04
    0.368253848E-04    0.114905886E-03
    0.596746734E-04    0.144364758E-03
    0.698320669E-04    0.157458900E-03
    0.862236600E-04    0.172863377E-03
    0.123092637E-03    0.207523450E-03
    0.170185998E-03    0.242183523E-03
    0.191123457E-03    0.257588000E-03
    0.222033743E-03    0.275710431E-03
    0.291553556E-03    0.316485900E-03
    0.375477306E-03    0.357261369E-03
    0.375495795E-03    0.357271331E-03
    0.412805391E-03    0.375383800E-03
    0.465535301E-03    0.396703800E-03
    0.584121944E-03    0.444673800E-03
    0.722950185E-03    0.492643800E-03
    0.784680967E-03    0.513963800E-03
    0.869676438E-03    0.539045462E-03
    0.106081664E-02    0.595479200E-03
    0.128032152E-02    0.651912938E-03
    0.137793061E-02    0.676994600E-03
    0.151007660E-02    0.706501708E-03
    0.180723488E-02    0.772899338E-03
    0.214408787E-02    0.839283692E-03
    0.229388490E-02    0.868790800E-03
    0.249431488E-02    0.903504154E-03
    0.294500907E-02    0.981609200E-03
    0.345118853E-02    0.105971425E-02
    0.367629448E-02    0.109442760E-02
    0.397492334E-02    0.113526575E-02
    0.464640576E-02    0.122715160E-02
    0.539540218E-02    0.131903745E-02
    0.572850492E-02    0.135987560E-02
    0.616754920E-02    0.140791929E-02
    0.616766566E-02    0.140794091E-02
    0.715479856E-02    0.151602841E-02
    0.825016260E-02    0.162411591E-02
    0.825040484E-02    0.162414232E-02
    0.873746148E-02    0.167215960E-02
    0.873748891E-02    0.167216525E-02
    0.873754304E-02    0.167217005E-02
    0.937652715E-02    0.172867997E-02
    0.108133465E-01    0.185585080E-02
    0.124013001E-01    0.198302163E-02
    0.131075616E-01    0.203954200E-02
    0.140303788E-01    0.210603523E-02
    0.161051757E-01    0.225564500E-02
    0.183910474E-01    0.240525477E-02
    0.194077492E-01    0.247174800E-02
    0.207322060E-01    0.254997292E-02
    0.237099297E-01    0.272597900E-02
    0.269825478E-01    0.290198508E-02
    0.284381755E-01    0.298021000E-02
    0.303294281E-01    0.307223708E-02
    0.345813466E-01    0.327929800E-02
    0.392446187E-01    0.348635892E-02
    0.413188417E-01    0.357838600E-02
    0.440035244E-01    0.368665061E-02
    0.500392475E-01    0.393024600E-02
    0.566415761E-01    0.417384138E-02
    0.595782433E-01    0.428210600E-02
    0.633403551E-01    0.440947246E-02
    0.717993492E-01    0.469604700E-02
    0.809988355E-01    0.498262154E-02
    0.850900157E-01    0.510998800E-02
    0.901778211E-01    0.525982738E-02
    0.101622339E+00    0.559699971E-02
    0.113888260E+00    0.593410461E-02
    0.113890976E+00    0.593418698E-02
    0.119342066E+00    0.608394400E-02
    0.125685285E+00    0.626022092E-02
    0.139966812E+00    0.665684400E-02
    0.154849538E+00    0.705346708E-02
    0.161457789E+00    0.722974400E-02
    0.168393654E+00    0.743712339E-02
    0.184029031E+00    0.790372700E-02
    0.199739818E+00    0.837033061E-02
    0.206706953E+00    0.857771000E-02
    0.213312398E+00    0.882167923E-02
    0.228218140E+00    0.937061000E-02
    0.242767863E+00    0.991954077E-02
    0.249214358E+00    0.101635100E-01
    0.254981158E+00    0.104505254E-01
    0.267999572E+00    0.110963100E-01
    0.280554536E+00    0.117420946E-01
    0.280557325E+00    0.117422524E-01
    0.286117362E+00    0.120291100E-01
    0.286117622E+00    0.120291438E-01
    0.286118100E+00    0.120291725E-01
    0.291058379E+00    0.123667666E-01
    0.291059755E+00    0.123669185E-01
    0.302211202E+00    0.131264940E-01
    0.312993498E+00    0.138862214E-01
    0.317770714E+00    0.142238780E-01
    0.322119392E+00    0.146211106E-01
    0.322120600E+00    0.146212894E-01
    0.331931865E+00    0.155148840E-01
    0.341510280E+00    0.164086574E-01
    0.345755896E+00    0.168058900E-01
    0.349753713E+00    0.172732106E-01
    0.358770026E+00    0.183246820E-01
    0.367669423E+00    0.193761534E-01
    0.371615635E+00    0.198434740E-01
    0.375443468E+00    0.203932503E-01
    0.384073542E+00    0.216302470E-01
    0.392669832E+00    0.228672437E-01
    0.392671740E+00    0.228675459E-01
    0.396483904E+00    0.234170200E-01
    0.396484093E+00    0.234170847E-01
    0.396484443E+00    0.234171396E-01
    0.400260861E+00    0.240637954E-01
    0.408773898E+00    0.255190400E-01
    0.417309083E+00    0.269742846E-01
    0.421095758E+00    0.276210600E-01
    0.424892854E+00    0.283819554E-01
    0.433450641E+00    0.300939700E-01
    0.442064397E+00    0.318059846E-01
    0.445886371E+00    0.325668800E-01
    0.449742537E+00    0.334620277E-01
    0.458432727E+00    0.354761100E-01
    0.467199109E+00    0.374901923E-01
    0.471089047E+00    0.383853400E-01
    0.475022519E+00    0.394384261E-01
    0.483886466E+00    0.418078700E-01
    0.492838278E+00    0.441773138E-01
    0.496810489E+00    0.452304000E-01
    0.496810687E+00    0.452305239E-01
    0.496811058E+00    0.452306292E-01
    0.500826858E+00    0.464692954E-01
    0.509876896E+00    0.492570887E-01
    0.519022535E+00    0.520443246E-01
    0.523080848E+00    0.532832200E-01
    0.523081049E+00    0.532833657E-01
    0.523081428E+00    0.532834896E-01
    0.527177546E+00    0.547407061E-01
    0.527178670E+00    0.547413620E-01
    0.536408962E+00    0.580200500E-01
    0.545741964E+00    0.612993939E-01
    0.549883743E+00    0.627568800E-01
    0.554054462E+00    0.644715231E-01
    0.563452157E+00    0.683294700E-01
    0.572957735E+00    0.721874169E-01
    0.577176242E+00    0.739020600E-01
    0.581411519E+00    0.759192385E-01
    0.590954490E+00    0.804578900E-01
    0.600612463E+00    0.849965415E-01
    0.604898690E+00    0.870137200E-01
    0.609186741E+00    0.893868092E-01
    0.609187917E+00    0.893878770E-01
    0.618848938E+00    0.947267939E-01
    0.628634665E+00    0.100065711E+00
    0.632977735E+00    0.102438800E+00
    0.637305358E+00    0.105230597E+00
    0.647055658E+00    0.111512140E+00
    0.656940469E+00    0.117793683E+00
    0.661327637E+00    0.120585480E+00
    0.665678598E+00    0.123869861E+00
    0.675481126E+00    0.131259720E+00
    0.685431266E+00    0.138649579E+00
    0.689847580E+00    0.141933960E+00
    0.694202886E+00    0.145797843E+00
    0.704014848E+00    0.154491580E+00
    0.713990333E+00    0.163185317E+00
    0.718418027E+00    0.167049200E+00
    0.722754308E+00    0.171594825E+00
    0.732523136E+00    0.181822480E+00
    0.742475493E+00    0.192050135E+00
    0.746892987E+00    0.196595760E+00
    0.751181398E+00    0.201943428E+00
    0.751182571E+00    0.201945834E+00
    0.760842888E+00    0.213975680E+00
    0.770713700E+00    0.226007932E+00
    0.775094988E+00    0.231355600E+00
    0.779300780E+00    0.237646800E+00
    0.788775376E+00    0.251802000E+00
    0.798497631E+00    0.265957200E+00
    0.802812837E+00    0.272248400E+00
    0.806895622E+00    0.279649600E+00
    0.816093363E+00    0.296302300E+00
    0.825602869E+00    0.312955000E+00
    0.829823308E+00    0.320356200E+00
    0.833745354E+00    0.329063308E+00
    0.842581656E+00    0.348654300E+00
    0.851847834E+00    0.368245292E+00
    0.851849886E+00    0.368250079E+00
    0.855960972E+00    0.376952400E+00
    0.859708759E+00    0.387195754E+00
    0.868153591E+00    0.410243300E+00
    0.877249637E+00    0.433290846E+00
    0.881284846E+00    0.443534200E+00
    0.884906455E+00    0.455584938E+00
    0.893068858E+00    0.482701811E+00
    0.902250096E+00    0.509813261E+00
    0.906321412E+00    0.521864000E+00
    0.909956123E+00    0.536040954E+00
    0.918151309E+00    0.567939100E+00
    0.927853354E+00    0.599837246E+00
    0.932152969E+00    0.614014200E+00
    0.935953696E+00    0.630692538E+00
    0.944530567E+00    0.668218800E+00
    0.954998793E+00    0.705745062E+00
    0.959632888E+00    0.722423400E+00
    0.963361662E+00    0.742044477E+00
    0.971790933E+00    0.786191900E+00
    0.981871745E+00    0.830339323E+00
    0.981873960E+00    0.830350109E+00
    0.986327548E+00    0.849960400E+00
    0.988337881E+00    0.873043415E+00
    0.992893139E+00    0.924980200E+00
    0.997824340E+00    0.976916985E+00
    0.997824957E+00    0.976919293E+00
    0.999999984E+00    0.100000000E+01
