title="sliced surface data"
variables="x","y","z","cp","cfx","cfy","cfz"
zone t="xslice 0.4000000E+02 loop 1", i=193, f=point,  solutiontime=  0.303720000000E+05, strandid=1
    0.400000000000000E+02   0.000000000000000E+00   0.500000000000000E+00   0.207044076624935E+00   0.186569905772767E-02   0.505662173987711E-08
  0.691040900656732E-05
    0.400000000000000E+02   0.000000000000000E+00   0.480159953503923E+00   0.207081147324047E+00   0.187498866006362E-02   0.454133852080547E-08
  0.131843600977453E-04
    0.400000000000000E+02   0.000000000000000E+00   0.461106829675924E+00   0.207178061613555E+00   0.190082934132205E-02   0.338700667720865E-08
  0.248492685596386E-04
    0.400000000000000E+02   0.000000000000000E+00   0.442809416528380E+00   0.207312041433657E+00   0.193724974885115E-02   0.214802651958314E-08
  0.339644835590406E-04
    0.400000000000000E+02   0.000000000000000E+00   0.425237740045602E+00   0.207458540705807E+00   0.197746917180785E-02   0.115693106832339E-08
  0.404309211620777E-04
    0.400000000000000E+02   0.000000000000000E+00   0.408363015081715E+00   0.207600428362722E+00   0.201610539543003E-02   0.601079840211673E-09
  0.447142156240166E-04
    0.400000000000000E+02   0.000000000000000E+00   0.392157598206102E+00   0.207729944400548E+00   0.205010342591411E-02   0.354625318906474E-09
  0.475001413348609E-04
    0.400000000000000E+02   0.000000000000000E+00   0.376594942419153E+00   0.207845698434850E+00   0.207840592666603E-02   0.242662292976235E-09
  0.493842859747969E-04
    0.400000000000000E+02   0.000000000000000E+00   0.361649553664141E+00   0.207949009878297E+00   0.210110390903028E-02   0.169455900508625E-09
  0.507545922757076E-04
    0.400000000000000E+02   0.000000000000000E+00   0.347296949063983E+00   0.208041814823213E+00   0.211873705356619E-02   0.106255398364640E-09
  0.518196124099606E-04
    0.400000000000000E+02   0.000000000000000E+00   0.333513616814471E+00   0.208125865972526E+00   0.213192687027440E-02   0.480702905316020E-10
  0.526795832048917E-04
    0.400000000000000E+02   0.000000000000000E+00   0.320276977668265E+00   0.208202571335999E+00   0.214124446034597E-02  -0.536529185944225E-11
  0.533823674196792E-04
    0.400000000000000E+02   0.000000000000000E+00   0.307565347946573E+00   0.208273033526670E+00   0.214718468292943E-02  -0.544841140012907E-10
  0.539540495830508E-04
    0.400000000000000E+02   0.000000000000000E+00   0.295357904017898E+00   0.208338123386012E+00   0.215017324308041E-02  -0.998866789343270E-10
  0.544122888979831E-04
    0.400000000000000E+02   0.000000000000000E+00   0.283634648185686E+00   0.208398540921180E+00   0.215057856230809E-02  -0.142040125254981E-09
  0.547712804288864E-04
    0.400000000000000E+02   0.000000000000000E+00   0.272376375928981E+00   0.208454859959850E+00   0.214872157700375E-02  -0.181291286049378E-09
  0.550433819680987E-04
    0.400000000000000E+02   0.000000000000000E+00   0.261564644442424E+00   0.208507559224576E+00   0.214488332690203E-02  -0.217970758682313E-09
  0.552395996287416E-04
    0.400000000000000E+02   0.000000000000000E+00   0.251181742424061E+00   0.208557043353654E+00   0.213931084573768E-02  -0.252316620166441E-09
  0.553697491648979E-04
    0.400000000000000E+02   0.000000000000000E+00   0.241210661061472E+00   0.208603658337691E+00   0.213222157263569E-02  -0.284512928332913E-09
  0.554425395716468E-04
    0.400000000000000E+02   0.000000000000000E+00   0.231635066168683E+00   0.208647703096649E+00   0.212380678887431E-02  -0.314807167309620E-09
  0.554656126591588E-04
    0.400000000000000E+02   0.000000000000000E+00   0.222439271428222E+00   0.208689437508193E+00   0.211423454188207E-02  -0.343521322449937E-09
  0.554455626291622E-04
    0.400000000000000E+02   0.000000000000000E+00   0.213608212694485E+00   0.208729088244534E+00   0.210365220721450E-02  -0.371002533489468E-09
  0.553879761886203E-04
    0.400000000000000E+02   0.000000000000000E+00   0.205127423316318E+00   0.208766853213148E+00   0.209218876099792E-02  -0.397587927696025E-09
  0.552975060405077E-04
    0.400000000000000E+02   0.000000000000000E+00   0.196983010438383E+00   0.208802905132437E+00   0.207995683089738E-02  -0.423611039428935E-09
  0.551779688434422E-04
    0.400000000000000E+02   0.000000000000000E+00   0.189161632242501E+00   0.208837394497711E+00   0.206705456611862E-02  -0.449395670706519E-09
  0.550324564907712E-04
    0.400000000000000E+02   0.000000000000000E+00   0.181650476091670E+00   0.208870452186031E+00   0.205356734922756E-02  -0.475224140179175E-09
  0.548634515269049E-04
    0.400000000000000E+02   0.000000000000000E+00   0.174437237540964E+00   0.208902191776942E+00   0.203956936215173E-02  -0.501341157090548E-09
  0.546729394710807E-04
    0.400000000000000E+02   0.000000000000000E+00   0.167510100180943E+00   0.208932711679918E+00   0.202512501309926E-02  -0.527955230782884E-09
  0.544625128737105E-04
    0.400000000000000E+02   0.000000000000000E+00   0.160857716280523E+00   0.208962097071722E+00   0.201029022895012E-02  -0.555239900036121E-09
  0.542334638465512E-04
    0.400000000000000E+02   0.000000000000000E+00   0.154469188197627E+00   0.208990421695419E+00   0.199511361710009E-02  -0.583335009034927E-09
  0.539868630765066E-04
    0.400000000000000E+02   0.000000000000000E+00   0.148334050527150E+00   0.209017749472833E+00   0.197963750062393E-02  -0.612342112623179E-09
  0.537236249243168E-04
    0.400000000000000E+02   0.000000000000000E+00   0.142442252956989E+00   0.209044135986697E+00   0.196389883271523E-02  -0.642333038934865E-09
  0.534445590233042E-04
    0.400000000000000E+02   0.000000000000000E+00   0.136784143804069E+00   0.209069629787060E+00   0.194792999677756E-02  -0.673359104401675E-09
  0.531504094369630E-04
    0.400000000000000E+02   0.000000000000000E+00   0.131350454203377E+00   0.209094273544600E+00   0.193175950033385E-02  -0.705451106633698E-09
  0.528418832667125E-04
    0.400000000000000E+02   0.000000000000000E+00   0.126132282924122E+00   0.209118105069899E+00   0.191541257238588E-02  -0.738630393040185E-09
  0.525196700952325E-04
    0.400000000000000E+02   0.000000000000000E+00   0.121121081788123E+00   0.209141158178934E+00   0.189891167237630E-02  -0.772911070141920E-09
  0.521844539641419E-04
    0.400000000000000E+02   0.000000000000000E+00   0.116308641666569E+00   0.209163463429574E+00   0.188227692080296E-02  -0.808295937151787E-09
  0.518369198673215E-04
    0.400000000000000E+02   0.000000000000000E+00   0.111687079032179E+00   0.209185048751266E+00   0.186552646156419E-02  -0.844773798606780E-09
  0.514777557681550E-04
    0.400000000000000E+02   0.000000000000000E+00   0.107248823044758E+00   0.209205939959746E+00   0.184867676373604E-02  -0.882346944661140E-09
  0.511076510736452E-04
    0.400000000000000E+02   0.000000000000000E+00   0.102986603148981E+00   0.209226161175132E+00   0.183174287071261E-02  -0.921030588645033E-09
  0.507272927726488E-04
    0.400000000000000E+02   0.000000000000000E+00   0.988934371640884E-01   0.209245735161162E+00   0.181473860477772E-02  -0.960823727333923E-09
  0.503373598969787E-04
    0.400000000000000E+02   0.000000000000000E+00   0.949626198459858E-01   0.209264683587287E+00   0.179767673336738E-02  -0.100175075739847E-08
  0.499385165631760E-04
    0.400000000000000E+02   0.000000000000000E+00   0.911877119030085E-01   0.209283027225370E+00   0.178056910206251E-02  -0.104386863963120E-08
  0.495314040675716E-04
    0.400000000000000E+02   0.000000000000000E+00   0.875625294473579E-01   0.209300786088986E+00   0.176342673937696E-02  -0.108722102496943E-08
  0.491166326828544E-04
    0.400000000000000E+02   0.000000000000000E+00   0.840811338649290E-01   0.209317979521998E+00   0.174625993836268E-02  -0.113185003467532E-08
  0.486947736375065E-04
    0.400000000000000E+02   0.000000000000000E+00   0.807378220869347E-01   0.209334626252605E+00   0.172907831917986E-02  -0.117786707801966E-08
  0.482663514958178E-04
    0.400000000000000E+02   0.000000000000000E+00   0.775271172473894E-01   0.209350744412178E+00   0.171189087585875E-02  -0.122540599265436E-08
  0.478318372722696E-04
    0.400000000000000E+02   0.000000000000000E+00   0.744437597111493E-01   0.209366351530871E+00   0.169470601049677E-02  -0.127458589883329E-08
  0.473916428122522E-04
    0.400000000000000E+02   0.000000000000000E+00   0.714826984578092E-01   0.209381464515861E+00   0.167753155813536E-02  -0.132555955524370E-08
  0.469461168297298E-04
    0.400000000000000E+02   0.000000000000000E+00   0.686390828073441E-01   0.209396099622607E+00   0.166037480516914E-02  -0.137851658246194E-08
  0.464955427987079E-04
    0.400000000000000E+02   0.000000000000000E+00   0.659082544739388E-01   0.209410272423826E+00   0.164324250366756E-02  -0.143365849956565E-08
  0.460401387682746E-04
    0.400000000000000E+02   0.000000000000000E+00   0.632857399349891E-01   0.209423997781452E+00   0.162614088344589E-02  -0.149120181485054E-08
  0.455800590720605E-04
    0.400000000000000E+02   0.000000000000000E+00   0.607672431027748E-01   0.209437289826131E+00   0.160907566331754E-02  -0.155138632177610E-08
  0.451153978513447E-04
    0.400000000000000E+02   0.000000000000000E+00   0.583486382867977E-01   0.209450161946222E+00   0.159205206276260E-02  -0.161445547284263E-08
  0.446461942517365E-04
    0.400000000000000E+02   0.000000000000000E+00   0.560259634352577E-01   0.209462626790792E+00   0.157507481500330E-02  -0.168066510089624E-08
  0.441724389930426E-04
    0.400000000000000E+02   0.000000000000000E+00   0.537954136445938E-01   0.209474696284338E+00   0.155814818212878E-02  -0.175026591487256E-08
  0.436940818808578E-04
    0.400000000000000E+02   0.000000000000000E+00   0.516533349264589E-01   0.209486381655359E+00   0.154127597273137E-02  -0.182351144773050E-08
  0.432110397491650E-04
    0.400000000000000E+02   0.000000000000000E+00   0.495962182219175E-01   0.209497693475618E+00   0.152446156235568E-02  -0.190066771870960E-08
  0.427232041601873E-04
    0.400000000000000E+02   0.000000000000000E+00   0.476206936530593E-01   0.209508641709557E+00   0.150770791665935E-02  -0.198199238990834E-08
  0.422304480346276E-04
    0.400000000000000E+02   0.000000000000000E+00   0.457235250026146E-01   0.209519235766869E+00   0.149101761656441E-02  -0.206775144997940E-08
  0.417326303721934E-04
    0.400000000000000E+02   0.000000000000000E+00   0.439016044125251E-01   0.209529484556046E+00   0.147439288379055E-02  -0.215823811084871E-08
  0.412295983574816E-04
    0.400000000000000E+02   0.000000000000000E+00   0.421519472927885E-01   0.209539396531913E+00   0.145783560392284E-02  -0.225377354448840E-08
  0.407211864986493E-04
    0.400000000000000E+02   0.000000000000000E+00   0.404716874322339E-01   0.209548979732435E+00   0.144134734279465E-02  -0.235472212762146E-08
  0.402072132008545E-04
    0.400000000000000E+02   0.000000000000000E+00   0.388580723032217E-01   0.209558241800207E+00   0.142492935118071E-02  -0.246149818727585E-08
  0.396874763027524E-04
    0.400000000000000E+02   0.000000000000000E+00   0.373084585525739E-01   0.209567189990237E+00   0.140858255322392E-02  -0.257455921644631E-08
  0.391617502978782E-04
    0.400000000000000E+02   0.000000000000000E+00   0.358203076713493E-01   0.209575831167684E+00   0.139230751630970E-02  -0.269437302580393E-08
  0.386297890110342E-04
    0.400000000000000E+02   0.000000000000000E+00   0.343911818363703E-01   0.209584171807426E+00   0.137610440473593E-02  -0.282136095218451E-08
  0.380913378637431E-04
    0.400000000000000E+02   0.000000000000000E+00   0.330187399166882E-01   0.209592218012946E+00   0.135997292596756E-02  -0.295581594099821E-08
  0.375461589830871E-04
    0.400000000000000E+02   0.000000000000000E+00   0.317007336384459E-01   0.209599975571147E+00   0.134391228535510E-02  -0.309780126695610E-08
  0.369940701880084E-04
    0.400000000000000E+02   0.000000000000000E+00   0.304350039018545E-01   0.209607450062371E+00   0.132792117114760E-02  -0.324705276148271E-08
  0.364349953475143E-04
    0.400000000000000E+02   0.000000000000000E+00   0.292194772442515E-01   0.209614647031209E+00   0.131199779403228E-02  -0.340291498284776E-08
  0.358690191831804E-04
    0.400000000000000E+02   0.000000000000000E+00   0.280521624434454E-01   0.209621572218274E+00   0.129614000218174E-02  -0.356434612917385E-08
  0.352964352946714E-04
    0.400000000000000E+02   0.000000000000000E+00   0.269311472557833E-01   0.209628231826956E+00   0.128034548309279E-02  -0.373002164040156E-08
  0.347177733185722E-04
    0.400000000000000E+02   0.000000000000000E+00   0.258545952835980E-01   0.209634632793783E+00   0.126461204809709E-02  -0.389855922105790E-08
  0.341337906433860E-04
    0.400000000000000E+02   0.000000000000000E+00   0.248207429669017E-01   0.209640783009685E+00   0.124893797634240E-02  -0.406886827240598E-08
  0.335454166129486E-04
    0.400000000000000E+02   0.000000000000000E+00   0.238278966944003E-01   0.209646691442862E+00   0.123332237590537E-02  -0.424060150847892E-08
  0.329536428558436E-04
    0.400000000000000E+02   0.000000000000000E+00   0.228744300290936E-01   0.209652368112590E+00   0.121776550475026E-02  -0.441466169067286E-08
  0.323593615194814E-04
    0.400000000000000E+02   0.000000000000000E+00   0.219587810439183E-01   0.209657823884863E+00   0.120226898709285E-02  -0.459370003251940E-08
  0.317631623738796E-04
    0.400000000000000E+02   0.000000000000000E+00   0.210794497630676E-01   0.209663070078441E+00   0.118683586372588E-02  -0.478252856642100E-08
  0.311651083617700E-04
    0.400000000000000E+02   0.000000000000000E+00   0.202349957047970E-01   0.209668117901265E+00   0.117147042850606E-02  -0.498836446866425E-08
  0.305645155617699E-04
    0.400000000000000E+02   0.000000000000000E+00   0.194240355216910E-01   0.209672977760532E+00   0.115617782579754E-02  -0.522085320638773E-08
  0.299597662868631E-04
    0.400000000000000E+02   0.000000000000000E+00   0.186452407345237E-01   0.209677658514181E+00   0.114096341178950E-02  -0.549182973521887E-08
  0.293481826377721E-04
    0.400000000000000E+02   0.000000000000000E+00   0.178973355560032E-01   0.209682166739502E+00   0.112583191192814E-02  -0.581481111058875E-08
  0.287259824259281E-04
    0.400000000000000E+02   0.000000000000000E+00   0.171790948008328E-01   0.209686506102524E+00   0.111078643263181E-02  -0.620425173988946E-08
  0.280883306585788E-04
    0.400000000000000E+02   0.000000000000000E+00   0.164893418786666E-01   0.209690676895486E+00   0.109582740422753E-02  -0.667461703530221E-08
  0.274294893213101E-04
    0.400000000000000E+02   0.000000000000000E+00   0.158269468666710E-01   0.209694675798987E+00   0.108095154144271E-02  -0.723935433033575E-08
  0.267430576238329E-04
    0.400000000000000E+02   0.000000000000000E+00   0.151908246585350E-01   0.209698495894708E+00   0.106615090725245E-02  -0.790984924799239E-08
  0.260222855719650E-04
    0.400000000000000E+02   0.000000000000000E+00   0.145799331868968E-01   0.209702126936319E+00   0.105141215656004E-02  -0.869444949623105E-08
  0.252604370257763E-04
    0.400000000000000E+02   0.000000000000000E+00   0.139932717162748E-01   0.209705555852603E+00   0.103671602057264E-02  -0.959762783505106E-08
  0.244511749941921E-04
    0.400000000000000E+02   0.000000000000000E+00   0.134298792037074E-01   0.209708767447989E+00   0.102203707388620E-02  -0.106193335561991E-07
  0.235889417657900E-04
    0.400000000000000E+02   0.000000000000000E+00   0.128888327244140E-01   0.209711745239503E+00   0.100734380720616E-02  -0.117545567911695E-07
  0.226693092989194E-04
    0.400000000000000E+02   0.000000000000000E+00   0.123692459599011E-01   0.209714472374874E+00   0.992599011689436E-03  -0.129931088407127E-07
  0.216892802762405E-04
    0.400000000000000E+02   0.000000000000000E+00   0.118702677460337E-01   0.209716932565296E+00   0.977760467365449E-03  -0.143195952402219E-07
  0.206475263184284E-04
    0.400000000000000E+02   0.000000000000000E+00   0.113910806786963E-01   0.209719110981346E+00   0.962781918091250E-03  -0.157135607556259E-07
  0.195445560944242E-04
    0.400000000000000E+02   0.000000000000000E+00   0.109308997747572E-01   0.209720995063531E+00   0.947614308115640E-03  -0.171497727177520E-07
  0.183828115093987E-04
    0.400000000000000E+02   0.000000000000000E+00   0.104889711861438E-01   0.209722575214805E+00   0.932207249011763E-03  -0.185986358049966E-07
  0.171666943167376E-04
    0.400000000000000E+02   0.000000000000000E+00   0.100645709649220E-01   0.209723845352784E+00   0.916510678785013E-03  -0.200267060098930E-07
  0.159025278385755E-04
    0.400000000000000E+02   0.000000000000000E+00   0.965700387735635E-02   0.209724803314932E+00   0.900476666037789E-03  -0.213972084007604E-07
  0.145984590927662E-04
    0.400000000000000E+02   0.000000000000000E+00   0.926560226500915E-02   0.209725451110662E+00   0.884061300717595E-03  -0.226708475605107E-07
  0.132643060813166E-04
    0.400000000000000E+02   0.000000000000000E+00   0.888972495101158E-02   0.209725795032157E+00   0.867226599815648E-03  -0.238068339741903E-07
  0.119113536000967E-04
    0.400000000000000E+02   0.000000000000000E+00   0.852875618971609E-02   0.209725845629696E+00   0.849942343138903E-03  -0.247639530328472E-07
  0.105520995546043E-04
    0.400000000000000E+02   0.000000000000000E+00   0.818210465800899E-02   0.209725617566102E+00   0.832187743567210E-03  -0.255019440323673E-07
  0.919995320917366E-05
    0.400000000000000E+02   0.000000000000000E+00   0.784920248663106E-02   0.209725129354448E+00   0.813952851017543E-03  -0.259832260586821E-07
  0.786888762419810E-05
    0.400000000000000E+02   0.000000000000000E+00   0.752950432991907E-02   0.209724402994315E+00   0.795239592417810E-03  -0.261747370617225E-07
  0.657305104227953E-05
    0.400000000000000E+02   0.000000000000000E+00   0.722248647244464E-02   0.209723463508867E+00   0.776062363152090E-03  -0.260498366037025E-07
  0.532634607207223E-05
    0.400000000000000E+02   0.000000000000000E+00   0.692764597108663E-02   0.209722338394285E+00   0.756448108998834E-03  -0.255903073166311E-07
  0.414199052743792E-05
    0.400000000000000E+02   0.000000000000000E+00   0.664449983113196E-02   0.209721056989207E+00   0.736435870141206E-03  -0.247880453503943E-07
  0.303207899716950E-05
    0.400000000000000E+02   0.000000000000000E+00   0.637258421505490E-02   0.209719649782251E+00   0.716075797256370E-03  -0.236463394274785E-07
  0.200716846221857E-05
    0.400000000000000E+02   0.000000000000000E+00   0.611145368267891E-02   0.209718147674635E+00   0.695427689641866E-03  -0.221805791693783E-07
  0.107591338441143E-05
    0.400000000000000E+02   0.000000000000000E+00   0.586068046147621E-02   0.209716581227662E+00   0.674559141882346E-03  -0.204182226054026E-07
  0.244775127639208E-06
    0.400000000000000E+02   0.000000000000000E+00   0.561985374580959E-02   0.209714979922772E+00   0.653543414617821E-03  -0.183979691257214E-07
 -0.482173093068770E-06
    0.400000000000000E+02   0.000000000000000E+00   0.538857902396883E-02   0.209713371471736E+00   0.632457162155765E-03  -0.161681528017560E-07
 -0.110333106367919E-05
    0.400000000000000E+02   0.000000000000000E+00   0.516647743189893E-02   0.209711781205800E+00   0.611378151781003E-03  -0.137845196374321E-07
 -0.161954013980229E-05
    0.400000000000000E+02   0.000000000000000E+00   0.495318513256173E-02   0.209710231576810E+00   0.590383101765282E-03  -0.113073904357066E-07
 -0.203393897502711E-05
    0.400000000000000E+02   0.000000000000000E+00   0.474835271991414E-02   0.209708741790966E+00   0.569545747343357E-03  -0.879869896179134E-08
 -0.235171887813178E-05
    0.400000000000000E+02   0.000000000000000E+00   0.455164464652654E-02   0.209707327584706E+00   0.548935214490499E-03  -0.631901859909288E-08
 -0.257979891981427E-05
    0.400000000000000E+02   0.000000000000000E+00   0.436273867390377E-02   0.209706001152933E+00   0.528614749178073E-03  -0.392466799136209E-08
 -0.272644611771138E-05
    0.400000000000000E+02   0.000000000000000E+00   0.418132534460823E-02   0.209704771212537E+00   0.508640819240597E-03  -0.166543375738802E-08
 -0.280086831020620E-05
    0.400000000000000E+02   0.000000000000000E+00   0.400710747532036E-02   0.209703643192308E+00   0.489062578330368E-03   0.417097308699717E-09
 -0.281280672750647E-05
    0.400000000000000E+02   0.000000000000000E+00   0.383979967000603E-02   0.209702619520850E+00   0.469921659514562E-03   0.229073980997698E-08
 -0.277215224466269E-05
    0.400000000000000E+02   0.000000000000000E+00   0.367912785239328E-02   0.209701699991719E+00   0.451252250976890E-03   0.393319629590224E-08
 -0.268860443547965E-05
    0.400000000000000E+02   0.000000000000000E+00   0.352482881699275E-02   0.209700882168777E+00   0.433081398114082E-03   0.533183368536397E-08
 -0.257138671318286E-05
    0.400000000000000E+02   0.000000000000000E+00   0.337664979792596E-02   0.209700161817380E+00   0.415429474285775E-03   0.648303312291867E-08
 -0.242902480578155E-05
    0.400000000000000E+02   0.000000000000000E+00   0.323434805485544E-02   0.209699533324015E+00   0.398310765299916E-03   0.739115149026196E-08
 -0.226919020928370E-05
    0.400000000000000E+02   0.000000000000000E+00   0.309769047533817E-02   0.209698990100013E+00   0.381734118907077E-03   0.806721617975724E-08
 -0.209860560295686E-05
    0.400000000000000E+02   0.000000000000000E+00   0.296645319295112E-02   0.209698524939863E+00   0.365703618689895E-03   0.852747913540348E-08
 -0.192300573423968E-05
    0.400000000000000E+02   0.000000000000000E+00   0.284042122056305E-02   0.209698130340570E+00   0.350219250524854E-03   0.879202640507748E-08
 -0.174714501966911E-05
    0.400000000000000E+02   0.000000000000000E+00   0.271938809815215E-02   0.209697798762000E+00   0.335277538318263E-03   0.888336054715060E-08
 -0.157484205328050E-05
    0.400000000000000E+02   0.000000000000000E+00   0.260315555459228E-02   0.209697522841038E+00   0.320872133367602E-03   0.882518293987850E-08
 -0.140905115303144E-05
    0.400000000000000E+02   0.000000000000000E+00   0.249153318285397E-02   0.209697295551147E+00   0.306994348119314E-03   0.864136372264928E-08
 -0.125195161271305E-05
    0.400000000000000E+02   0.000000000000000E+00   0.238433812808804E-02   0.209697110318455E+00   0.293633630179831E-03   0.835504657991124E-08
 -0.110504660412446E-05
    0.400000000000000E+02   0.000000000000000E+00   0.228139478808079E-02   0.209696961096039E+00   0.280777976248823E-03   0.798805924981368E-08
 -0.969264942526281E-06
    0.400000000000000E+02   0.000000000000000E+00   0.218253452559026E-02   0.209696842405631E+00   0.268414288297587E-03   0.756042500841971E-08
 -0.845060480277761E-06
    0.400000000000000E+02   0.000000000000000E+00   0.208759539209207E-02   0.209696749350367E+00   0.256528676028508E-03   0.709009155167222E-08
 -0.732505383762212E-06
    0.400000000000000E+02   0.000000000000000E+00   0.199642186248254E-02   0.209696677607322E+00   0.245106710632134E-03   0.659281841343310E-08
 -0.631374827690748E-06
    0.400000000000000E+02   0.000000000000000E+00   0.190886458030428E-02   0.209696623403211E+00   0.234133635267329E-03   0.608207494589839E-08
 -0.541221652505372E-06
    0.400000000000000E+02   0.000000000000000E+00   0.182478011307705E-02   0.209696583479683E+00   0.223594537708476E-03   0.556911916282041E-08
 -0.461440474669477E-06
    0.400000000000000E+02   0.000000000000000E+00   0.174403071733300E-02   0.209696555052162E+00   0.213474490369008E-03   0.506324407376675E-08
 -0.391321381445074E-06
    0.400000000000000E+02   0.000000000000000E+00   0.166648411297134E-02   0.209696535763739E+00   0.203758662517863E-03   0.457184908199177E-08
 -0.330093800097314E-06
    0.400000000000000E+02   0.000000000000000E+00   0.159201326656297E-02   0.209696523638976E+00   0.194432409029442E-03   0.410059363324354E-08
 -0.276961434535109E-06
    0.400000000000000E+02   0.000000000000000E+00   0.152049618324991E-02   0.209696517037919E+00   0.185481339502298E-03   0.365366453716986E-08
 -0.231129302560432E-06
    0.400000000000000E+02   0.000000000000000E+00   0.145181570689866E-02   0.209696514612989E+00   0.176891371086877E-03   0.323397595011325E-08
 -0.191823986939056E-06
    0.400000000000000E+02   0.000000000000000E+00   0.138585932818021E-02   0.209696515267635E+00   0.168648767890991E-03   0.284336112548219E-08
 -0.158308137298071E-06
    0.400000000000000E+02   0.000000000000000E+00   0.132251900026224E-02   0.209696518119974E+00   0.160740169403424E-03   0.248275299180473E-08
 -0.129890268898843E-06
    0.400000000000000E+02   0.000000000000000E+00   0.126169096181150E-02   0.209696522468669E+00   0.153152609995004E-03   0.215234613213793E-08
 -0.105930793174123E-06
    0.400000000000000E+02   0.000000000000000E+00   0.120327556701665E-02   0.209696527764271E+00   0.145873531219763E-03   0.185174628228774E-08
 -0.858450717628963E-07
    0.400000000000000E+02   0.000000000000000E+00   0.114717712235281E-02   0.209696533582039E+00   0.138890788348627E-03   0.158010650353745E-08
 -0.691041634126619E-07
    0.400000000000000E+02   0.000000000000000E+00   0.109330372982069E-02   0.209696539601116E+00   0.132192652320097E-03   0.133623033482275E-08
 -0.552338840989670E-07
    0.400000000000000E+02   0.000000000000000E+00   0.104156713640332E-02   0.209696545583433E+00   0.125767808082178E-03   0.111866996648785E-08
 -0.438126484965333E-07
    0.400000000000000E+02   0.000000000000000E+00   0.991882589493856E-03   0.209696551359388E+00   0.119605350122974E-03   0.925805910797525E-09
 -0.344684737743187E-07
    0.400000000000000E+02   0.000000000000000E+00   0.944168698057582E-03   0.209696556811843E+00   0.113694775839786E-03   0.755913480953559E-09
 -0.268754607856180E-07
    0.400000000000000E+02   0.000000000000000E+00   0.898347299300723E-03   0.209696561867012E+00   0.108025977273971E-03   0.607216459978009E-09
 -0.207499888605615E-07
    0.400000000000000E+02   0.000000000000000E+00   0.854343330627589E-03   0.209696566482349E+00   0.102589231637664E-03   0.477930030941425E-09
 -0.158468085750356E-07
    0.400000000000000E+02   0.000000000000000E+00   0.812084706676346E-03   0.209696570641472E+00   0.973751909750935E-04   0.366294371549269E-09
 -0.119551650943068E-07
    0.400000000000000E+02   0.000000000000000E+00   0.771502201231946E-03   0.209696574344867E+00   0.923748712331300E-04   0.270600964356677E-09
 -0.889505169562119E-08
    0.400000000000000E+02   0.000000000000000E+00   0.732529333822801E-03   0.209696577607856E+00   0.875796409599426E-04   0.189212086300724E-09
 -0.651365740738166E-08
    0.400000000000000E+02   0.000000000000000E+00   0.695102260815401E-03   0.209696580453237E+00   0.829812098054481E-04   0.120575263494113E-09
 -0.468205426976349E-08
    0.400000000000000E+02   0.000000000000000E+00   0.659159670828486E-03   0.209696582911494E+00   0.785716169604746E-04   0.632326969885843E-10
 -0.329214500744810E-08
    0.400000000000000E+02   0.000000000000000E+00   0.624642684295448E-03   0.209696585014702E+00   0.743432196419545E-04   0.158272817644075E-10
 -0.225388559643385E-08
    0.400000000000000E+02   0.000000000000000E+00   0.591494757010417E-03   0.209696586798361E+00   0.702886817075732E-04  -0.228946585208557E-10
 -0.149277791557831E-08
    0.400000000000000E+02   0.000000000000000E+00   0.559661587500038E-03   0.209696588296076E+00   0.664009624641632E-04  -0.540827821242781E-10
 -0.947630412282933E-09
    0.400000000000000E+02   0.000000000000000E+00   0.529091028069187E-03   0.209696589542544E+00   0.626733057188518E-04  -0.787842115798519E-10
 -0.568568440240796E-09
    0.400000000000000E+02   0.000000000000000E+00   0.499732999374920E-03   0.209696590568674E+00   0.590992291098883E-04  -0.979463369638590E-10
 -0.315284654747560E-09
    0.400000000000000E+02   0.000000000000000E+00   0.471539408388698E-03   0.209696591405368E+00   0.556725137445217E-04  -0.112420763822589E-09
 -0.155505037771490E-09
    0.400000000000000E+02   0.000000000000000E+00   0.444464069612508E-03   0.209696592078873E+00   0.523871941639539E-04  -0.122967907163861E-09
 -0.636586879986766E-10
    0.400000000000000E+02   0.000000000000000E+00   0.418462629419817E-03   0.209696592615085E+00   0.492375486497691E-04  -0.130262254438378E-09
 -0.197252294258300E-10
    0.400000000000000E+02   0.000000000000000E+00   0.393492493397414E-03   0.209696593035000E+00   0.462180898821492E-04  -0.134897838146672E-09
 -0.824872022275486E-11
    0.400000000000000E+02   0.000000000000000E+00   0.369512756569122E-03   0.209696593359353E+00   0.433235559573645E-04  -0.137394064003024E-09
 -0.174925416403708E-10
    0.400000000000000E+02   0.000000000000000E+00   0.346484136387069E-03   0.209696593604092E+00   0.405489017704090E-04  -0.138201581934257E-09
 -0.387263636213888E-10
    0.400000000000000E+02   0.000000000000000E+00   0.324368908380747E-03   0.209696593785204E+00   0.378892907680884E-04  -0.137708144318159E-09
 -0.656215860611138E-10
    0.400000000000000E+02   0.000000000000000E+00   0.303130844358449E-03   0.209696593914197E+00   0.353400870784663E-04  -0.136244473247396E-09
 -0.937488617624811E-10
    0.400000000000000E+02   0.000000000000000E+00   0.282735153059844E-03   0.209696594002991E+00   0.328968480243434E-04  -0.134089663940044E-09
 -0.120157193599924E-09
    0.400000000000000E+02   0.000000000000000E+00   0.263148423162465E-03   0.209696594059417E+00   0.305553170316712E-04  -0.131476514141267E-09
 -0.143029984001191E-09
    0.400000000000000E+02   0.000000000000000E+00   0.244338568548754E-03   0.209696594092091E+00   0.283114169487933E-04  -0.128596326347703E-09
 -0.161401167962129E-09
    0.400000000000000E+02   0.000000000000000E+00   0.226274775744000E-03   0.209696594105942E+00   0.261612437998152E-04  -0.125603327403514E-09
 -0.174927925192975E-09
    0.400000000000000E+02   0.000000000000000E+00   0.208927453439060E-03   0.209696594107013E+00   0.241010610061062E-04  -0.122618959522191E-09
 -0.183706231657342E-09
    0.400000000000000E+02   0.000000000000000E+00   0.192268184015186E-03   0.209696594098035E+00   0.221272941254884E-04  -0.119735215409543E-09
 -0.188126024029075E-09
    0.400000000000000E+02   0.000000000000000E+00   0.176269676991528E-03   0.209696594083108E+00   0.202365261813720E-04  -0.117016525720604E-09
 -0.188753955588981E-09
    0.400000000000000E+02   0.000000000000000E+00   0.160905724319076E-03   0.209696594063390E+00   0.184254936878625E-04  -0.114500815464871E-09
 -0.186240871124439E-09
    0.400000000000000E+02   0.000000000000000E+00   0.146151157447786E-03   0.209696594041635E+00   0.166910835280835E-04  -0.112217687977460E-09
 -0.181278655969154E-09
    0.400000000000000E+02   0.000000000000000E+00   0.131981806096576E-03   0.209696594018011E+00   0.150303309226734E-04  -0.110190823071177E-09
 -0.174558314265748E-09
    0.400000000000000E+02   0.000000000000000E+00   0.118374458658629E-03   0.209696593993870E+00   0.134404188531709E-04  -0.108412492482115E-09
 -0.166691821987620E-09
    0.400000000000000E+02   0.000000000000000E+00   0.105306824177169E-03   0.209696593968670E+00   0.119186795169236E-04  -0.106877110175396E-09
 -0.158192571324407E-09
    0.400000000000000E+02   0.000000000000000E+00   0.927574958293947E-04   0.209696593943536E+00   0.104625987559502E-04  -0.105568409159297E-09
 -0.149504135314857E-09
    0.400000000000000E+02   0.000000000000000E+00   0.807059158587669E-04   0.209696593916494E+00   0.906982506387571E-05  -0.104452956996688E-09
 -0.140937593705477E-09
    0.400000000000000E+02   0.000000000000000E+00   0.691323418981971E-04   0.209696593888571E+00   0.773818603956744E-05  -0.103484897071394E-09
 -0.132728505499421E-09
    0.400000000000000E+02   0.000000000000000E+00   0.580178146289730E-04   0.209696593857864E+00   0.646571773389642E-05  -0.102452669182234E-09
 -0.125115222095884E-09
    0.400000000000000E+02   0.000000000000000E+00   0.473441267224376E-04   0.209696593825565E+00   0.525071799721387E-05  -0.101014640821524E-09
 -0.118183060864248E-09
    0.400000000000000E+02   0.000000000000000E+00   0.370937930135463E-04   0.209696593791171E+00   0.409184842911356E-05  -0.993063641176545E-10
 -0.111548086290222E-09
    0.400000000000000E+02   0.000000000000000E+00   0.272500218574401E-04   0.209696593746480E+00   0.298834448993704E-05  -0.984905248069466E-10
 -0.103853411220140E-09
    0.400000000000000E+02   0.000000000000000E+00   0.177966876221130E-04   0.209696593642768E+00   0.194049101572506E-05  -0.966321086503333E-10
 -0.938406083146660E-10
    0.400000000000000E+02   0.000000000000000E+00   0.871830427211271E-05   0.209696593382819E+00   0.950810102516526E-06  -0.625588004564706E-10
 -0.871021783912725E-10
    0.400000000000000E+02   0.000000000000000E+00   0.000000000000000E+00   0.209696592917819E+00   0.461641066875999E-06  -0.291422598328653E-10
 -0.860947301592884E-10
zone t="xslice 0.5000000E+02 loop 1", i=193, f=point,  solutiontime=  0.303720000000E+05, strandid=2
    0.500000000000000E+02   0.000000000000000E+00   0.500000000000000E+00   0.292731358056053E+00   0.184384437712365E-02   0.109423638630982E-07
  0.108994554761031E-04
    0.500000000000000E+02   0.000000000000000E+00   0.480159953503923E+00   0.292842610094167E+00   0.186515738128111E-02   0.693628727695137E-08
  0.195185798584954E-04
    0.500000000000000E+02   0.000000000000000E+00   0.461106829675924E+00   0.293062645718881E+00   0.191692704265661E-02   0.981438826880011E-09
  0.330808880329073E-04
    0.500000000000000E+02   0.000000000000000E+00   0.442809416528380E+00   0.293268348375652E+00   0.197424262886625E-02  -0.690441612517253E-09
  0.395364284534044E-04
    0.500000000000000E+02   0.000000000000000E+00   0.425237740045602E+00   0.293427056993547E+00   0.202190391039407E-02  -0.212352081225778E-09
  0.417698860169637E-04
    0.500000000000000E+02   0.000000000000000E+00   0.408363015081715E+00   0.293548551375676E+00   0.205719410790973E-02   0.150654722477161E-09
  0.425048321854044E-04
    0.500000000000000E+02   0.000000000000000E+00   0.392157598206102E+00   0.293645742977068E+00   0.208248720230224E-02   0.219503094250057E-09
  0.430022710367795E-04
    0.500000000000000E+02   0.000000000000000E+00   0.376594942419153E+00   0.293726809446151E+00   0.210044380755427E-02   0.215078599205382E-09
  0.435846429502325E-04
    0.500000000000000E+02   0.000000000000000E+00   0.361649553664141E+00   0.293796422478097E+00   0.211288926017001E-02   0.208514706649961E-09
  0.442521632226095E-04
    0.500000000000000E+02   0.000000000000000E+00   0.347296949063983E+00   0.293857459223266E+00   0.212098933744414E-02   0.205852532014653E-09
  0.449536023130594E-04
    0.500000000000000E+02   0.000000000000000E+00   0.333513616814471E+00   0.293911876194686E+00   0.212553921119785E-02   0.203364501426920E-09
  0.456530958352491E-04
    0.500000000000000E+02   0.000000000000000E+00   0.320276977668265E+00   0.293961098334959E+00   0.212713148538368E-02   0.199067161862802E-09
  0.463317549499144E-04
    0.500000000000000E+02   0.000000000000000E+00   0.307565347946573E+00   0.294006195508789E+00   0.212623418083751E-02   0.192321988609067E-09
  0.469797377731269E-04
    0.500000000000000E+02   0.000000000000000E+00   0.295357904017898E+00   0.294047983389367E+00   0.212322744983094E-02   0.183138877433107E-09
  0.475912879098830E-04
    0.500000000000000E+02   0.000000000000000E+00   0.283634648185686E+00   0.294087089859419E+00   0.211842425062699E-02   0.171660132928748E-09
  0.481626714009545E-04
    0.500000000000000E+02   0.000000000000000E+00   0.272376375928981E+00   0.294124002199635E+00   0.211208434778947E-02   0.158012414932369E-09
  0.486913915041874E-04
    0.500000000000000E+02   0.000000000000000E+00   0.261564644442424E+00   0.294159100707169E+00   0.210442468328709E-02   0.142263993605917E-09
  0.491758168640081E-04
    0.500000000000000E+02   0.000000000000000E+00   0.251181742424061E+00   0.294192682957191E+00   0.209562729588761E-02   0.124464760670437E-09
  0.496149395757213E-04
    0.500000000000000E+02   0.000000000000000E+00   0.241210661061472E+00   0.294224981585665E+00   0.208584547803954E-02   0.104637938341157E-09
  0.500082038246577E-04
    0.500000000000000E+02   0.000000000000000E+00   0.231635066168683E+00   0.294256177699275E+00   0.207520866965101E-02   0.827992790483787E-10
  0.503553929784074E-04
    0.500000000000000E+02   0.000000000000000E+00   0.222439271428222E+00   0.294286411204123E+00   0.206382641162124E-02   0.589775814888062E-10
  0.506565643216089E-04
    0.500000000000000E+02   0.000000000000000E+00   0.213608212694485E+00   0.294315789100970E+00   0.205179154747897E-02   0.332177644795601E-10
  0.509120142467847E-04
    0.500000000000000E+02   0.000000000000000E+00   0.205127423316318E+00   0.294344392225069E+00   0.203918291675905E-02   0.556248676287523E-11
  0.511222566820520E-04
    0.500000000000000E+02   0.000000000000000E+00   0.196983010438383E+00   0.294372280615298E+00   0.202606774429846E-02  -0.239321264752892E-10
  0.512880099301580E-04
    0.500000000000000E+02   0.000000000000000E+00   0.189161632242501E+00   0.294399497852901E+00   0.201250366922066E-02  -0.551727231867958E-10
  0.514101925473135E-04
    0.500000000000000E+02   0.000000000000000E+00   0.181650476091670E+00   0.294426074844204E+00   0.199854036702683E-02  -0.880497061751661E-10
  0.514899188252775E-04
    0.500000000000000E+02   0.000000000000000E+00   0.174437237540964E+00   0.294452032905782E+00   0.198422089119209E-02  -0.122461566299556E-09
  0.515284848536424E-04
    0.500000000000000E+02   0.000000000000000E+00   0.167510100180943E+00   0.294477386243543E+00   0.196958281470381E-02  -0.158283268961339E-09
  0.515273479536713E-04
    0.500000000000000E+02   0.000000000000000E+00   0.160857716280523E+00   0.294502143969977E+00   0.195465918295208E-02  -0.195391607943981E-09
  0.514881040608898E-04
    0.500000000000000E+02   0.000000000000000E+00   0.154469188197627E+00   0.294526311721140E+00   0.193947930000486E-02  -0.233669220904990E-09
  0.514124637353399E-04
    0.500000000000000E+02   0.000000000000000E+00   0.148334050527150E+00   0.294549892933048E+00   0.192406937304411E-02  -0.273003464539087E-09
  0.513022270484597E-04
    0.500000000000000E+02   0.000000000000000E+00   0.142442252956989E+00   0.294572889837144E+00   0.190845303652815E-02  -0.313295734188858E-09
  0.511592580498061E-04
    0.500000000000000E+02   0.000000000000000E+00   0.136784143804069E+00   0.294595304214244E+00   0.189265177537262E-02  -0.354451675512352E-09
  0.509854596667019E-04
    0.500000000000000E+02   0.000000000000000E+00   0.131350454203377E+00   0.294617137948541E+00   0.187668526441215E-02  -0.396401612003145E-09
  0.507827499122108E-04
    0.500000000000000E+02   0.000000000000000E+00   0.126132282924122E+00   0.294638393423434E+00   0.186057163935435E-02  -0.439060904127244E-09
  0.505530400165858E-04
    0.500000000000000E+02   0.000000000000000E+00   0.121121081788123E+00   0.294659073786660E+00   0.184432771212565E-02  -0.482357938744350E-09
  0.502982148127375E-04
    0.500000000000000E+02   0.000000000000000E+00   0.116308641666569E+00   0.294679183112556E+00   0.182796914138730E-02  -0.526258170229560E-09
  0.500201156014836E-04
    0.500000000000000E+02   0.000000000000000E+00   0.111687079032179E+00   0.294698726480543E+00   0.181151056736367E-02  -0.570739230351931E-09
  0.497205256304004E-04
    0.500000000000000E+02   0.000000000000000E+00   0.107248823044758E+00   0.294717709998045E+00   0.179496571859449E-02  -0.615789130021454E-09
  0.494011581474811E-04
    0.500000000000000E+02   0.000000000000000E+00   0.102986603148981E+00   0.294736140771135E+00   0.177834749671456E-02  -0.661411760737653E-09
  0.490636469078490E-04
    0.500000000000000E+02   0.000000000000000E+00   0.988934371640884E-01   0.294754026848069E+00   0.176166804417155E-02  -0.707625296038323E-09
  0.487095389716986E-04
    0.500000000000000E+02   0.000000000000000E+00   0.949626198459858E-01   0.294771377135852E+00   0.174493879883031E-02  -0.754461261218869E-09
  0.483402895588337E-04
    0.500000000000000E+02   0.000000000000000E+00   0.911877119030085E-01   0.294788201305496E+00   0.172817053857588E-02  -0.801965713088950E-09
  0.479572587633291E-04
    0.500000000000000E+02   0.000000000000000E+00   0.875625294473579E-01   0.294804509685930E+00   0.171137341837251E-02  -0.850198945777023E-09
  0.475617099189521E-04
    0.500000000000000E+02   0.000000000000000E+00   0.840811338649290E-01   0.294820313159582E+00   0.169455700165520E-02  -0.899234779674091E-09
  0.471548093304235E-04
    0.500000000000000E+02   0.000000000000000E+00   0.807378220869347E-01   0.294835623053584E+00   0.167773028745360E-02  -0.949157301955415E-09
  0.467376271624680E-04
    0.500000000000000E+02   0.000000000000000E+00   0.775271172473894E-01   0.294850451039181E+00   0.166090173430719E-02  -0.100006292479330E-08
  0.463111392803602E-04
    0.500000000000000E+02   0.000000000000000E+00   0.744437597111493E-01   0.294864809033789E+00   0.164407928172799E-02  -0.105205664542644E-08
  0.458762298144432E-04
    0.500000000000000E+02   0.000000000000000E+00   0.714826984578092E-01   0.294878709109928E+00   0.162727036976641E-02  -0.110525250163094E-08
  0.454336943383294E-04
    0.500000000000000E+02   0.000000000000000E+00   0.686390828073441E-01   0.294892163411497E+00   0.161048195714191E-02  -0.115980242157499E-08
  0.449842435209486E-04
    0.500000000000000E+02   0.000000000000000E+00   0.659082544739388E-01   0.294905184080474E+00   0.159372053820512E-02  -0.121586485202067E-08
  0.445285070694700E-04
    0.500000000000000E+02   0.000000000000000E+00   0.632857399349891E-01   0.294917783187515E+00   0.157699215886942E-02  -0.127357659106168E-08
  0.440670378977635E-04
    0.500000000000000E+02   0.000000000000000E+00   0.607672431027748E-01   0.294929972674295E+00   0.156030243166639E-02  -0.133310778966889E-08
  0.436003164746444E-04
    0.500000000000000E+02   0.000000000000000E+00   0.583486382867977E-01   0.294941764300725E+00   0.154365655001930E-02  -0.139462982507222E-08
  0.431287552675870E-04
    0.500000000000000E+02   0.000000000000000E+00   0.560259634352577E-01   0.294953169604518E+00   0.152705930176890E-02  -0.145832209357755E-08
  0.426527032494355E-04
    0.500000000000000E+02   0.000000000000000E+00   0.537954136445938E-01   0.294964199860139E+00   0.151051508203644E-02  -0.152441615748827E-08
  0.421724504776770E-04
    0.500000000000000E+02   0.000000000000000E+00   0.516533349264589E-01   0.294974866055589E+00   0.149402790558138E-02  -0.159312047372114E-08
  0.416882327066061E-04
    0.500000000000000E+02   0.000000000000000E+00   0.495962182219175E-01   0.294985178867469E+00   0.147760141887764E-02  -0.166463901538111E-08
  0.412002359589606E-04
    0.500000000000000E+02   0.000000000000000E+00   0.476206936530593E-01   0.294995148646766E+00   0.146123891228348E-02  -0.173920702793698E-08
  0.407086009507745E-04
    0.500000000000000E+02   0.000000000000000E+00   0.457235250026146E-01   0.295004785411182E+00   0.144494333277494E-02  -0.181708219435893E-08
  0.402134270652462E-04
    0.500000000000000E+02   0.000000000000000E+00   0.439016044125251E-01   0.295014098841856E+00   0.142871729758360E-02  -0.189853617619665E-08
  0.397147754127068E-04
    0.500000000000000E+02   0.000000000000000E+00   0.421519472927885E-01   0.295023098283292E+00   0.141256310871039E-02  -0.198385616491963E-08
  0.392126704590187E-04
    0.500000000000000E+02   0.000000000000000E+00   0.404716874322339E-01   0.295031792742665E+00   0.139648276747875E-02  -0.207336124587757E-08
  0.387070996094256E-04
    0.500000000000000E+02   0.000000000000000E+00   0.388580723032217E-01   0.295040190889274E+00   0.138047798703508E-02  -0.216738904671015E-08
  0.381980104371455E-04
    0.500000000000000E+02   0.000000000000000E+00   0.373084585525739E-01   0.295048301040751E+00   0.136455019936380E-02  -0.226638015849730E-08
  0.376853059647374E-04
    0.500000000000000E+02   0.000000000000000E+00   0.358203076713493E-01   0.295056131143171E+00   0.134870055232522E-02  -0.237086882332241E-08
  0.371688392011193E-04
    0.500000000000000E+02   0.000000000000000E+00   0.343911818363703E-01   0.295063688741183E+00   0.133292989219472E-02  -0.248139536349826E-08
  0.366484093887631E-04
    0.500000000000000E+02   0.000000000000000E+00   0.330187399166882E-01   0.295070980936539E+00   0.131723872905803E-02  -0.259854079277626E-08
  0.361237636425490E-04
    0.500000000000000E+02   0.000000000000000E+00   0.317007336384459E-01   0.295078014358189E+00   0.130162718641231E-02  -0.272289989806430E-08
  0.355946079241710E-04
    0.500000000000000E+02   0.000000000000000E+00   0.304350039018545E-01   0.295084795149099E+00   0.128609494226823E-02  -0.285496219802262E-08
  0.350606307319566E-04
    0.500000000000000E+02   0.000000000000000E+00   0.292194772442515E-01   0.295091328991027E+00   0.127064117612091E-02  -0.299498638496408E-08
  0.345215410759342E-04
    0.500000000000000E+02   0.000000000000000E+00   0.280521624434454E-01   0.295097621189994E+00   0.125526454223787E-02  -0.314289083404799E-08
  0.339771187548120E-04
    0.500000000000000E+02   0.000000000000000E+00   0.269311472557833E-01   0.295103676825525E+00   0.123996319259460E-02  -0.329819687214846E-08
  0.334272707707763E-04
    0.500000000000000E+02   0.000000000000000E+00   0.258545952835980E-01   0.295109500962069E+00   0.122473487090819E-02  -0.346005862845358E-08
  0.328720836516166E-04
    0.500000000000000E+02   0.000000000000000E+00   0.248207429669017E-01   0.295115098915835E+00   0.120957709089299E-02  -0.362731104447052E-08
  0.323118579364179E-04
    0.500000000000000E+02   0.000000000000000E+00   0.238278966944003E-01   0.295120476528034E+00   0.119448739722599E-02  -0.379863110482828E-08
  0.317471101339063E-04
    0.500000000000000E+02   0.000000000000000E+00   0.228744300290936E-01   0.295125640407286E+00   0.117946368948444E-02  -0.397294827269766E-08
  0.311785297984987E-04
    0.500000000000000E+02   0.000000000000000E+00   0.219587810439183E-01   0.295130598082343E+00   0.116450457054685E-02  -0.414990086605808E-08
  0.306068844190546E-04
    0.500000000000000E+02   0.000000000000000E+00   0.210794497630676E-01   0.295135358022176E+00   0.114960966530548E-02  -0.433035810243461E-08
  0.300328723523509E-04
    0.500000000000000E+02   0.000000000000000E+00   0.202349957047970E-01   0.295139929480988E+00   0.113477984714740E-02  -0.451692609087596E-08
  0.294569331113892E-04
    0.500000000000000E+02   0.000000000000000E+00   0.194240355216910E-01   0.295144322159070E+00   0.112001731119357E-02  -0.471438076435514E-08
  0.288790332661749E-04
    0.500000000000000E+02   0.000000000000000E+00   0.186452407345237E-01   0.295148545687588E+00   0.110532544525389E-02  -0.493000255539526E-08
  0.282984528384406E-04
    0.500000000000000E+02   0.000000000000000E+00   0.178973355560032E-01   0.295152608984137E+00   0.109070847058447E-02  -0.517358597312354E-08
  0.277136002538155E-04
    0.500000000000000E+02   0.000000000000000E+00   0.171790948008328E-01   0.295156519538161E+00   0.107617085175450E-02  -0.545724960747519E-08
  0.271218832257019E-04
    0.500000000000000E+02   0.000000000000000E+00   0.164893418786666E-01   0.295160282698420E+00   0.106171650390050E-02  -0.579491459576928E-08
  0.265196581592094E-04
    0.500000000000000E+02   0.000000000000000E+00   0.158269468666710E-01   0.295163901053160E+00   0.104734785184858E-02  -0.620149530980936E-08
  0.259022723856376E-04
    0.500000000000000E+02   0.000000000000000E+00   0.151908246585350E-01   0.295167373964766E+00   0.103306481509069E-02  -0.669197549604099E-08
  0.252642031579090E-04
    0.500000000000000E+02   0.000000000000000E+00   0.145799331868968E-01   0.295170697321344E+00   0.101886380296400E-02  -0.728029276944572E-08
  0.245992868079858E-04
    0.500000000000000E+02   0.000000000000000E+00   0.139932717162748E-01   0.295173863535557E+00   0.100473680485227E-02  -0.797822018353899E-08
  0.239010220692456E-04
    0.500000000000000E+02   0.000000000000000E+00   0.134298792037074E-01   0.295176861796052E+00   0.990670651725662E-03  -0.879436205468926E-08
  0.231629244662505E-04
    0.500000000000000E+02   0.000000000000000E+00   0.128888327244140E-01   0.295179678555908E+00   0.976646510148668E-03  -0.973322008527246E-08
  0.223789047973502E-04
    0.500000000000000E+02   0.000000000000000E+00   0.123692459599011E-01   0.295182298218416E+00   0.962639651082643E-03  -0.107944317433186E-07
  0.215436442076033E-04
    0.500000000000000E+02   0.000000000000000E+00   0.118702677460337E-01   0.295184703964131E+00   0.948619516506254E-03  -0.119723418134848E-07
  0.206529410101867E-04
    0.500000000000000E+02   0.000000000000000E+00   0.113910806786963E-01   0.295186878660853E+00   0.934550089558926E-03  -0.132557804401367E-07
  0.197040091692096E-04
    0.500000000000000E+02   0.000000000000000E+00   0.109308997747572E-01   0.295188805795242E+00   0.920390559954151E-03  -0.146280161935759E-07
  0.186957141861154E-04
    0.500000000000000E+02   0.000000000000000E+00   0.104889711861438E-01   0.295190470366407E+00   0.906096266152549E-03  -0.160669311739980E-07
  0.176287385563637E-04
    0.500000000000000E+02   0.000000000000000E+00   0.100645709649220E-01   0.295191859697027E+00   0.891619888569544E-03  -0.175453482323767E-07
  0.165056746664998E-04
    0.500000000000000E+02   0.000000000000000E+00   0.965700387735635E-02   0.295192964125658E+00   0.876912862318778E-03  -0.190314873534352E-07
  0.153310471772039E-04
    0.500000000000000E+02   0.000000000000000E+00   0.926560226500915E-02   0.295193777557819E+00   0.861926971951423E-03  -0.204895346305466E-07
  0.141112695885740E-04
    0.500000000000000E+02   0.000000000000000E+00   0.888972495101158E-02   0.295194297865902E+00   0.846616082971124E-03  -0.218803385229409E-07
  0.128545406007442E-04
    0.500000000000000E+02   0.000000000000000E+00   0.852875618971609E-02   0.295194527135725E+00   0.830937954913411E-03  -0.231622444591672E-07
  0.115706855005049E-04
    0.500000000000000E+02   0.000000000000000E+00   0.818210465800899E-02   0.295194471766014E+00   0.814856068875770E-03  -0.242921159919301E-07
  0.102709466055558E-04
    0.500000000000000E+02   0.000000000000000E+00   0.784920248663106E-02   0.295194142431944E+00   0.798341390016806E-03  -0.252265808955941E-07
  0.896772545714783E-05
    0.500000000000000E+02   0.000000000000000E+00   0.752950432991907E-02   0.295193553920860E+00   0.781373975115301E-03  -0.259235243018239E-07
  0.767427890429345E-05
    0.500000000000000E+02   0.000000000000000E+00   0.722248647244464E-02   0.295192724856886E+00   0.763944329659064E-03  -0.263438313897384E-07
  0.640437186459180E-05
    0.500000000000000E+02   0.000000000000000E+00   0.692764597108663E-02   0.295191677315459E+00   0.746054420804831E-03  -0.264533316002163E-07
  0.517189175361861E-05
    0.500000000000000E+02   0.000000000000000E+00   0.664449983113196E-02   0.295190436347716E+00   0.727718263868180E-03  -0.262248531193286E-07
  0.399043330982286E-05
    0.500000000000000E+02   0.000000000000000E+00   0.637258421505490E-02   0.295189029411573E+00   0.708962021352363E-03  -0.256402394672145E-07
  0.287286724315410E-05
    0.500000000000000E+02   0.000000000000000E+00   0.611145368267891E-02   0.295187485733720E+00   0.689823583824273E-03  -0.246921323357937E-07
  0.183091104457480E-05
    0.500000000000000E+02   0.000000000000000E+00   0.586068046147621E-02   0.295185835604312E+00   0.670351638447098E-03  -0.233853220653377E-07
  0.874724377776388E-06
    0.500000000000000E+02   0.000000000000000E+00   0.561985374580959E-02   0.295184109638485E+00   0.650604269654059E-03  -0.217374927151306E-07
  0.125536617596326E-07
    0.500000000000000E+02   0.000000000000000E+00   0.538857902396883E-02   0.295182338017618E+00   0.630647173402155E-03  -0.197791922130968E-07
 -0.749550032059965E-06
    0.500000000000000E+02   0.000000000000000E+00   0.516647743189893E-02   0.295180549754046E+00   0.610551594469493E-03  -0.175529465947186E-07
 -0.140791897097469E-05
    0.500000000000000E+02   0.000000000000000E+00   0.495318513256173E-02   0.295178771998334E+00   0.590392112589466E-03  -0.151115727214783E-07
 -0.196134807125712E-05
    0.500000000000000E+02   0.000000000000000E+00   0.474835271991414E-02   0.295177029437641E+00   0.570244411331617E-03  -0.125157487284985E-07
 -0.241105924794445E-05
    0.500000000000000E+02   0.000000000000000E+00   0.455164464652654E-02   0.295175343796333E+00   0.550183157632484E-03  -0.983104502187592E-08
 -0.276055360106129E-05
    0.500000000000000E+02   0.000000000000000E+00   0.436273867390377E-02   0.295173733478918E+00   0.530280099124348E-03  -0.712468268491349E-08
 -0.301536350361149E-05
    0.500000000000000E+02   0.000000000000000E+00   0.418132534460823E-02   0.295172213352860E+00   0.510602459571202E-03  -0.446225124507886E-08
 -0.318272437508361E-05
    0.500000000000000E+02   0.000000000000000E+00   0.400710747532036E-02   0.295170794684894E+00   0.491211682533898E-03  -0.190468013200963E-08
 -0.327119106590540E-05
    0.500000000000000E+02   0.000000000000000E+00   0.383979967000603E-02   0.295169485216364E+00   0.472162542384650E-03   0.494313070248048E-09
 -0.329022650574284E-05
    0.500000000000000E+02   0.000000000000000E+00   0.367912785239328E-02   0.295168289365137E+00   0.453502613927244E-03   0.269018694365267E-08
 -0.324978989596218E-05
    0.500000000000000E+02   0.000000000000000E+00   0.352482881699275E-02   0.295167208528468E+00   0.435272069527582E-03   0.464877846765029E-08
 -0.315994874632740E-05
    0.500000000000000E+02   0.000000000000000E+00   0.337664979792596E-02   0.295166241461625E+00   0.417503757080735E-03   0.634678328901855E-08
 -0.303053441853914E-05
    0.500000000000000E+02   0.000000000000000E+00   0.323434805485544E-02   0.295165384701355E+00   0.400223503518773E-03   0.777163956438667E-08
 -0.287085491610741E-05
    0.500000000000000E+02   0.000000000000000E+00   0.309769047533817E-02   0.295164633008109E+00   0.383450586189020E-03   0.892072794162969E-08
 -0.268947244076307E-05
    0.500000000000000E+02   0.000000000000000E+00   0.296645319295112E-02   0.295163979804931E+00   0.367198317055813E-03   0.980020495822687E-08
 -0.249404758216227E-05
    0.500000000000000E+02   0.000000000000000E+00   0.284042122056305E-02   0.295163417588725E+00   0.351474690812481E-03   0.104236090347478E-07
 -0.229124718192266E-05
    0.500000000000000E+02   0.000000000000000E+00   0.271938809815215E-02   0.295162938302644E+00   0.336283056139907E-03   0.108102032469994E-07
 -0.208670916890076E-05
    0.500000000000000E+02   0.000000000000000E+00   0.260315555459228E-02   0.295162533658945E+00   0.321622778224230E-03   0.109833437080401E-07
 -0.188505534026171E-05
    0.500000000000000E+02   0.000000000000000E+00   0.249153318285397E-02   0.295162195408258E+00   0.307489869284673E-03   0.109689529485623E-07
 -0.168994194878485E-05
    0.500000000000000E+02   0.000000000000000E+00   0.238433812808804E-02   0.295161915552635E+00   0.293877571610639E-03   0.107941122751859E-07
 -0.150413778126936E-05
    0.500000000000000E+02   0.000000000000000E+00   0.228139478808079E-02   0.295161686507239E+00   0.280776884103727E-03   0.104859538044976E-07
 -0.132962006086925E-05
    0.500000000000000E+02   0.000000000000000E+00   0.218253452559026E-02   0.295161501214062E+00   0.268177028451755E-03   0.100707446740421E-07
 -0.116767969072200E-05
    0.500000000000000E+02   0.000000000000000E+00   0.208759539209207E-02   0.295161353211727E+00   0.256065854876194E-03   0.957306246338502E-08
 -0.101902887748225E-05
    0.500000000000000E+02   0.000000000000000E+00   0.199642186248254E-02   0.295161236672947E+00   0.244430190041306E-03   0.901531937011584E-08
 -0.883905728333707E-06
    0.500000000000000E+02   0.000000000000000E+00   0.190886458030428E-02   0.295161146411680E+00   0.233256131394540E-03   0.841747634085078E-08
 -0.762171880172384E-06
    0.500000000000000E+02   0.000000000000000E+00   0.182478011307705E-02   0.295161077868361E+00   0.222529293132268E-03   0.779688031561589E-08
 -0.653400664476874E-06
    0.500000000000000E+02   0.000000000000000E+00   0.174403071733300E-02   0.295161027081503E+00   0.212235009352452E-03   0.716833356927729E-08
 -0.556954428476558E-06
    0.500000000000000E+02   0.000000000000000E+00   0.166648411297134E-02   0.295160990645034E+00   0.202358499932861E-03   0.654415269073171E-08
 -0.472050520293052E-06
    0.500000000000000E+02   0.000000000000000E+00   0.159201326656297E-02   0.295160965661736E+00   0.192885004394628E-03   0.593427416915032E-08
 -0.397816150064519E-06
    0.500000000000000E+02   0.000000000000000E+00   0.152049618324991E-02   0.295160949691124E+00   0.183799888584668E-03   0.534646456678351E-08
 -0.333332830071166E-06
    0.500000000000000E+02   0.000000000000000E+00   0.145181570689866E-02   0.295160940699058E+00   0.175088728509803E-03   0.478661957022987E-08
 -0.277671398800835E-06
    0.500000000000000E+02   0.000000000000000E+00   0.138585932818021E-02   0.295160937007452E+00   0.166737375131803E-03   0.425903756471290E-08
 -0.229918725361580E-06
    0.500000000000000E+02   0.000000000000000E+00   0.132251900026224E-02   0.295160937245463E+00   0.158732003423075E-03   0.376650589193355E-08
 -0.189197297451861E-06
    0.500000000000000E+02   0.000000000000000E+00   0.126169096181150E-02   0.295160940306684E+00   0.151059148505968E-03   0.331055715781995E-08
 -0.154678925284046E-06
    0.500000000000000E+02   0.000000000000000E+00   0.120327556701665E-02   0.295160945308658E+00   0.143705731267799E-03   0.289177623991866E-08
 -0.125593582092853E-06
    0.500000000000000E+02   0.000000000000000E+00   0.114717712235281E-02   0.295160951556529E+00   0.136659075459209E-03   0.250994445304514E-08
 -0.101234343686869E-06
    0.500000000000000E+02   0.000000000000000E+00   0.109330372982069E-02   0.295160958512462E+00   0.129906917950215E-03   0.216423868414936E-08
 -0.809593460216872E-07
    0.500000000000000E+02   0.000000000000000E+00   0.104156713640332E-02   0.295160965767713E+00   0.123437413532061E-03   0.185335240150996E-08
 -0.641914928556257E-07
    0.500000000000000E+02   0.000000000000000E+00   0.991882589493856E-03   0.295160973018576E+00   0.117239135407487E-03   0.157557309312243E-08
 -0.504164514647710E-07
    0.500000000000000E+02   0.000000000000000E+00   0.944168698057582E-03   0.295160980046121E+00   0.111301072306169E-03   0.132894304662098E-08
 -0.391794936748018E-07
    0.500000000000000E+02   0.000000000000000E+00   0.898347299300723E-03   0.295160986699319E+00   0.105612622990358E-03   0.111142006679581E-08
 -0.300815977093796E-07
    0.500000000000000E+02   0.000000000000000E+00   0.854343330627589E-03   0.295160992880922E+00   0.100163588771692E-03   0.920834378055431E-09
 -0.227750601409493E-07
    0.500000000000000E+02   0.000000000000000E+00   0.812084706676346E-03   0.295160998534205E+00   0.949441645416496E-04   0.754875436776651E-09
 -0.169589349482637E-07
    0.500000000000000E+02   0.000000000000000E+00   0.771502201231946E-03   0.295161003634279E+00   0.899449287206130E-04   0.611367033752403E-09
 -0.123744565411915E-07
    0.500000000000000E+02   0.000000000000000E+00   0.732529333822801E-03   0.295161008180415E+00   0.851568324504593E-04   0.488214538111419E-09
 -0.880051166172003E-08
    0.500000000000000E+02   0.000000000000000E+00   0.695102260815401E-03   0.295161012188356E+00   0.805711882901829E-04   0.383306750236220E-09
 -0.604938580965700E-08
    0.500000000000000E+02   0.000000000000000E+00   0.659159670828486E-03   0.295161015685452E+00   0.761796586209878E-04   0.294687844125664E-09
 -0.396273949503938E-08
    0.500000000000000E+02   0.000000000000000E+00   0.624642684295448E-03   0.295161018707550E+00   0.719742439245639E-04   0.220528209445851E-09
 -0.240787119133024E-08
    0.500000000000000E+02   0.000000000000000E+00   0.591494757010417E-03   0.295161021294183E+00   0.679472710631754E-04   0.159080265669312E-09
 -0.127434051158859E-08
    0.500000000000000E+02   0.000000000000000E+00   0.559661587500038E-03   0.295161023488009E+00   0.640913816624848E-04   0.108739561016372E-09
 -0.470878584841368E-09
    0.500000000000000E+02   0.000000000000000E+00   0.529091028069187E-03   0.295161025330821E+00   0.603995206759516E-04   0.680385463033443E-10
  0.773662124782589E-10
    0.500000000000000E+02   0.000000000000000E+00   0.499732999374920E-03   0.295161026864683E+00   0.568649251917963E-04   0.356379787500235E-10
  0.431277193510731E-09
    0.500000000000000E+02   0.000000000000000E+00   0.471539408388698E-03   0.295161028128208E+00   0.534811135297601E-04   0.103242442301987E-10
  0.639930110444421E-09
    0.500000000000000E+02   0.000000000000000E+00   0.444464069612508E-03   0.295161029159008E+00   0.502418746641895E-04  -0.899434274971819E-11
  0.742489250639242E-09
    0.500000000000000E+02   0.000000000000000E+00   0.418462629419817E-03   0.295161029989955E+00   0.471412580019076E-04  -0.232930642148453E-10
  0.769854260535871E-09
    0.500000000000000E+02   0.000000000000000E+00   0.393492493397414E-03   0.295161030652607E+00   0.441735635375417E-04  -0.334372473860618E-10
  0.746087212281197E-09
    0.500000000000000E+02   0.000000000000000E+00   0.369512756569122E-03   0.295161031173303E+00   0.413333324051814E-04  -0.401892169679616E-10
  0.689635202457062E-09
    0.500000000000000E+02   0.000000000000000E+00   0.346484136387069E-03   0.295161031577296E+00   0.386153378432537E-04  -0.442157957841486E-10
  0.614377674848184E-09
    0.500000000000000E+02   0.000000000000000E+00   0.324368908380747E-03   0.295161031884604E+00   0.360145765893297E-04  -0.460957536883214E-10
  0.530511045140971E-09
    0.500000000000000E+02   0.000000000000000E+00   0.303130844358449E-03   0.295161032114667E+00   0.335262607232627E-04  -0.463270078381972E-10
  0.445298251320469E-09
    0.500000000000000E+02   0.000000000000000E+00   0.282735153059844E-03   0.295161032281925E+00   0.311458099808467E-04  -0.453345136649987E-10
  0.363691682731446E-09
    0.500000000000000E+02   0.000000000000000E+00   0.263148423162465E-03   0.295161032400852E+00   0.288688445665241E-04  -0.434772559190671E-10
  0.288851431570284E-09
    0.500000000000000E+02   0.000000000000000E+00   0.244338568548754E-03   0.295161032481228E+00   0.266911785032918E-04  -0.410502860190183E-10
  0.222560250238993E-09
    0.500000000000000E+02   0.000000000000000E+00   0.226274775744000E-03   0.295161032533386E+00   0.246088135719985E-04  -0.382837433309757E-10
  0.165607379671367E-09
    0.500000000000000E+02   0.000000000000000E+00   0.208927453439060E-03   0.295161032563610E+00   0.226179339125136E-04  -0.353831779629726E-10
  0.118059218580714E-09
    0.500000000000000E+02   0.000000000000000E+00   0.192268184015186E-03   0.295161032579266E+00   0.207149013885577E-04  -0.325141182039211E-10
  0.794407692241117E-10
    0.500000000000000E+02   0.000000000000000E+00   0.176269676991528E-03   0.295161032583744E+00   0.188962518609440E-04  -0.297804242306566E-10
  0.489500852919192E-10
    0.500000000000000E+02   0.000000000000000E+00   0.160905724319076E-03   0.295161032581882E+00   0.171586925778032E-04  -0.272607511115619E-10
  0.256102310472901E-10
    0.500000000000000E+02   0.000000000000000E+00   0.146151157447786E-03   0.295161032575218E+00   0.154991009872209E-04  -0.249966907028228E-10
  0.837558954956282E-11
    0.500000000000000E+02   0.000000000000000E+00   0.131981806096576E-03   0.295161032566360E+00   0.139145254286793E-04  -0.230272626386607E-10
 -0.378747090578058E-11
    0.500000000000000E+02   0.000000000000000E+00   0.118374458658629E-03   0.295161032557226E+00   0.124021884017445E-04  -0.213895147698132E-10
 -0.119258447597938E-10
    0.500000000000000E+02   0.000000000000000E+00   0.105306824177169E-03   0.295161032548176E+00   0.109594935121967E-04  -0.200769387310840E-10
 -0.169979958367412E-10
    0.500000000000000E+02   0.000000000000000E+00   0.927574958293947E-04   0.295161032539100E+00   0.958403788971506E-05  -0.190665808643229E-10
 -0.197990593210640E-10
    0.500000000000000E+02   0.000000000000000E+00   0.807059158587669E-04   0.295161032531390E+00   0.827363312697538E-05  -0.183274976144184E-10
 -0.210061841767919E-10
    0.500000000000000E+02   0.000000000000000E+00   0.691323418981971E-04   0.295161032523548E+00   0.702634019111818E-05  -0.178075774980642E-10
 -0.211820457287358E-10
    0.500000000000000E+02   0.000000000000000E+00   0.580178146289730E-04   0.295161032516546E+00   0.584052865600996E-05  -0.174380011687489E-10
 -0.207421310347580E-10
    0.500000000000000E+02   0.000000000000000E+00   0.473441267224376E-04   0.295161032509174E+00   0.471498136526428E-05  -0.171436885734834E-10
 -0.199877422510627E-10
    0.500000000000000E+02   0.000000000000000E+00   0.370937930135463E-04   0.295161032502808E+00   0.364909130229269E-05  -0.168639800999809E-10
 -0.190866152702203E-10
    0.500000000000000E+02   0.000000000000000E+00   0.272500218574401E-04   0.295161032494750E+00   0.264326397227692E-05  -0.166804860485319E-10
 -0.179058766234044E-10
    0.500000000000000E+02   0.000000000000000E+00   0.177966876221130E-04   0.295161032476320E+00   0.169982458766853E-05  -0.164021149956804E-10
 -0.163724450951756E-10
    0.500000000000000E+02   0.000000000000000E+00   0.871830427211271E-05   0.295161032423414E+00   0.825281171615452E-06  -0.111700101429338E-10
 -0.167352171098551E-10
    0.500000000000000E+02   0.000000000000000E+00   0.000000000000000E+00   0.295161032322410E+00   0.398350876450849E-06  -0.597972115205963E-11
 -0.179964711225639E-10
