variables="u/ucl","2z/D"
zone, t="FUN3D, Grid 2, vert50"
    0.000000000E+00    0.000000000E+00
    0.105341955E-02    0.862923389E-05
    0.105352548E-02    0.863009700E-05
    0.212850608E-02    0.174357283E-04
    0.212861411E-02    0.174366087E-04
    0.322559779E-02    0.264222435E-04
    0.322570815E-02    0.264231421E-04
    0.434514694E-02    0.355924567E-04
    0.434525916E-02    0.355933735E-04
    0.548761385E-02    0.449501313E-04
    0.548772886E-02    0.449510662E-04
    0.665346952E-02    0.544990908E-04
    0.665358640E-02    0.545000439E-04
    0.784319360E-02    0.642432424E-04
    0.784331281E-02    0.642442174E-04
    0.905727595E-02    0.741865879E-04
    0.905739702E-02    0.741875847E-04
    0.102962172E-01    0.843332018E-04
    0.102963420E-01    0.843342132E-04
    0.115605295E-01    0.946872169E-04
    0.115606561E-01    0.946882501E-04
    0.128507316E-01    0.105252897E-03
    0.128508611E-01    0.105253952E-03
    0.141673554E-01    0.116034549E-03
    0.141674876E-01    0.116035626E-03
    0.155109465E-01    0.127036605E-03
    0.155110806E-01    0.127037711E-03
    0.168820564E-01    0.138263567E-03
    0.168821942E-01    0.138264688E-03
    0.182812531E-01    0.149720014E-03
    0.182813946E-01    0.149721163E-03
    0.197091103E-01    0.161410673E-03
    0.197092555E-01    0.161411837E-03
    0.211662240E-01    0.173340290E-03
    0.211663693E-01    0.173341483E-03
    0.226531886E-01    0.185513767E-03
    0.226533357E-01    0.185514989E-03
    0.241706204E-01    0.197936111E-03
    0.241707731E-01    0.197937348E-03
    0.257191453E-01    0.210612387E-03
    0.257193018E-01    0.210613653E-03
    0.272994023E-01    0.223547773E-03
    0.272995606E-01    0.223549068E-03
    0.289120488E-01    0.236747597E-03
    0.289122108E-01    0.236748922E-03
    0.305577442E-01    0.250217243E-03
    0.305579100E-01    0.250218582E-03
    0.322371721E-01    0.263962254E-03
    0.322373398E-01    0.263963622E-03
    0.339510255E-01    0.277988205E-03
    0.339511968E-01    0.277989602E-03
    0.357000083E-01    0.292300887E-03
    0.357001834E-01    0.292302313E-03
    0.374848433E-01    0.306906150E-03
    0.374850258E-01    0.306907605E-03
    0.393062681E-01    0.321809959E-03
    0.393064506E-01    0.321811443E-03
    0.411650352E-01    0.337018457E-03
    0.411652252E-01    0.337019970E-03
    0.430619083E-01    0.352537812E-03
    0.430621021E-01    0.352539355E-03
    0.449976698E-01    0.368374429E-03
    0.449978635E-01    0.368376001E-03
    0.469731130E-01    0.384534738E-03
    0.469733104E-01    0.384536368E-03
    0.489890538E-01    0.401025434E-03
    0.489892550E-01    0.401027093E-03
    0.510463156E-01    0.417853211E-03
    0.510465242E-01    0.417854899E-03
    0.531457476E-01    0.435024995E-03
    0.531459563E-01    0.435026712E-03
    0.552881993E-01    0.452547800E-03
    0.552884117E-01    0.452549546E-03
    0.574745573E-01    0.470428815E-03
    0.574747808E-01    0.470430590E-03
    0.597057082E-01    0.488675316E-03
    0.597059280E-01    0.488677120E-03
    0.619825534E-01    0.507294841E-03
    0.619827807E-01    0.507296703E-03
    0.643060207E-01    0.526294927E-03
    0.643062517E-01    0.526296848E-03
    0.666770563E-01    0.545683492E-03
    0.666772947E-01    0.545685412E-03
    0.690965951E-01    0.565468334E-03
    0.690968409E-01    0.565470313E-03
    0.715656206E-01    0.585657603E-03
    0.715658739E-01    0.585659640E-03
    0.740851238E-01    0.606259680E-03
    0.740853772E-01    0.606261718E-03
    0.766560957E-01    0.627282774E-03
    0.766563490E-01    0.627284870E-03
    0.792795420E-01    0.648735673E-03
    0.792798027E-01    0.648737827E-03
    0.819564909E-01    0.670627109E-03
    0.819567591E-01    0.670629321E-03
    0.846879780E-01    0.692966045E-03
    0.846882537E-01    0.692968257E-03
    0.874750838E-01    0.715761620E-03
    0.874753594E-01    0.715763890E-03
    0.903188214E-01    0.739023206E-03
    0.903191045E-01    0.739025534E-03
    0.932202935E-01    0.762760232E-03
    0.932205841E-01    0.762762618E-03
    0.961805582E-01    0.786982535E-03
    0.961808637E-01    0.786984980E-03
    0.992007106E-01    0.811700069E-03
    0.992010161E-01    0.811702514E-03
    0.102281831E+00    0.836922729E-03
    0.102282137E+00    0.836925232E-03
    0.105424993E+00    0.862661051E-03
    0.105425306E+00    0.862663612E-03
    0.108631291E+00    0.888925511E-03
    0.108631611E+00    0.888928131E-03
    0.111901790E+00    0.915726880E-03
    0.111902118E+00    0.915729557E-03
    0.115237586E+00    0.943076098E-03
    0.115237922E+00    0.943078834E-03
    0.118639693E+00    0.970984343E-03
    0.118640043E+00    0.970987137E-03
    0.122109190E+00    0.999463256E-03
    0.122109540E+00    0.999466050E-03
    0.125647068E+00    0.102852413E-02
    0.125647426E+00    0.102852704E-02
    0.129254311E+00    0.105817919E-02
    0.129254669E+00    0.105818210E-02
    0.132931873E+00    0.108844030E-02
    0.132932246E+00    0.108844333E-02
    0.136680663E+00    0.111932005E-02
    0.136681035E+00    0.111932319E-02
    0.140501514E+00    0.115083111E-02
    0.140501901E+00    0.115083426E-02
    0.144395247E+00    0.118298631E-02
    0.144395620E+00    0.118298957E-02
    0.148362547E+00    0.121579878E-02
    0.148362950E+00    0.121580204E-02
    0.152404085E+00    0.124928204E-02
    0.152404487E+00    0.124928542E-02
    0.156520367E+00    0.128344970E-02
    0.156520784E+00    0.128345308E-02
    0.160711855E+00    0.131831586E-02
    0.160712272E+00    0.131831935E-02
    0.164978817E+00    0.135389471E-02
    0.164979249E+00    0.135389832E-02
    0.169321477E+00    0.139020092E-02
    0.169321910E+00    0.139020453E-02
    0.173739791E+00    0.142724917E-02
    0.173740223E+00    0.142725289E-02
    0.178233579E+00    0.146505493E-02
    0.178234041E+00    0.146505865E-02
    0.182802543E+00    0.150363334E-02
    0.182803005E+00    0.150363718E-02
    0.187446058E+00    0.154300046E-02
    0.187446505E+00    0.154300442E-02
    0.192163274E+00    0.158317224E-02
    0.192163736E+00    0.158317632E-02
    0.196953133E+00    0.162416534E-02
    0.196953625E+00    0.162416941E-02
    0.201814234E+00    0.166599627E-02
    0.201814741E+00    0.166600046E-02
    0.206744909E+00    0.170868239E-02
    0.206745416E+00    0.170868670E-02
    0.211743116E+00    0.175224117E-02
    0.211743608E+00    0.175224547E-02
    0.216806427E+00    0.179669017E-02
    0.216806948E+00    0.179669459E-02
    0.221932098E+00    0.184204790E-02
    0.221932620E+00    0.184205244E-02
    0.227116942E+00    0.188833277E-02
    0.227117464E+00    0.188833743E-02
    0.232357338E+00    0.193556375E-02
    0.232357860E+00    0.193556852E-02
    0.237649232E+00    0.198376039E-02
    0.237649754E+00    0.198376528E-02
    0.242988139E+00    0.203294214E-02
    0.242988676E+00    0.203294703E-02
    0.248369023E+00    0.208312925E-02
    0.248369589E+00    0.208313437E-02
    0.253786534E+00    0.213434221E-02
    0.253787100E+00    0.213434733E-02
    0.259234786E+00    0.218660245E-02
    0.259235322E+00    0.218660757E-02
    0.264707446E+00    0.223993044E-02
    0.264707982E+00    0.223993580E-02
    0.270197779E+00    0.229434879E-02
    0.270198315E+00    0.229435414E-02
    0.275698692E+00    0.234987959E-02
    0.275699228E+00    0.234988518E-02
    0.281202734E+00    0.240654545E-02
    0.281203300E+00    0.240655104E-02
    0.286702246E+00    0.246436964E-02
    0.286702782E+00    0.246437546E-02
    0.292189241E+00    0.252337614E-02
    0.292189777E+00    0.252338196E-02
    0.297655642E+00    0.258358847E-02
    0.297656208E+00    0.258359453E-02
    0.303093344E+00    0.264503201E-02
    0.303093880E+00    0.264503807E-02
    0.308494210E+00    0.270773121E-02
    0.308494747E+00    0.270773750E-02
    0.313850284E+00    0.277171237E-02
    0.313850820E+00    0.277171866E-02
    0.319153756E+00    0.283700111E-02
    0.319154292E+00    0.283700763E-02
    0.324397117E+00    0.290362467E-02
    0.324397653E+00    0.290363142E-02
    0.329573333E+00    0.297161029E-02
    0.329573840E+00    0.297161704E-02
    0.334675759E+00    0.304098544E-02
    0.334676266E+00    0.304099242E-02
    0.339698225E+00    0.311177899E-02
    0.339698762E+00    0.311178598E-02
    0.344635457E+00    0.318401936E-02
    0.344635934E+00    0.318402657E-02
    0.349482387E+00    0.325773656E-02
    0.349482864E+00    0.325774401E-02
    0.354235023E+00    0.333296089E-02
    0.354235500E+00    0.333296834E-02
    0.358889908E+00    0.340972259E-02
    0.358890384E+00    0.340973027E-02
    0.363444328E+00    0.348805357E-02
    0.363444775E+00    0.348806148E-02
    0.367896289E+00    0.356798596E-02
    0.367896736E+00    0.356799387E-02
    0.372244418E+00    0.364955212E-02
    0.372244865E+00    0.364956027E-02
    0.376488179E+00    0.373278558E-02
    0.376488626E+00    0.373279396E-02
    0.380627453E+00    0.381772080E-02
    0.380627841E+00    0.381772919E-02
    0.384662807E+00    0.390439201E-02
    0.384663224E+00    0.390440063E-02
    0.388595343E+00    0.399283506E-02
    0.388595730E+00    0.399284391E-02
    0.392426550E+00    0.408308581E-02
    0.392426938E+00    0.408309465E-02
    0.396158457E+00    0.417518150E-02
    0.396158814E+00    0.417519081E-02
    0.399793237E+00    0.426915987E-02
    0.399793595E+00    0.426916918E-02
    0.403333634E+00    0.436505908E-02
    0.403333992E+00    0.436506886E-02
    0.406782448E+00    0.446291920E-02
    0.406782806E+00    0.446292898E-02
    0.410142750E+00    0.456277980E-02
    0.410143077E+00    0.456278957E-02
    0.413417637E+00    0.466468092E-02
    0.413417965E+00    0.466469117E-02
    0.416610539E+00    0.476866588E-02
    0.416610867E+00    0.476867613E-02
    0.419724733E+00    0.487477612E-02
    0.419725061E+00    0.487478683E-02
    0.422763675E+00    0.498305587E-02
    0.422764003E+00    0.498306658E-02
    0.425730765E+00    0.509354845E-02
    0.425731063E+00    0.509355962E-02
    0.428629398E+00    0.520629995E-02
    0.428629667E+00    0.520631112E-02
    0.431462824E+00    0.532135600E-02
    0.431463122E+00    0.532136764E-02
    0.434234440E+00    0.543876458E-02
    0.434234709E+00    0.543877622E-02
    0.436947346E+00    0.555857271E-02
    0.436947614E+00    0.555858482E-02
    0.439604729E+00    0.568083022E-02
    0.439604998E+00    0.568084233E-02
    0.442209631E+00    0.580558693E-02
    0.442209840E+00    0.580559950E-02
    0.444764823E+00    0.593289360E-02
    0.444765061E+00    0.593290618E-02
    0.447273195E+00    0.606280286E-02
    0.447273433E+00    0.606281590E-02
    0.449737400E+00    0.619536778E-02
    0.449737638E+00    0.619538082E-02
    0.452160031E+00    0.633064238E-02
    0.452160269E+00    0.633065589E-02
    0.454543531E+00    0.646868208E-02
    0.454543769E+00    0.646869605E-02
    0.456890285E+00    0.660954416E-02
    0.456890523E+00    0.660955813E-02
    0.459202439E+00    0.675328495E-02
    0.459202677E+00    0.675329938E-02
    0.461482108E+00    0.689996500E-02
    0.461482346E+00    0.689997943E-02
    0.463731319E+00    0.704964250E-02
    0.463731557E+00    0.704965740E-02
    0.465952069E+00    0.720238034E-02
    0.465952277E+00    0.720239570E-02
    0.468146026E+00    0.735824043E-02
    0.468146235E+00    0.735825580E-02
    0.470314950E+00    0.751728611E-02
    0.470315129E+00    0.751730194E-02
    0.472460359E+00    0.767958304E-02
    0.472460568E+00    0.767959934E-02
    0.474583924E+00    0.784519780E-02
    0.474584103E+00    0.784521457E-02
    0.476686954E+00    0.801419839E-02
    0.476687163E+00    0.801421516E-02
    0.478770822E+00    0.818665232E-02
    0.478771031E+00    0.818667002E-02
    0.480836838E+00    0.836263318E-02
    0.480837017E+00    0.836265087E-02
    0.482886165E+00    0.854221079E-02
    0.482886344E+00    0.854222849E-02
    0.484919876E+00    0.872545876E-02
    0.484920085E+00    0.872547738E-02
    0.486939162E+00    0.891245343E-02
    0.486939371E+00    0.891247205E-02
    0.488944918E+00    0.910327025E-02
    0.488945126E+00    0.910328887E-02
    0.490938127E+00    0.929798745E-02
    0.490938306E+00    0.929800700E-02
    0.492919654E+00    0.949668605E-02
    0.492919832E+00    0.949670561E-02
    0.494890273E+00    0.969944522E-02
    0.494890481E+00    0.969946571E-02
    0.496850878E+00    0.990634970E-02
    0.496851057E+00    0.990637019E-02
    0.498802096E+00    0.101174833E-01
    0.498802304E+00    0.101175048E-01
    0.500744700E+00    0.103329336E-01
    0.500744939E+00    0.103329551E-01
    0.502679288E+00    0.105527872E-01
    0.502679527E+00    0.105528096E-01
    0.504606485E+00    0.107771354E-01
    0.504606664E+00    0.107771577E-01
    0.506526828E+00    0.110060694E-01
    0.506527007E+00    0.110060927E-01
    0.508440912E+00    0.112396842E-01
    0.508441091E+00    0.112397075E-01
    0.510349214E+00    0.114780730E-01
    0.510349393E+00    0.114780972E-01
    0.512252212E+00    0.117213363E-01
    0.512252390E+00    0.117213605E-01
    0.514150262E+00    0.119695719E-01
    0.514150441E+00    0.119695971E-01
    0.516043961E+00    0.122228824E-01
    0.516044140E+00    0.122229075E-01
    0.517933607E+00    0.124813700E-01
    0.517933845E+00    0.124813961E-01
    0.519819617E+00    0.127451420E-01
    0.519819796E+00    0.127451681E-01
    0.521702230E+00    0.130143063E-01
    0.521702468E+00    0.130143333E-01
    0.523581922E+00    0.132889729E-01
    0.523582101E+00    0.132889999E-01
    0.525458932E+00    0.135692535E-01
    0.525459170E+00    0.135692814E-01
    0.527333617E+00    0.138552627E-01
    0.527333796E+00    0.138552915E-01
    0.529206157E+00    0.141471205E-01
    0.529206335E+00    0.141471494E-01
    0.531076849E+00    0.144449435E-01
    0.531077027E+00    0.144449733E-01
    0.532945991E+00    0.147488536E-01
    0.532946229E+00    0.147488844E-01
    0.534813821E+00    0.150589775E-01
    0.534814000E+00    0.150590083E-01
    0.536680520E+00    0.153754409E-01
    0.536680698E+00    0.153754726E-01
    0.538546264E+00    0.156983733E-01
    0.538546443E+00    0.156984050E-01
    0.540411353E+00    0.160279050E-01
    0.540411591E+00    0.160279386E-01
    0.542275965E+00    0.163641758E-01
    0.542276144E+00    0.163642093E-01
    0.544140160E+00    0.167073198E-01
    0.544140398E+00    0.167073533E-01
    0.546004295E+00    0.170574766E-01
    0.546004474E+00    0.170575120E-01
    0.547868371E+00    0.174147934E-01
    0.547868550E+00    0.174148288E-01
    0.549732626E+00    0.177794118E-01
    0.549732864E+00    0.177794490E-01
    0.551597238E+00    0.181514863E-01
    0.551597416E+00    0.181515235E-01
    0.553462327E+00    0.185311679E-01
    0.553462505E+00    0.185312051E-01
    0.555328011E+00    0.189186074E-01
    0.555328190E+00    0.189186465E-01
    0.557194412E+00    0.193139687E-01
    0.557194591E+00    0.193140078E-01
    0.559061706E+00    0.197174102E-01
    0.559061885E+00    0.197174512E-01
    0.560929954E+00    0.201291014E-01
    0.560930192E+00    0.201291423E-01
    0.562799394E+00    0.205492061E-01
    0.562799573E+00    0.205492489E-01
    0.564670026E+00    0.209778994E-01
    0.564670205E+00    0.209779423E-01
    0.566541970E+00    0.214153566E-01
    0.566542208E+00    0.214153994E-01
    0.568415403E+00    0.218617544E-01
    0.568415642E+00    0.218617991E-01
    0.570290387E+00    0.223172791E-01
    0.570290566E+00    0.223173238E-01
    0.572167039E+00    0.227821153E-01
    0.572167218E+00    0.227821618E-01
    0.574045420E+00    0.232564527E-01
    0.574045658E+00    0.232564993E-01
    0.575925648E+00    0.237404872E-01
    0.575925887E+00    0.237405356E-01
    0.577807903E+00    0.242344141E-01
    0.577808082E+00    0.242344644E-01
    0.579692125E+00    0.247384422E-01
    0.579692304E+00    0.247384924E-01
    0.581578493E+00    0.252527688E-01
    0.581578672E+00    0.252528209E-01
    0.583467126E+00    0.257776137E-01
    0.583467305E+00    0.257776659E-01
    0.585358024E+00    0.263131838E-01
    0.585358203E+00    0.263132379E-01
    0.587251365E+00    0.268597044E-01
    0.587251544E+00    0.268597584E-01
    0.589147210E+00    0.274173953E-01
    0.589147389E+00    0.274174511E-01
    0.591045618E+00    0.279864855E-01
    0.591045797E+00    0.279865432E-01
    0.592946649E+00    0.285672117E-01
    0.592946827E+00    0.285672694E-01
    0.594850421E+00    0.291598067E-01
    0.594850659E+00    0.291598663E-01
    0.596757054E+00    0.297645181E-01
    0.596757233E+00    0.297645778E-01
    0.598666549E+00    0.303815883E-01
    0.598666728E+00    0.303816497E-01
    0.600579083E+00    0.310112722E-01
    0.600579262E+00    0.310113356E-01
    0.602494657E+00    0.316538289E-01
    0.602494836E+00    0.316538923E-01
    0.604413390E+00    0.323095210E-01
    0.604413569E+00    0.323095880E-01
    0.606335342E+00    0.329786167E-01
    0.606335521E+00    0.329786837E-01
    0.608260632E+00    0.336613916E-01
    0.608260751E+00    0.336614586E-01
    0.610189259E+00    0.343581177E-01
    0.610189438E+00    0.343581885E-01
    0.612121403E+00    0.350690931E-01
    0.612121582E+00    0.350691639E-01
    0.614057064E+00    0.357946008E-01
    0.614057303E+00    0.357946716E-01
    0.615996420E+00    0.365349352E-01
    0.615996599E+00    0.365350097E-01
    0.617939472E+00    0.372904055E-01
    0.617939651E+00    0.372904800E-01
    0.619886279E+00    0.380613171E-01
    0.619886458E+00    0.380613953E-01
    0.621837020E+00    0.388479941E-01
    0.621837199E+00    0.388480723E-01
    0.623791635E+00    0.396507457E-01
    0.623791873E+00    0.396508276E-01
    0.625750363E+00    0.404699110E-01
    0.625750601E+00    0.404699929E-01
    0.627713203E+00    0.413058214E-01
    0.627713382E+00    0.413059033E-01
    0.629680216E+00    0.421588123E-01
    0.629680395E+00    0.421588980E-01
    0.631651521E+00    0.430292487E-01
    0.631651699E+00    0.430293344E-01
    0.633627236E+00    0.439174734E-01
    0.633627415E+00    0.439175628E-01
    0.635607302E+00    0.448238589E-01
    0.635607541E+00    0.448239483E-01
    0.637592018E+00    0.457487665E-01
    0.637592196E+00    0.457488596E-01
    0.639581323E+00    0.466925874E-01
    0.639581502E+00    0.466926806E-01
    0.641575336E+00    0.476556979E-01
    0.641575515E+00    0.476557948E-01
    0.643574119E+00    0.486384966E-01
    0.643574297E+00    0.486385934E-01
    0.645577788E+00    0.496413857E-01
    0.645578027E+00    0.496414863E-01
    0.647586465E+00    0.506647788E-01
    0.647586644E+00    0.506648794E-01
    0.649600148E+00    0.517090857E-01
    0.649600327E+00    0.517091900E-01
    0.651619017E+00    0.527747422E-01
    0.651619196E+00    0.527748503E-01
    0.653643072E+00    0.538621880E-01
    0.653643251E+00    0.538622960E-01
    0.655672491E+00    0.549718551E-01
    0.655672669E+00    0.549719669E-01
    0.657707274E+00    0.561042130E-01
    0.657707512E+00    0.561043248E-01
    0.659747601E+00    0.572597124E-01
    0.659747839E+00    0.572598279E-01
    0.661793530E+00    0.584388338E-01
    0.661793768E+00    0.584389530E-01
    0.663845241E+00    0.596420653E-01
    0.663845420E+00    0.596421845E-01
    0.665902674E+00    0.608698837E-01
    0.665902853E+00    0.608700067E-01
    0.667966008E+00    0.621228032E-01
    0.667966127E+00    0.621229298E-01
    0.670035303E+00    0.634013414E-01
    0.670035482E+00    0.634014681E-01
    0.672110617E+00    0.647060052E-01
    0.672110796E+00    0.647061393E-01
    0.674192250E+00    0.660373494E-01
    0.674192369E+00    0.660374835E-01
    0.676280081E+00    0.673959032E-01
    0.676280201E+00    0.673960373E-01
    0.678374231E+00    0.687822252E-01
    0.678374469E+00    0.687823668E-01
    0.680474877E+00    0.701968893E-01
    0.680475116E+00    0.701970309E-01
    0.682582200E+00    0.716404766E-01
    0.682582438E+00    0.716406182E-01
    0.684696257E+00    0.731135607E-01
    0.684696496E+00    0.731137097E-01
    0.686817050E+00    0.746167675E-01
    0.686817288E+00    0.746169165E-01
    0.688944697E+00    0.761506930E-01
    0.688944936E+00    0.761508495E-01
    0.691079378E+00    0.777159855E-01
    0.691079617E+00    0.777161419E-01
    0.693221211E+00    0.793132782E-01
    0.693221450E+00    0.793134347E-01
    0.695370317E+00    0.809432119E-01
    0.695370555E+00    0.809433758E-01
    0.697526753E+00    0.826064721E-01
    0.697526991E+00    0.826066360E-01
    0.699690640E+00    0.843037218E-01
    0.699690878E+00    0.843038932E-01
    0.701862097E+00    0.860356763E-01
    0.701862335E+00    0.860358477E-01
    0.704041183E+00    0.878030285E-01
    0.704041421E+00    0.878032073E-01
    0.706228137E+00    0.896065161E-01
    0.706228375E+00    0.896066949E-01
    0.708423019E+00    0.914468616E-01
    0.708423257E+00    0.914470479E-01
    0.710625946E+00    0.933248401E-01
    0.710626185E+00    0.933250263E-01
    0.712837040E+00    0.952411964E-01
    0.712837279E+00    0.952413902E-01
    0.715056360E+00    0.971967280E-01
    0.715056598E+00    0.971969217E-01
    0.717284203E+00    0.991922319E-01
    0.717284441E+00    0.991924331E-01
    0.719520509E+00    0.101228543E+00
    0.719520748E+00    0.101228744E+00
    0.721765578E+00    0.103306465E+00
    0.721765816E+00    0.103306674E+00
    0.724019349E+00    0.105426870E+00
    0.724019587E+00    0.105427079E+00
    0.726282060E+00    0.107590608E+00
    0.726282299E+00    0.107590824E+00
    0.728553891E+00    0.109798588E+00
    0.728554130E+00    0.109798811E+00
    0.730834842E+00    0.112051703E+00
    0.730835080E+00    0.112051927E+00
    0.733125210E+00    0.114350870E+00
    0.733125448E+00    0.114351101E+00
    0.735424936E+00    0.116697043E+00
    0.735425174E+00    0.116697274E+00
    0.737734377E+00    0.119091175E+00
    0.737734616E+00    0.119091414E+00
    0.740053534E+00    0.121534243E+00
    0.740053773E+00    0.121534489E+00
    0.742382526E+00    0.124027260E+00
    0.742382765E+00    0.124027505E+00
    0.744721532E+00    0.126571223E+00
    0.744721770E+00    0.126571477E+00
    0.747070730E+00    0.129167214E+00
    0.747070968E+00    0.129167467E+00
    0.749430180E+00    0.131816238E+00
    0.749430418E+00    0.131816506E+00
    0.751800179E+00    0.134519443E+00
    0.751800418E+00    0.134519711E+00
    0.754180670E+00    0.137277886E+00
    0.754180908E+00    0.137278169E+00
    0.756571948E+00    0.140092731E+00
    0.756572187E+00    0.140093014E+00
    0.758974135E+00    0.142965108E+00
    0.758974373E+00    0.142965391E+00
    0.761387348E+00    0.145896196E+00
    0.761387587E+00    0.145896494E+00
    0.763811529E+00    0.148887217E+00
    0.763811886E+00    0.148887515E+00
    0.766247213E+00    0.151939377E+00
    0.766247571E+00    0.151939675E+00
    0.768694401E+00    0.155053928E+00
    0.768694699E+00    0.155054241E+00
    0.771153212E+00    0.158232138E+00
    0.771153450E+00    0.158232451E+00
    0.773623645E+00    0.161475316E+00
    0.773623884E+00    0.161475643E+00
    0.776106060E+00    0.164784804E+00
    0.776106298E+00    0.164785132E+00
    0.778600514E+00    0.168161929E+00
    0.778600752E+00    0.168162271E+00
    0.781107128E+00    0.171608090E+00
    0.781107366E+00    0.171608433E+00
    0.783626080E+00    0.175124705E+00
    0.783626318E+00    0.175125063E+00
    0.786157548E+00    0.178713203E+00
    0.786157787E+00    0.178713560E+00
    0.788701534E+00    0.182375058E+00
    0.788701773E+00    0.182375431E+00
    0.791258216E+00    0.186111763E+00
    0.791258454E+00    0.186112136E+00
    0.793827891E+00    0.189924851E+00
    0.793828130E+00    0.189925239E+00
    0.796410382E+00    0.193815902E+00
    0.796410620E+00    0.193816289E+00
    0.799006045E+00    0.197786465E+00
    0.799006283E+00    0.197786868E+00
    0.801614940E+00    0.201838225E+00
    0.801615179E+00    0.201838628E+00
    0.804237127E+00    0.205972791E+00
    0.804237366E+00    0.205973208E+00
    0.806872785E+00    0.210191891E+00
    0.806873024E+00    0.210192308E+00
    0.809521914E+00    0.214497209E+00
    0.809522152E+00    0.214497641E+00
    0.812184632E+00    0.218890563E+00
    0.812184870E+00    0.218890995E+00
    0.814861000E+00    0.223373711E+00
    0.814861238E+00    0.223374158E+00
    0.817551196E+00    0.227948502E+00
    0.817551434E+00    0.227948964E+00
    0.820255160E+00    0.232616827E+00
    0.820255399E+00    0.232617289E+00
    0.822973013E+00    0.237380549E+00
    0.822973251E+00    0.237381026E+00
    0.825704694E+00    0.242241666E+00
    0.825704932E+00    0.242242157E+00
    0.828450262E+00    0.247202173E+00
    0.828450501E+00    0.247202665E+00
    0.831209779E+00    0.252264053E+00
    0.831210017E+00    0.252264559E+00
    0.833983123E+00    0.257429421E+00
    0.833983362E+00    0.257429928E+00
    0.836770356E+00    0.262700379E+00
    0.836770594E+00    0.262700915E+00
    0.839571357E+00    0.268079072E+00
    0.839571595E+00    0.268079609E+00
    0.842386186E+00    0.273567766E+00
    0.842386425E+00    0.273568302E+00
    0.845214546E+00    0.279168576E+00
    0.845214784E+00    0.279169142E+00
    0.848056436E+00    0.284883946E+00
    0.848056674E+00    0.284884512E+00
    0.850911617E+00    0.290716112E+00
    0.850911856E+00    0.290716708E+00
    0.853780091E+00    0.296667516E+00
    0.853780329E+00    0.296668112E+00
    0.856661379E+00    0.302740574E+00
    0.856661618E+00    0.302741170E+00
    0.859555483E+00    0.308937758E+00
    0.859555721E+00    0.308938384E+00
    0.862461925E+00    0.315261632E+00
    0.862462163E+00    0.315262258E+00
    0.865380406E+00    0.321714789E+00
    0.865380764E+00    0.321715444E+00
    0.868310809E+00    0.328299850E+00
    0.868311107E+00    0.328300506E+00
    0.871252477E+00    0.335019529E+00
    0.871252775E+00    0.335020214E+00
    0.874204993E+00    0.341876566E+00
    0.874205351E+00    0.341877252E+00
    0.877167940E+00    0.348873794E+00
    0.877168238E+00    0.348874480E+00
    0.880140662E+00    0.356014013E+00
    0.880140960E+00    0.356014728E+00
    0.883122444E+00    0.363300234E+00
    0.883122802E+00    0.363300949E+00
    0.886112869E+00    0.370735377E+00
    0.886113167E+00    0.370736122E+00
    0.889110982E+00    0.378322512E+00
    0.889111280E+00    0.378323257E+00
    0.892116070E+00    0.386064738E+00
    0.892116368E+00    0.386065513E+00
    0.895127118E+00    0.393965214E+00
    0.895127416E+00    0.393966019E+00
    0.898143292E+00    0.402027219E+00
    0.898143589E+00    0.402028024E+00
    0.901163459E+00    0.410254002E+00
    0.901163757E+00    0.410254836E+00
    0.904186428E+00    0.418648988E+00
    0.904186726E+00    0.418649822E+00
    0.907211065E+00    0.427215546E+00
    0.907211363E+00    0.427216411E+00
    0.910235941E+00    0.435957283E+00
    0.910236299E+00    0.435958147E+00
    0.913259745E+00    0.444877654E+00
    0.913260043E+00    0.444878548E+00
    0.916280806E+00    0.453980386E+00
    0.916281164E+00    0.453981310E+00
    0.919297576E+00    0.463269204E+00
    0.919297874E+00    0.463270128E+00
    0.922308207E+00    0.472747892E+00
    0.922308505E+00    0.472748846E+00
    0.925310850E+00    0.482420355E+00
    0.925311148E+00    0.482421309E+00
    0.928303421E+00    0.492290527E+00
    0.928303778E+00    0.492291510E+00
    0.931283832E+00    0.502362490E+00
    0.931284189E+00    0.502363503E+00
    0.934249699E+00    0.512640297E+00
    0.934249997E+00    0.512641311E+00
    0.937198639E+00    0.523128211E+00
    0.937198997E+00    0.523129284E+00
    0.940128148E+00    0.533830583E+00
    0.940128446E+00    0.533831656E+00
    0.943035424E+00    0.544751704E+00
    0.943035722E+00    0.544752777E+00
    0.945917487E+00    0.555895984E+00
    0.945917785E+00    0.555897117E+00
    0.948771357E+00    0.567268193E+00
    0.948771715E+00    0.567269325E+00
    0.951593936E+00    0.578872800E+00
    0.951594234E+00    0.578873932E+00
    0.954381704E+00    0.590714633E+00
    0.954382062E+00    0.590715826E+00
    0.957131386E+00    0.602798522E+00
    0.957131624E+00    0.602799714E+00
    0.959838867E+00    0.615129471E+00
    0.959839106E+00    0.615130723E+00
    0.962500572E+00    0.627712488E+00
    0.962500811E+00    0.627713740E+00
    0.965112507E+00    0.640552640E+00
    0.965112746E+00    0.640553951E+00
    0.967670321E+00    0.653655350E+00
    0.967670560E+00    0.653656662E+00
    0.970169783E+00    0.667025924E+00
    0.970170021E+00    0.667027235E+00
    0.972606421E+00    0.680669725E+00
    0.972606659E+00    0.680671096E+00
    0.974975586E+00    0.694592535E+00
    0.974975824E+00    0.694593906E+00
    0.977272570E+00    0.708799839E+00
    0.977272809E+00    0.708801269E+00
    0.979492545E+00    0.723297656E+00
    0.979492784E+00    0.723299086E+00
    0.981630325E+00    0.738091767E+00
    0.981630564E+00    0.738093257E+00
    0.983680964E+00    0.753188372E+00
    0.983681202E+00    0.753189862E+00
    0.985639215E+00    0.768593550E+00
    0.985639453E+00    0.768595099E+00
    0.987499773E+00    0.784313619E+00
    0.987499952E+00    0.784315169E+00
    0.989257038E+00    0.800355017E+00
    0.989257216E+00    0.800356626E+00
    0.990905702E+00    0.816724420E+00
    0.990905881E+00    0.816726029E+00
    0.992440045E+00    0.833428383E+00
    0.992440164E+00    0.833430052E+00
    0.993854284E+00    0.850473762E+00
    0.993854463E+00    0.850475490E+00
    0.995142519E+00    0.867867649E+00
    0.995142639E+00    0.867869377E+00
    0.996298492E+00    0.885617018E+00
    0.996298671E+00    0.885618806E+00
    0.997315764E+00    0.903729320E+00
    0.997315824E+00    0.903731108E+00
    0.998187065E+00    0.922211826E+00
    0.998187184E+00    0.922213674E+00
    0.998904944E+00    0.941072106E+00
    0.998905003E+00    0.941074014E+00
    0.999460042E+00    0.960318029E+00
    0.999460101E+00    0.960319936E+00
    0.999836028E+00    0.979957283E+00
    0.999836147E+00    0.979959250E+00
    0.100000000E+01    0.999997973E+00
    0.100000000E+01    0.100000000E+01
zone, t="FUN3D, Grid 3, vert50"
    0.000000000E+00    0.000000000E+00
    0.214353576E-02    0.174348661E-04
    0.214375346E-02    0.174366087E-04
    0.437593507E-02    0.355915581E-04
    0.437616138E-02    0.355933735E-04
    0.670066476E-02    0.544981522E-04
    0.670090038E-02    0.545000439E-04
    0.912155397E-02    0.741856129E-04
    0.912179984E-02    0.741875847E-04
    0.116425939E-01    0.946861983E-04
    0.116428500E-01    0.946882501E-04
    0.142679410E-01    0.116033494E-03
    0.142682074E-01    0.116035626E-03
    0.170019250E-01    0.138262461E-03
    0.170022007E-01    0.138264688E-03
    0.198490564E-01    0.161409524E-03
    0.198493451E-01    0.161411837E-03
    0.228140354E-01    0.185512574E-03
    0.228143353E-01    0.185514989E-03
    0.259017590E-01    0.210611150E-03
    0.259020720E-01    0.210613653E-03
    0.291173216E-01    0.236746302E-03
    0.291176494E-01    0.236748922E-03
    0.324660428E-01    0.263960916E-03
    0.324663818E-01    0.263963622E-03
    0.359534361E-01    0.292299490E-03
    0.359537900E-01    0.292302313E-03
    0.395852700E-01    0.321808504E-03
    0.395856388E-01    0.321811443E-03
    0.433675311E-01    0.352536270E-03
    0.433679149E-01    0.352539355E-03
    0.473064482E-01    0.384533167E-03
    0.473068468E-01    0.384536368E-03
    0.514084920E-01    0.417851581E-03
    0.514089055E-01    0.417854899E-03
    0.556803942E-01    0.452546083E-03
    0.556808226E-01    0.452549546E-03
    0.601291247E-01    0.488673511E-03
    0.601295829E-01    0.488677120E-03
    0.647619367E-01    0.526293065E-03
    0.647624060E-01    0.526296848E-03
    0.695862919E-01    0.565466413E-03
    0.695867836E-01    0.565470313E-03
    0.746099576E-01    0.606257643E-03
    0.746104643E-01    0.606261718E-03
    0.798408762E-01    0.648733578E-03
    0.798414052E-01    0.648737827E-03
    0.852872506E-01    0.692963833E-03
    0.852877945E-01    0.692968257E-03
    0.909574553E-01    0.739020936E-03
    0.909580290E-01    0.739025534E-03
    0.968600363E-01    0.786980207E-03
    0.968606248E-01    0.786984980E-03
    0.103003614E+00    0.836920226E-03
    0.103004239E+00    0.836925232E-03
    0.109396882E+00    0.888922950E-03
    0.109397531E+00    0.888928131E-03
    0.116048470E+00    0.943073421E-03
    0.116049148E+00    0.943078834E-03
    0.122966826E+00    0.999460463E-03
    0.122967526E+00    0.999466050E-03
    0.130160093E+00    0.105817628E-02
    0.130160823E+00    0.105818210E-02
    0.137635902E+00    0.111931702E-02
    0.137636662E+00    0.111932319E-02
    0.145401180E+00    0.118298316E-02
    0.145401970E+00    0.118298957E-02
    0.153461769E+00    0.124927878E-02
    0.153462589E+00    0.124928542E-02
    0.161822155E+00    0.131831248E-02
    0.161823005E+00    0.131831935E-02
    0.170485020E+00    0.139019731E-02
    0.170485884E+00    0.139020453E-02
    0.179450706E+00    0.146505120E-02
    0.179451615E+00    0.146505865E-02
    0.188716665E+00    0.154299661E-02
    0.188717604E+00    0.154300442E-02
    0.198276773E+00    0.162416126E-02
    0.198277742E+00    0.162416941E-02
    0.208120570E+00    0.170867820E-02
    0.208121568E+00    0.170868670E-02
    0.218232557E+00    0.179668574E-02
    0.218233571E+00    0.179669459E-02
    0.228591353E+00    0.188832823E-02
    0.228592411E+00    0.188833743E-02
    0.239169121E+00    0.198375573E-02
    0.239170194E+00    0.198376528E-02
    0.249930948E+00    0.208312436E-02
    0.249932036E+00    0.208313437E-02
    0.260834694E+00    0.218659733E-02
    0.260835797E+00    0.218660757E-02
    0.271831065E+00    0.229434343E-02
    0.271832168E+00    0.229435414E-02
    0.282864511E+00    0.240653986E-02
    0.282865614E+00    0.240655104E-02
    0.293874204E+00    0.252337032E-02
    0.293875307E+00    0.252338196E-02
    0.304796249E+00    0.264502596E-02
    0.304797351E+00    0.264503807E-02
    0.315565973E+00    0.277170609E-02
    0.315567076E+00    0.277171866E-02
    0.326120824E+00    0.290361815E-02
    0.326121897E+00    0.290363142E-02
    0.336403102E+00    0.304097869E-02
    0.336404145E+00    0.304099242E-02
    0.346362770E+00    0.318401237E-02
    0.346363783E+00    0.318402657E-02
    0.355959296E+00    0.333295343E-02
    0.355960250E+00    0.333296834E-02
    0.365163237E+00    0.348804588E-02
    0.365164161E+00    0.348806148E-02
    0.373956263E+00    0.364954420E-02
    0.373957127E+00    0.364956027E-02
    0.382331163E+00    0.381771242E-02
    0.382332027E+00    0.381772919E-02
    0.390290320E+00    0.399282621E-02
    0.390291154E+00    0.399284391E-02
    0.397844523E+00    0.417517265E-02
    0.397845328E+00    0.417519081E-02
    0.405010998E+00    0.436504977E-02
    0.405011773E+00    0.436506886E-02
    0.411811650E+00    0.456277002E-02
    0.411812365E+00    0.456278957E-02
    0.418271512E+00    0.476865563E-02
    0.418272167E+00    0.476867613E-02
    0.424417168E+00    0.498304516E-02
    0.424417794E+00    0.498306658E-02
    0.430275857E+00    0.520628877E-02
    0.430276424E+00    0.520631112E-02
    0.435874313E+00    0.543875294E-02
    0.435874850E+00    0.543877622E-02
    0.441238374E+00    0.568081811E-02
    0.441238940E+00    0.568084233E-02
    0.446392506E+00    0.593288103E-02
    0.446393013E+00    0.593290618E-02
    0.451359272E+00    0.619535474E-02
    0.451359808E+00    0.619538082E-02
    0.456159771E+00    0.646866858E-02
    0.456160247E+00    0.646869605E-02
    0.460812897E+00    0.675327098E-02
    0.460813373E+00    0.675329938E-02
    0.465336055E+00    0.704962760E-02
    0.465336531E+00    0.704965740E-02
    0.469744742E+00    0.735822506E-02
    0.469745189E+00    0.735825580E-02
    0.474052876E+00    0.767956721E-02
    0.474053323E+00    0.767959934E-02
    0.478272855E+00    0.801418163E-02
    0.478273273E+00    0.801421516E-02
    0.482415855E+00    0.836261641E-02
    0.482416242E+00    0.836265087E-02
    0.486491531E+00    0.872544106E-02
    0.486491948E+00    0.872547738E-02
    0.490508735E+00    0.910325069E-02
    0.490509123E+00    0.910328887E-02
    0.494475067E+00    0.949666649E-02
    0.494475454E+00    0.949670561E-02
    0.498397350E+00    0.990632922E-02
    0.498397738E+00    0.990637019E-02
    0.502281666E+00    0.103329122E-01
    0.502282023E+00    0.103329551E-01
    0.506133258E+00    0.107771130E-01
    0.506133616E+00    0.107771577E-01
    0.509956837E+00    0.112396609E-01
    0.509957254E+00    0.112397075E-01
    0.513756633E+00    0.117213121E-01
    0.513756990E+00    0.117213605E-01
    0.517536283E+00    0.122228572E-01
    0.517536640E+00    0.122229075E-01
    0.521298945E+00    0.127451159E-01
    0.521299303E+00    0.127451681E-01
    0.525047660E+00    0.132889459E-01
    0.525048017E+00    0.132889999E-01
    0.528784871E+00    0.138552347E-01
    0.528785229E+00    0.138552915E-01
    0.532512963E+00    0.144449146E-01
    0.532513320E+00    0.144449733E-01
    0.536233902E+00    0.150589468E-01
    0.536234260E+00    0.150590083E-01
    0.539949596E+00    0.156983416E-01
    0.539949954E+00    0.156984050E-01
    0.543661654E+00    0.163641423E-01
    0.543662012E+00    0.163642093E-01
    0.547371566E+00    0.170574430E-01
    0.547371924E+00    0.170575120E-01
    0.551080644E+00    0.177793764E-01
    0.551081002E+00    0.177794490E-01
    0.554790258E+00    0.185311306E-01
    0.554790616E+00    0.185312051E-01
    0.558501363E+00    0.193139296E-01
    0.558501720E+00    0.193140078E-01
    0.562215149E+00    0.201290604E-01
    0.562215507E+00    0.201291423E-01
    0.565932572E+00    0.209778566E-01
    0.565932870E+00    0.209779423E-01
    0.569654405E+00    0.218617115E-01
    0.569654763E+00    0.218617991E-01
    0.573381662E+00    0.227820706E-01
    0.573382020E+00    0.227821618E-01
    0.577115118E+00    0.237404406E-01
    0.577115536E+00    0.237405356E-01
    0.580855608E+00    0.247383919E-01
    0.580855966E+00    0.247384924E-01
    0.584603787E+00    0.257775616E-01
    0.584604144E+00    0.257776659E-01
    0.588360429E+00    0.268596504E-01
    0.588360786E+00    0.268597584E-01
    0.592126250E+00    0.279864315E-01
    0.592126608E+00    0.279865432E-01
    0.595901966E+00    0.291597489E-01
    0.595902324E+00    0.291598663E-01
    0.599688232E+00    0.303815268E-01
    0.599688590E+00    0.303816497E-01
    0.603485823E+00    0.316537656E-01
    0.603486180E+00    0.316538923E-01
    0.607295275E+00    0.329785496E-01
    0.607295632E+00    0.329786837E-01
    0.611117363E+00    0.343580507E-01
    0.611117780E+00    0.343581885E-01
    0.614952862E+00    0.357945263E-01
    0.614953220E+00    0.357946716E-01
    0.618802309E+00    0.372903310E-01
    0.618802726E+00    0.372904800E-01
    0.622666419E+00    0.388479158E-01
    0.622666836E+00    0.388480723E-01
    0.626546025E+00    0.404698290E-01
    0.626546443E+00    0.404699929E-01
    0.630441725E+00    0.421587303E-01
    0.630442083E+00    0.421588980E-01
    0.634354353E+00    0.439173877E-01
    0.634354711E+00    0.439175628E-01
    0.638284445E+00    0.457486771E-01
    0.638284862E+00    0.457488596E-01
    0.642232954E+00    0.476556048E-01
    0.642233312E+00    0.476557948E-01
    0.646200538E+00    0.496412888E-01
    0.646200955E+00    0.496414863E-01
    0.650188029E+00    0.517089851E-01
    0.650188446E+00    0.517091900E-01
    0.654196143E+00    0.538620800E-01
    0.654196560E+00    0.538622960E-01
    0.658225715E+00    0.561041012E-01
    0.658226132E+00    0.561043248E-01
    0.662277639E+00    0.584387183E-01
    0.662277996E+00    0.584389530E-01
    0.666352630E+00    0.608697645E-01
    0.666353047E+00    0.608700067E-01
    0.670451581E+00    0.634012148E-01
    0.670451939E+00    0.634014681E-01
    0.674575329E+00    0.660372227E-01
    0.674575746E+00    0.660374835E-01
    0.678724766E+00    0.687820911E-01
    0.678725123E+00    0.687823668E-01
    0.682900667E+00    0.716403350E-01
    0.682901144E+00    0.716406182E-01
    0.687104225E+00    0.746166185E-01
    0.687104702E+00    0.746169165E-01
    0.691336095E+00    0.777158290E-01
    0.691336513E+00    0.777161419E-01
    0.695597410E+00    0.809430554E-01
    0.695597827E+00    0.809433758E-01
    0.699888885E+00    0.843035579E-01
    0.699889302E+00    0.843038932E-01
    0.704211772E+00    0.878028572E-01
    0.704212189E+00    0.878032073E-01
    0.708566785E+00    0.914466828E-01
    0.708567202E+00    0.914470479E-01
    0.712955177E+00    0.952410102E-01
    0.712955594E+00    0.952413902E-01
    0.717377663E+00    0.991920382E-01
    0.717378139E+00    0.991924331E-01
    0.721835613E+00    0.103306264E+00
    0.721836090E+00    0.103306674E+00
    0.726329863E+00    0.107590400E+00
    0.726330340E+00    0.107590824E+00
    0.730861604E+00    0.112051479E+00
    0.730862081E+00    0.112051927E+00
    0.735431790E+00    0.116696812E+00
    0.735432267E+00    0.116697274E+00
    0.740041733E+00    0.121534005E+00
    0.740042150E+00    0.121534489E+00
    0.744692326E+00    0.126570970E+00
    0.744692683E+00    0.126571477E+00
    0.749384701E+00    0.131815985E+00
    0.749385178E+00    0.131816506E+00
    0.754120112E+00    0.137277618E+00
    0.754120588E+00    0.137278169E+00
    0.758899689E+00    0.142964825E+00
    0.758900166E+00    0.142965391E+00
    0.763724506E+00    0.148886919E+00
    0.763724983E+00    0.148887515E+00
    0.768595755E+00    0.155053631E+00
    0.768596232E+00    0.155054241E+00
    0.773514628E+00    0.161475003E+00
    0.773515105E+00    0.161475643E+00
    0.778482139E+00    0.168161601E+00
    0.778482616E+00    0.168162271E+00
    0.783499301E+00    0.175124362E+00
    0.783499837E+00    0.175125063E+00
    0.788567483E+00    0.182374701E+00
    0.788568020E+00    0.182375431E+00
    0.793687463E+00    0.189924478E+00
    0.793687940E+00    0.189925239E+00
    0.798860252E+00    0.197786078E+00
    0.798860729E+00    0.197786868E+00
    0.804086864E+00    0.205972388E+00
    0.804087341E+00    0.205973208E+00
    0.809368074E+00    0.214496791E+00
    0.809368551E+00    0.214497641E+00
    0.814704359E+00    0.223373264E+00
    0.814704835E+00    0.223374158E+00
    0.820096433E+00    0.232616365E+00
    0.820096970E+00    0.232617289E+00
    0.825544655E+00    0.242241189E+00
    0.825545251E+00    0.242242157E+00
    0.831049204E+00    0.252263546E+00
    0.831049800E+00    0.252264559E+00
    0.836610019E+00    0.262699872E+00
    0.836610556E+00    0.262700915E+00
    0.842226684E+00    0.273567230E+00
    0.842227220E+00    0.273568302E+00
    0.847898424E+00    0.284883380E+00
    0.847899020E+00    0.284884512E+00
    0.853624165E+00    0.296666920E+00
    0.853624702E+00    0.296668112E+00
    0.859402239E+00    0.308937162E+00
    0.859402895E+00    0.308938384E+00
    0.865230620E+00    0.321714163E+00
    0.865231276E+00    0.321715444E+00
    0.871106446E+00    0.335018873E+00
    0.871107101E+00    0.335020214E+00
    0.877026200E+00    0.348873109E+00
    0.877026856E+00    0.348874480E+00
    0.882985711E+00    0.363299519E+00
    0.882986247E+00    0.363300949E+00
    0.888979614E+00    0.378321767E+00
    0.888980210E+00    0.378323257E+00
    0.895001710E+00    0.393964469E+00
    0.895002246E+00    0.393966019E+00
    0.901044249E+00    0.410253197E+00
    0.901044786E+00    0.410254836E+00
    0.907098711E+00    0.427214712E+00
    0.907099247E+00    0.427216411E+00
    0.913154602E+00    0.444876790E+00
    0.913155138E+00    0.444878548E+00
    0.919200003E+00    0.463268280E+00
    0.919200540E+00    0.463270128E+00
    0.925221205E+00    0.482419401E+00
    0.925221741E+00    0.482421309E+00
    0.931202352E+00    0.502361536E+00
    0.931202888E+00    0.502363503E+00
    0.937125742E+00    0.523127198E+00
    0.937126279E+00    0.523129284E+00
    0.942971110E+00    0.544750631E+00
    0.942971647E+00    0.544752777E+00
    0.948715866E+00    0.567267060E+00
    0.948716402E+00    0.567269325E+00
    0.954334974E+00    0.590713501E+00
    0.954335511E+00    0.590715826E+00
    0.959800601E+00    0.615128279E+00
    0.959801137E+00    0.615130723E+00
    0.965082586E+00    0.640551388E+00
    0.965083122E+00    0.640553951E+00
    0.970147908E+00    0.667024612E+00
    0.970148444E+00    0.667027235E+00
    0.974961340E+00    0.694591165E+00
    0.974961817E+00    0.694593906E+00
    0.979484975E+00    0.723296225E+00
    0.979485452E+00    0.723299086E+00
    0.983679354E+00    0.753186882E+00
    0.983679831E+00    0.753189862E+00
    0.987503111E+00    0.784312069E+00
    0.987503529E+00    0.784315169E+00
    0.990913153E+00    0.816722810E+00
    0.990913570E+00    0.816726029E+00
    0.993865073E+00    0.850472093E+00
    0.993865371E+00    0.850475490E+00
    0.996312022E+00    0.885615289E+00
    0.996312261E+00    0.885618806E+00
    0.998204410E+00    0.922210038E+00
    0.998204589E+00    0.922213674E+00
    0.999471605E+00    0.960316122E+00
    0.999471664E+00    0.960319936E+00
    0.999999762E+00    0.999996006E+00
    0.999999762E+00    0.100000000E+01
zone, t="FUN3D, Grid 4, vert50"
    0.000000000E+00    0.000000000E+00
    0.443157647E-02    0.355898228E-04
    0.443203235E-02    0.355933807E-04
    0.923775509E-02    0.741837212E-04
    0.923824962E-02    0.741875774E-04
    0.144498078E-01    0.116031435E-03
    0.144503433E-01    0.116035619E-03
    0.201021284E-01    0.161407297E-03
    0.201027077E-01    0.161411837E-03
    0.262320414E-01    0.210608676E-03
    0.262326710E-01    0.210613594E-03
    0.328800492E-01    0.263958267E-03
    0.328807309E-01    0.263963593E-03
    0.400900543E-01    0.321805623E-03
    0.400907919E-01    0.321811414E-03
    0.479096361E-01    0.384530140E-03
    0.479104407E-01    0.384536397E-03
    0.563902594E-01    0.452542794E-03
    0.563911386E-01    0.452549604E-03
    0.655873492E-01    0.526289397E-03
    0.655882955E-01    0.526296790E-03
    0.755604431E-01    0.606253627E-03
    0.755614713E-01    0.606261601E-03
    0.863729045E-01    0.692959526E-03
    0.863740146E-01    0.692968199E-03
    0.980915278E-01    0.786975550E-03
    0.980927274E-01    0.786984980E-03
    0.110785149E+00    0.888918003E-03
    0.110786453E+00    0.888928189E-03
    0.124522902E+00    0.999454991E-03
    0.124524318E+00    0.999466050E-03
    0.139370352E+00    0.111931120E-02
    0.139371872E+00    0.111932319E-02
    0.155383885E+00    0.124927238E-02
    0.155385539E+00    0.124928542E-02
    0.172601819E+00    0.139019056E-02
    0.172603607E+00    0.139020465E-02
    0.191031382E+00    0.154298917E-02
    0.191033274E+00    0.154300442E-02
    0.210630670E+00    0.170867005E-02
    0.210632682E+00    0.170868659E-02
    0.231286913E+00    0.188831950E-02
    0.231289029E+00    0.188833743E-02
    0.252792925E+00    0.208311435E-02
    0.252795130E+00    0.208313391E-02
    0.274830759E+00    0.229433272E-02
    0.274833023E+00    0.229435391E-02
    0.296974510E+00    0.252335914E-02
    0.296976775E+00    0.252338196E-02
    0.318724871E+00    0.277169305E-02
    0.318727076E+00    0.277171796E-02
    0.339578569E+00    0.304096495E-02
    0.339580685E+00    0.304099196E-02
    0.359115511E+00    0.333293900E-02
    0.359117478E+00    0.333296810E-02
    0.377068073E+00    0.364952837E-02
    0.377069861E+00    0.364956004E-02
    0.393344730E+00    0.399280945E-02
    0.393346399E+00    0.399284391E-02
    0.408005387E+00    0.436503254E-02
    0.408006847E+00    0.436506979E-02
    0.421210796E+00    0.476863561E-02
    0.421212166E+00    0.476867613E-02
    0.433168560E+00    0.520626828E-02
    0.433169752E+00    0.520631205E-02
    0.444093674E+00    0.568079436E-02
    0.444094777E+00    0.568084186E-02
    0.454185337E+00    0.619532866E-02
    0.454186350E+00    0.619537989E-02
    0.463616043E+00    0.675324397E-02
    0.463616997E+00    0.675329985E-02
    0.472529501E+00    0.735819526E-02
    0.472530395E+00    0.735825580E-02
    0.481041610E+00    0.801414903E-02
    0.481042474E+00    0.801421422E-02
    0.489245206E+00    0.872540753E-02
    0.489246041E+00    0.872547831E-02
    0.497213453E+00    0.949662831E-02
    0.497214228E+00    0.949670561E-02
    0.505003452E+00    0.103328703E-01
    0.505004227E+00    0.103329541E-01
    0.512659848E+00    0.112396181E-01
    0.512660563E+00    0.112397084E-01
    0.520217478E+00    0.122228097E-01
    0.520218253E+00    0.122229084E-01
    0.527704000E+00    0.132888937E-01
    0.527704716E+00    0.132889999E-01
    0.535140216E+00    0.144448569E-01
    0.535140991E+00    0.144449724E-01
    0.542543292E+00    0.156982783E-01
    0.542544067E+00    0.156984031E-01
    0.549927056E+00    0.170573760E-01
    0.549927771E+00    0.170575120E-01
    0.557302117E+00    0.185310561E-01
    0.557302892E+00    0.185312033E-01
    0.564677536E+00    0.201289803E-01
    0.564678311E+00    0.201291405E-01
    0.572061598E+00    0.218616277E-01
    0.572062373E+00    0.218618009E-01
    0.579460979E+00    0.237403512E-01
    0.579461753E+00    0.237405393E-01
    0.586881697E+00    0.257774573E-01
    0.586882412E+00    0.257776603E-01
    0.594329596E+00    0.279863179E-01
    0.594330311E+00    0.279865395E-01
    0.601810038E+00    0.303814001E-01
    0.601810813E+00    0.303816404E-01
    0.609328449E+00    0.329784192E-01
    0.609329164E+00    0.329786800E-01
    0.616890311E+00    0.357943960E-01
    0.616891086E+00    0.357946791E-01
    0.624501169E+00    0.388477743E-01
    0.624501944E+00    0.388480797E-01
    0.632167160E+00    0.421585701E-01
    0.632167935E+00    0.421589017E-01
    0.639894247E+00    0.457485020E-01
    0.639895022E+00    0.457488596E-01
    0.647688627E+00    0.496410914E-01
    0.647689342E+00    0.496414788E-01
    0.655556977E+00    0.538618788E-01
    0.655557811E+00    0.538622998E-01
    0.663506627E+00    0.584385023E-01
    0.663507342E+00    0.584389605E-01
    0.671545148E+00    0.634009615E-01
    0.671545982E+00    0.634014607E-01
    0.679680288E+00    0.687818229E-01
    0.679681063E+00    0.687823594E-01
    0.687920451E+00    0.746163353E-01
    0.687921226E+00    0.746169165E-01
    0.696273863E+00    0.809427500E-01
    0.696274638E+00    0.809433833E-01
    0.704750001E+00    0.878025144E-01
    0.704750836E+00    0.878031999E-01
    0.713357747E+00    0.952406377E-01
    0.713358641E+00    0.952413827E-01
    0.722107232E+00    0.103305854E+00
    0.722108066E+00    0.103306659E+00
    0.731007576E+00    0.112051047E+00
    0.731008470E+00    0.112051919E+00
    0.740068793E+00    0.121533535E+00
    0.740069687E+00    0.121534482E+00
    0.749301612E+00    0.131815478E+00
    0.749302506E+00    0.131816506E+00
    0.758715212E+00    0.142964289E+00
    0.758716166E+00    0.142965406E+00
    0.768320382E+00    0.155053034E+00
    0.768321335E+00    0.155054241E+00
    0.778126657E+00    0.168160945E+00
    0.778127611E+00    0.168162256E+00
    0.788142979E+00    0.182374000E+00
    0.788143933E+00    0.182375416E+00
    0.798378408E+00    0.197785348E+00
    0.798379421E+00    0.197786883E+00
    0.808840692E+00    0.214495927E+00
    0.808841586E+00    0.214497596E+00
    0.819534540E+00    0.232615381E+00
    0.819535553E+00    0.232617199E+00
    0.830464423E+00    0.252262622E+00
    0.830465555E+00    0.252264589E+00
    0.841629565E+00    0.273566097E+00
    0.841630578E+00    0.273568213E+00
    0.853025496E+00    0.296665877E+00
    0.853026628E+00    0.296668202E+00
    0.864640951E+00    0.321712911E+00
    0.864642084E+00    0.321715415E+00
    0.876456022E+00    0.348871678E+00
    0.876457095E+00    0.348874390E+00
    0.888437748E+00    0.378320247E+00
    0.888438940E+00    0.378323197E+00
    0.900540292E+00    0.410251617E+00
    0.900541484E+00    0.410254806E+00
    0.912697673E+00    0.444875151E+00
    0.912698805E+00    0.444878608E+00
    0.924818873E+00    0.482417643E+00
    0.924820065E+00    0.482421398E+00
    0.936785460E+00    0.523125172E+00
    0.936786592E+00    0.523129225E+00
    0.948442876E+00    0.567264795E+00
    0.948443949E+00    0.567269206E+00
    0.959597230E+00    0.615125835E+00
    0.959598362E+00    0.615130603E+00
    0.970012367E+00    0.667021990E+00
    0.970013320E+00    0.667027175E+00
    0.979410112E+00    0.723293602E+00
    0.979411066E+00    0.723299205E+00
    0.987475872E+00    0.784309149E+00
    0.987476647E+00    0.784315229E+00
    0.993873417E+00    0.850468755E+00
    0.993873954E+00    0.850475371E+00
    0.998216331E+00    0.922206461E+00
    0.998216748E+00    0.922213614E+00
    0.999999821E+00    0.999992251E+00
    0.100000000E+01    0.100000000E+01
